6.82166508e-03  1.00947862e+08 6.82166508e-03 
2.92888049e-02  1.00947860e+09 2.92888049e-02 
1.25751425e-01  1.00947860e+10 1.25751425e-01 
5.39913512e-01  1.00947866e+11 5.39913512e-01 
2.59890375e+00  1.20938350e+12 2.59890375e+00 
1.22372609e+01  1.39928062e+13 1.22372609e+01 
5.94095913e+01  1.69913806e+14 5.94095913e+01 
5.55759718e+02  5.81700740e+15 5.55759718e+02 
5.04485487e+03  1.89897153e+17 5.04485487e+03 
6.09470431e+04  9.73897479e+18 6.09470431e+04 
1.70856811e+05  4.96545464e+19 1.70856811e+05 
4.66680238e+05  2.42973973e+20 4.66680238e+05 
1.24839546e+06  1.15040925e+21 1.24839546e+06 
3.26789221e+06  5.26336394e+21 3.26789221e+06 
8.34757606e+06  2.31679512e+22 8.34757606e+06 
2.07257471e+07  9.75005502e+22 2.07257471e+07 
4.99030367e+07  3.90892180e+23 4.99030367e+07 
6.01902417e+07  5.25639425e+23 6.01902417e+07 
1.13604653e+08  1.43427209e+24 1.13604653e+08 
2.11545947e+08  3.83100416e+24 2.11545947e+08 
3.89578305e+08  1.00549336e+25 3.89578305e+08 
7.11176672e+08  2.60273097e+25 7.11176672e+08 
1.29037303e+09  6.67267005e+25 1.29037303e+09 
1.52997879e+09  8.73355286e+25 1.52997879e+09 
2.26916885e+09  1.62817230e+26 2.26916885e+09 
3.35999118e+09  3.02752455e+26 3.35999118e+09 
4.08768461e+09  4.12694767e+26 4.08768461e+09 
4.63494223e+09  5.03336444e+26 4.63494223e+09 
5.63635102e+09  6.85656302e+26 5.63635102e+09 
8.33086657e+09  1.27134227e+27 8.33086657e+09 
1.23053916e+10  2.35486031e+27 1.23053916e+10 
1.81707884e+10  4.35980669e+27 1.81707884e+10 
2.14316303e+10  5.65902779e+27 2.14316303e+10 
2.60390697e+10  7.69810749e+27 2.60390697e+10 
3.16424002e+10  1.04747238e+28 3.16424002e+10 
3.84341107e+10  1.42426438e+28 3.84341107e+10 
4.66903380e+10  1.93703660e+28 4.66903380e+10 
5.48955685e+10  2.50175991e+28 5.48955685e+10 
6.66857407e+10  3.40227918e+28 6.66857407e+10 
8.09926777e+10  4.62554851e+28 8.09926777e+10 
9.49429809e+10  5.94603582e+28 9.49429809e+10 
1.15320769e+11  8.08483584e+28 1.15320769e+11 
1.40083932e+11  1.09944113e+29 1.40083932e+11 
1.70101215e+11  1.49422922e+29 1.70101215e+11 
2.06624859e+11  2.03193161e+29 2.06624859e+11 
2.41260180e+11  2.59576144e+29 2.41260180e+11 
2.58249053e+11  2.89045389e+29 2.58249053e+11 
2.80205343e+11  3.28826213e+29 2.80205343e+11 
3.40333304e+11  4.47078556e+29 3.40333304e+11 
4.01845345e+11  5.81307565e+29 4.01845345e+11 
4.84059270e+11  7.80104443e+29 4.84059270e+11 
4.85349451e+11  7.83392705e+29 4.85349451e+11 
4.87385854e+11  7.88593174e+29 4.87385854e+11 
5.05257437e+11  8.34771856e+29 5.05257437e+11 
5.07409418e+11  8.40397282e+29 5.07409418e+11 
5.33364214e+11  9.09329557e+29 5.33364214e+11 
5.60172280e+11  9.82600683e+29 5.60172280e+11 
5.95549844e+11  1.08244586e+30 5.95549844e+11 
6.41508313e+11  1.21737183e+30 6.41508313e+11 
7.00291883e+11  1.39827991e+30 7.00291883e+11 
2.81426738e+12  1.25950947e+31 2.81426738e+12 
4.44528307e+12  2.59379048e+31 4.44528307e+12 
6.47077099e+12  4.69467030e+31 6.47077099e+12 
8.51885255e+12  7.24980903e+31 8.51885255e+12 
1.05589312e+13  1.01781131e+32 1.05589312e+13 
1.25939678e+13  1.34469487e+32 1.25939678e+13 
1.46315354e+13  1.70428099e+32 1.46315354e+13 
1.66794676e+13  2.09626038e+32 1.66794676e+13 
1.87449236e+13  2.52096177e+32 1.87449236e+13 
2.08342227e+13  2.97913144e+32 2.08342227e+13 
2.29528851e+13  3.47180199e+32 2.29528851e+13 
2.51057253e+13  4.00020966e+32 2.51057253e+13 
2.72969525e+13  4.56574067e+32 2.72969525e+13 
2.95302623e+13  5.16989519e+32 2.95302623e+13 
3.18089151e+13  5.81426288e+32 3.18089151e+13 
3.41016918e+13  6.49024343e+32 3.41016918e+13 
3.63673846e+13  7.18467421e+32 3.63673846e+13 
3.89897789e+13  8.02032171e+32 3.89897789e+13 
4.17347825e+13  8.93066995e+32 4.17347825e+13 
4.46109386e+13  9.92250991e+32 4.46109386e+13 
4.76229713e+13  1.10017390e+33 4.76229713e+13 
5.07762112e+13  1.21747908e+33 5.07762112e+13 
5.40751024e+13  1.34480989e+33 5.40751024e+13 
5.75228969e+13  1.48279180e+33 5.75228969e+13 
6.11222691e+13  1.63205031e+33 6.11222691e+13 
6.48745857e+13  1.79317516e+33 6.48745857e+13 
6.87836780e+13  1.96688119e+33 6.87836780e+13 
7.28512316e+13  2.15381174e+33 7.28512316e+13 
7.70763812e+13  2.35450296e+33 7.70763812e+13 
8.14618485e+13  2.56966969e+33 8.14618485e+13 
8.60099216e+13  2.80002675e+33 8.60099216e+13 
9.07157807e+13  3.04593158e+33 9.07157807e+13 
9.55816257e+13  3.30809900e+33 9.55816257e+13 
1.00612497e+14  3.58742258e+33 1.00612497e+14 
1.05803539e+14  3.88425973e+33 1.05803539e+14 
1.11156357e+14  4.19932529e+33 1.11156357e+14 
1.16672316e+14  4.53333409e+33 1.16672316e+14 
1.22349739e+14  4.88682228e+33 1.22349739e+14 
1.28187069e+14  5.26032598e+33 1.28187069e+14 
1.34188229e+14  5.65473873e+33 1.34188229e+14 
1.40348843e+14  6.07041797e+33 1.40348843e+14 
1.46672576e+14  6.50825723e+33 1.46672576e+14 
1.53155229e+14  6.96861393e+33 1.53155229e+14 
1.59800246e+14  7.45238164e+33 1.59800246e+14 
1.66603601e+14  7.95991776e+33 1.66603601e+14 
1.73568544e+14  8.49211585e+33 1.73568544e+14 
1.80693473e+14  9.04951204e+33 1.80693473e+14 
1.87979107e+14  9.63282116e+33 1.87979107e+14 
1.95421751e+14  1.02424006e+34 1.95421751e+14 
2.03024339e+14  1.08791440e+34 2.03024339e+14 
2.18533702e+14  1.22212554e+34 2.18533702e+14 
2.34821759e+14  1.36915018e+34 2.34821759e+14 
2.51883199e+14  1.52963167e+34 2.51883199e+14 
2.69743206e+14  1.70451718e+34 2.69743206e+14 
2.88536073e+14  1.89593335e+34 2.88536073e+14 
3.08135105e+14  2.10341555e+34 3.08135105e+14 
3.28713605e+14  2.32966229e+34 3.28713605e+14 
3.50079439e+14  2.57342259e+34 3.50079439e+14 
3.72289146e+14  2.83612615e+34 3.72289146e+14 
3.95534447e+14  3.12098974e+34 3.95534447e+14 
4.19606782e+14  3.42640496e+34 4.19606782e+14 
4.44685809e+14  3.75558860e+34 4.44685809e+14 
4.70694334e+14  4.10854066e+34 4.70694334e+14 
4.97564251e+14  4.48526113e+34 4.97564251e+14 
5.25332670e+14  4.88717970e+34 5.25332670e+14 
5.54055423e+14  5.31608347e+34 5.54055423e+14 
5.83769878e+14  5.77358082e+34 5.83769878e+14 
6.14297684e+14  6.25788465e+34 6.14297684e+14 
6.45685314e+14  6.77060336e+34 6.45685314e+14 
6.78068197e+14  7.31495373e+34 6.78068197e+14 
7.11301587e+14  7.88950606e+34 7.11301587e+14 
7.45503959e+14  8.49729844e+34 7.45503959e+14 
7.80529928e+14  9.13672247e+34 7.80529928e+14 
8.16493505e+14  9.81081622e+34 8.16493505e+14 
8.53276841e+14  1.05183287e+35 8.53276841e+14 
8.90979293e+14  1.12621193e+35 8.90979293e+14 
9.29559479e+14  1.20423668e+35 9.29559479e+14 
9.68971217e+14  1.28590710e+35 9.68971217e+14 
1.00931397e+15  1.37152702e+35 1.00931397e+15 
1.09254883e+15  1.55449022e+35 1.09254883e+15 
1.17912428e+15  1.75357305e+35 1.17912428e+15 
1.26942451e+15  1.97045538e+35 1.26942451e+15 
1.36288893e+15  2.20456536e+35 1.36288893e+15 
1.45996943e+15  2.45779729e+35 1.45996943e+15 
1.56036309e+15  2.73015118e+35 1.56036309e+15 
1.66368511e+15  3.02126961e+35 1.66368511e+15 
1.77092528e+15  3.33472678e+35 1.77092528e+15 
1.88113850e+15  3.66855688e+35 1.88113850e+15 
1.99473749e+15  4.02472571e+35 1.99473749e+15 
2.11137554e+15  4.40287587e+35 2.11137554e+15 
2.23143138e+15  4.80497315e+35 2.23143138e+15 
2.35503279e+15  5.23226852e+35 2.35503279e+15 
2.48155055e+15  5.68333232e+35 2.48155055e+15 
2.61124278e+15  6.15977292e+35 2.61124278e+15 
2.74387187e+15  6.66141161e+35 2.74387187e+15 
2.87972399e+15  7.19003550e+35 2.87972399e+15 
3.01896570e+15  7.74707427e+35 3.01896570e+15 
3.16105879e+15  8.33109823e+35 3.16105879e+15 
3.30618861e+15  8.94353707e+35 3.30618861e+15 
3.45460291e+15  9.58617788e+35 3.45460291e+15 
3.60608726e+15  1.02588419e+36 3.60608726e+15 
3.76048613e+15  1.09615293e+36 3.76048613e+15 
3.91765805e+15  1.16942399e+36 3.91765805e+15 
4.07814041e+15  1.24601905e+36 4.07814041e+15 
4.24148115e+15  1.32579515e+36 4.24148115e+15 
4.40779834e+15  1.40887739e+36 4.40779834e+15 
4.57699171e+15  1.49528362e+36 4.57699171e+15 
4.75045995e+15  1.58581806e+36 4.75045995e+15 
4.92268376e+15  1.67762134e+36 4.92268376e+15 
5.10295908e+15  1.77573307e+36 5.10295908e+15 
5.28235159e+15  1.87538172e+36 5.28235159e+15 
5.46683570e+15  1.97992701e+36 5.46683570e+15 
5.65298306e+15  2.08751037e+36 5.65298306e+15 
5.84375335e+15  2.19991890e+36 5.84375335e+15 
6.03333535e+15  2.31375711e+36 6.03333535e+15 
6.23023642e+15  2.43420758e+36 6.23023642e+15 
6.42813934e+15  2.55751741e+36 6.42813934e+15 
6.62787467e+15  2.68422273e+36 6.62787467e+15 
6.83131256e+15  2.81557451e+36 6.83131256e+15 
7.03830728e+15  2.95157275e+36 7.03830728e+15 
7.24686663e+15  3.09096647e+36 7.24686663e+15 
7.45878064e+15  3.23500665e+36 7.45878064e+15 
7.67161845e+15  3.38208490e+36 7.67161845e+15 
7.89017193e+15  3.53559671e+36 7.89017193e+15 
8.10973906e+15  3.69232529e+36 8.10973906e+15 
8.33031192e+15  3.85227066e+36 8.33031192e+15 
8.55573552e+15  4.01829216e+36 8.55573552e+15 
8.78440507e+15  4.18931753e+36 8.78440507e+15 
9.01364326e+15  4.36338098e+36 9.01364326e+15 
9.24783506e+15  4.54387798e+36 9.24783506e+15 
9.48249146e+15  4.72741305e+36 9.48249146e+15 
9.71986402e+15  4.91577329e+36 9.71986402e+15 
9.96163652e+15  5.11038837e+36 9.96163652e+15 
1.02039643e+16  5.30822023e+36 1.02039643e+16 
1.04487879e+16  5.51087726e+36 1.04487879e+16 
1.06977313e+16  5.71978914e+36 1.06977313e+16 
1.09487841e+16  5.93334747e+36 1.09487841e+16 
1.12002474e+16  6.15012258e+36 1.12002474e+16 
1.14576250e+16  6.37493964e+36 1.14576250e+16 
1.17151017e+16  6.60279476e+36 1.17151017e+16 
1.19746855e+16  6.83547506e+36 1.19746855e+16 
1.22378925e+16  7.07441020e+36 1.22378925e+16 
1.25030720e+16  7.31817050e+36 1.25030720e+16 
1.27701811e+16  7.56675598e+36 1.27701811e+16 
1.30388013e+16  7.81980920e+36 1.30388013e+16 
1.33111428e+16  8.07947469e+36 1.33111428e+16 
1.35834191e+16  8.34217824e+36 1.35834191e+16 
1.38589358e+16  8.61113665e+36 1.38589358e+16 
1.41377880e+16  8.88652861e+36 1.41377880e+16 
1.44166867e+16  9.16513735e+36 1.44166867e+16 
1.46986464e+16  9.45000093e+36 1.46986464e+16 
1.49821992e+16  9.73968968e+36 1.49821992e+16 
