7.2542660299149050e+14 9.601000000e-04 1.185783800e+06 1.922846651e+33 2.047519685e+33 8.222896593e+44 8.957017554e-02 1.466859758e+00
7.2342660299149050e+14 1.060100000e-03 1.186631251e+06 1.908650898e+33 2.031222023e+33 8.124371277e+44 8.830350088e-02 1.463653102e+00
7.2142660299149050e+14 1.154100000e-03 1.187698109e+06 1.894497703e+33 2.014993748e+33 8.026643741e+44 8.705089041e-02 1.460458525e+00
7.1942660299149050e+14 1.243600000e-03 1.187430432e+06 1.880377667e+33 1.998821684e+33 7.929626787e+44 8.581128281e-02 1.457275437e+00
7.1742660299149050e+14 1.329400000e-03 1.177541527e+06 1.866300227e+33 1.982713244e+33 7.833391012e+44 8.458534993e-02 1.454103577e+00
7.1542660299149050e+14 1.412200000e-03 1.181917213e+06 1.852275922e+33 1.966681053e+33 7.738029845e+44 8.337411983e-02 1.450944697e+00
7.1342660299149050e+14 1.492700000e-03 1.180132417e+06 1.838280210e+33 1.950700036e+33 7.643326922e+44 8.217504533e-02 1.447796473e+00
7.1142660299149050e+14 1.571100000e-03 1.177666736e+06 1.824341049e+33 1.934798574e+33 7.549515813e+44 8.099069263e-02 1.444661209e+00
7.0942660299149050e+14 1.647900000e-03 1.171678765e+06 1.810438125e+33 1.918956322e+33 7.456419757e+44 7.981900045e-02 1.441537465e+00
7.0742660299149050e+14 1.723300000e-03 1.175585723e+06 1.796567719e+33 1.903166087e+33 7.363992717e+44 7.865935613e-02 1.438424378e+00
7.0542660299149050e+14 1.799300000e-03 1.178849641e+06 1.782403957e+33 1.887059331e+33 7.270144472e+44 7.748525437e-02 1.435244924e+00
7.0342660299149050e+14 1.874200000e-03 1.169635890e+06 1.768286980e+33 1.871020296e+33 7.177105041e+44 7.632481809e-02 1.432077341e+00
7.0142660299149050e+14 1.948200000e-03 1.174827657e+06 1.754217931e+33 1.855053646e+33 7.084873384e+44 7.517801858e-02 1.428922845e+00
6.9942660299149050e+14 2.021400000e-03 1.165528058e+06 1.740203053e+33 1.839164894e+33 6.993503387e+44 7.404536370e-02 1.425781840e+00
6.9742660299149050e+14 2.093800000e-03 1.166058052e+06 1.726252065e+33 1.823365920e+33 6.903031142e+44 7.292719705e-02 1.422655303e+00
6.9542660299149050e+14 2.165700000e-03 1.166491436e+06 1.712342113e+33 1.807632667e+33 6.813302843e+44 7.182170731e-02 1.419541290e+00
6.9342660299149050e+14 2.236900000e-03 1.160625985e+06 1.698514197e+33 1.792001857e+33 6.724623638e+44 7.073216167e-02 1.416442489e+00
6.9142660299149050e+14 2.307800000e-03 1.167033857e+06 1.684724222e+33 1.776433197e+33 6.636651798e+44 6.965473185e-02 1.413356075e+00
6.8942660299149050e+14 2.378200000e-03 1.165977144e+06 1.671008181e+33 1.760965421e+33 6.549642474e+44 6.859215489e-02 1.410284883e+00
6.8742660299149050e+14 2.448300000e-03 1.171526169e+06 1.657355048e+33 1.745581984e+33 6.463529058e+44 6.754360511e-02 1.407228199e+00
6.8542660299149050e+14 2.518100000e-03 1.166393183e+06 1.643753324e+33 1.730273787e+33 6.378180731e+44 6.650754701e-02 1.404184280e+00
6.8342660299149050e+14 2.587600000e-03 1.160244226e+06 1.630230520e+33 1.715067649e+33 6.293835871e+44 6.548651893e-02 1.401155996e+00
6.8142660299149050e+14 2.656900000e-03 1.154157415e+06 1.616768021e+33 1.699945955e+33 6.210327091e+44 6.447860665e-02 1.398141630e+00
6.7942660299149050e+14 2.726000000e-03 1.158909308e+06 1.603373805e+33 1.684916800e+33 6.127703668e+44 6.348427735e-02 1.395142032e+00
6.7742660299149050e+14 2.794900000e-03 1.160344169e+06 1.590059558e+33 1.669988809e+33 6.046065071e+44 6.250451246e-02 1.392158081e+00
6.7542660299149050e+14 2.863700000e-03 1.157795956e+06 1.576807453e+33 1.655149960e+33 5.965250801e+44 6.153749421e-02 1.389188239e+00
6.7342660299149050e+14 2.932400000e-03 1.159333685e+06 1.563628430e+33 1.640405296e+33 5.885348888e+44 6.058409435e-02 1.386233547e+00
6.7142660299149050e+14 3.001000000e-03 1.160231892e+06 1.550517228e+33 1.625750238e+33 5.806302822e+44 5.964360386e-02 1.383293042e+00
6.6942660299149050e+14 3.069500000e-03 1.157127710e+06 1.537492262e+33 1.611206178e+33 5.728251999e+44 5.871747172e-02 1.380369103e+00
6.6742660299149050e+14 3.137900000e-03 1.152228099e+06 1.524549468e+33 1.596768772e+33 5.651145138e+44 5.780505239e-02 1.377461076e+00
6.6542660299149050e+14 3.206200000e-03 1.147462001e+06 1.511696914e+33 1.582446455e+33 5.575037910e+44 5.690686679e-02 1.374569957e+00
6.6342660299149050e+14 3.274500000e-03 1.152115439e+06 1.498917332e+33 1.568218834e+33 5.499797536e+44 5.602138612e-02 1.371693706e+00
6.6142660299149050e+14 3.342700000e-03 1.153988327e+06 1.486233074e+33 1.554111633e+33 5.425571744e+44 5.515013013e-02 1.368834771e+00
6.5942660299149050e+14 3.410900000e-03 1.159920945e+06 1.473629640e+33 1.540107267e+33 5.352255452e+44 5.429187429e-02 1.365991508e+00
6.5742660299149050e+14 3.479000000e-03 1.150574873e+06 1.461125779e+33 1.526226726e+33 5.279962356e+44 5.344776614e-02 1.363165952e+00
6.5542660299149050e+14 3.547000000e-03 1.151161386e+06 1.448728964e+33 1.512476414e+33 5.208741380e+44 5.261823844e-02 1.360358917e+00
6.5342660299149050e+14 3.614900000e-03 1.140671929e+06 1.436436431e+33 1.498854994e+33 5.138553358e+44 5.180279165e-02 1.357570186e+00
6.5142660299149050e+14 3.682600000e-03 1.150290715e+06 1.424282630e+33 1.485401366e+33 5.069638330e+44 5.100387958e-02 1.354803256e+00
6.4942660299149050e+14 3.750200000e-03 1.151876034e+06 1.412239052e+33 1.472081349e+33 5.001780346e+44 5.021911689e-02 1.352055295e+00
6.4742660299149050e+14 3.817500000e-03 1.150185521e+06 1.400350973e+33 1.458946663e+33 4.935265950e+44 4.945146723e-02 1.349331375e+00
6.4542660299149050e+14 3.884600000e-03 1.150043571e+06 1.388594355e+33 1.445967767e+33 4.869926502e+44 4.869901217e-02 1.346628318e+00
6.4342660299149050e+14 3.951200000e-03 1.153599402e+06 1.377036721e+33 1.433219096e+33 4.806196949e+44 4.796627429e-02 1.343954052e+00
6.4142660299149050e+14 4.017100000e-03 1.151704551e+06 1.365723730e+33 1.420753846e+33 4.744362681e+44 4.725614784e-02 1.341313925e+00
7.2742660299149050e+14 8.520000000e-04 1.190480053e+06 1.937075376e+33 2.063864566e+33 8.322140320e+44 9.085007035e-02 1.470077503e+00
7.2942660299149050e+14 7.320000000e-04 1.194248686e+06 1.951341851e+33 2.080274587e+33 8.422129913e+44 9.214358927e-02 1.473306778e+00
7.3142660299149050e+14 5.929000000e-04 1.192702213e+06 1.965653499e+33 2.096749628e+33 8.522969871e+44 9.345198904e-02 1.476548082e+00
7.3342660299149050e+14 4.160000000e-04 1.192664555e+06 1.979996729e+33 2.113283159e+33 8.624517596e+44 9.477378112e-02 1.479801260e+00
7.3542660299149050e+14 1.060000000e-05 1.197863202e+06 1.994378939e+33 2.129880238e+33 8.726867978e+44 9.610999977e-02 1.483064940e+00
