7.3226078399246700e+14 1.117500000e-03 1.142032593e+06 1.740615703e+33 1.865433604e+33 6.712516631e+44 7.135129768e-02 1.431418082e+00
7.3026078399246700e+14 1.225200000e-03 1.140679295e+06 1.724651037e+33 1.847070510e+33 6.612120670e+44 7.011006291e-02 1.427873007e+00
7.2826078399246700e+14 1.327500000e-03 1.135217069e+06 1.708711964e+33 1.828760259e+33 6.512512266e+44 6.888287544e-02 1.424336854e+00
7.2626078399246700e+14 1.425200000e-03 1.134490844e+06 1.692857683e+33 1.810566078e+33 6.414079256e+44 6.767422288e-02 1.420819645e+00
7.2426078399246700e+14 1.519300000e-03 1.133795632e+06 1.677083692e+33 1.792487153e+33 6.316777204e+44 6.648350720e-02 1.417321451e+00
7.2226078399246700e+14 1.610500000e-03 1.133707875e+06 1.661382582e+33 1.774512844e+33 6.220535949e+44 6.530981247e-02 1.413841191e+00
7.2026078399246700e+14 1.699300000e-03 1.131381005e+06 1.645763038e+33 1.756651312e+33 6.125421132e+44 6.415375451e-02 1.410379943e+00
7.1826078399246700e+14 1.786100000e-03 1.130586483e+06 1.630219996e+33 1.738900801e+33 6.031381466e+44 6.301463623e-02 1.406936946e+00
7.1626078399246700e+14 1.871100000e-03 1.121876529e+06 1.614772097e+33 1.721276145e+33 5.938547017e+44 6.189376714e-02 1.403513890e+00
7.1426078399246700e+14 1.954700000e-03 1.127097173e+06 1.599399856e+33 1.703762700e+33 5.846760258e+44 6.078930091e-02 1.400109042e+00
7.1226078399246700e+14 2.037000000e-03 1.131425321e+06 1.584114502e+33 1.686367051e+33 5.756093352e+44 5.970188071e-02 1.396722668e+00
7.1026078399246700e+14 2.118400000e-03 1.123771379e+06 1.568886361e+33 1.669054543e+33 5.666361779e+44 5.862925461e-02 1.393349516e+00
7.0826078399246700e+14 2.198800000e-03 1.123290553e+06 1.553754371e+33 1.651872888e+33 5.577799875e+44 5.757402007e-02 1.389996237e+00
7.0626078399246700e+14 2.278400000e-03 1.133972838e+06 1.538710299e+33 1.634812046e+33 5.490334025e+44 5.653527050e-02 1.386662289e+00
7.0426078399246700e+14 2.357300000e-03 1.121950145e+06 1.523754072e+33 1.617862741e+33 5.403957463e+44 5.551281023e-02 1.383347499e+00
7.0226078399246700e+14 2.435500000e-03 1.113267078e+06 1.508900202e+33 1.601057926e+33 5.318757143e+44 5.450745425e-02 1.380052906e+00
7.0026078399246700e+14 2.513100000e-03 1.119261675e+06 1.494150498e+33 1.584385108e+33 5.234737361e+44 5.351914827e-02 1.376779193e+00
6.9826078399246700e+14 2.590300000e-03 1.115378605e+06 1.479482395e+33 1.567826812e+33 5.151732939e+44 5.254598062e-02 1.373523700e+00
6.9626078399246700e+14 2.667000000e-03 1.102145206e+06 1.464928465e+33 1.551412049e+33 5.069956988e+44 5.159015076e-02 1.370290099e+00
6.9426078399246700e+14 2.743300000e-03 1.116298252e+06 1.450474092e+33 1.535128292e+33 4.989291194e+44 5.065025693e-02 1.367076440e+00
6.9226078399246700e+14 2.819400000e-03 1.119596166e+06 1.436093711e+33 1.518947068e+33 4.909576828e+44 4.972439483e-02 1.363877747e+00
6.9026078399246700e+14 2.895100000e-03 1.111509334e+06 1.421836114e+33 1.502921054e+33 4.831117295e+44 4.881579079e-02 1.360701128e+00
6.8826078399246700e+14 2.970600000e-03 1.119043386e+06 1.407673184e+33 1.487021090e+33 4.753709404e+44 4.792217452e-02 1.357543906e+00
6.8626078399246700e+14 3.045800000e-03 1.112838131e+06 1.393624401e+33 1.471263141e+33 4.677459496e+44 4.704458242e-02 1.354408218e+00
6.8426078399246700e+14 3.120700000e-03 1.109382717e+06 1.379702443e+33 1.455662924e+33 4.602449166e+44 4.618375911e-02 1.351295332e+00
6.8226078399246700e+14 3.195300000e-03 1.108166067e+06 1.365912910e+33 1.440232091e+33 4.528697531e+44 4.533979553e-02 1.348205951e+00
6.8026078399246700e+14 3.269700000e-03 1.109231264e+06 1.352238785e+33 1.424944351e+33 4.456075342e+44 4.451121020e-02 1.345138103e+00
6.7826078399246700e+14 3.343900000e-03 1.110818251e+06 1.338685390e+33 1.409808494e+33 4.384611484e+44 4.369819663e-02 1.342092333e+00
6.7626078399246700e+14 3.417700000e-03 1.107842050e+06 1.325300229e+33 1.394874083e+33 4.314586719e+44 4.290360231e-02 1.339073926e+00
6.7426078399246700e+14 3.491500000e-03 1.107557915e+06 1.312006417e+33 1.380059247e+33 4.245538777e+44 4.212231576e-02 1.336070654e+00
6.7226078399246700e+14 3.565100000e-03 1.107772837e+06 1.298851332e+33 1.365413467e+33 4.177745849e+44 4.135718798e-02 1.333088504e+00
6.7026078399246700e+14 3.638300000e-03 1.107548384e+06 1.285875606e+33 1.350984882e+33 4.111413674e+44 4.061036779e-02 1.330135071e+00
6.6826078399246700e+14 3.711000000e-03 1.097856266e+06 1.273101933e+33 1.336790151e+33 4.046658657e+44 3.988294852e-02 1.327213172e+00
6.6626078399246700e+14 3.783300000e-03 1.108346263e+06 1.260499530e+33 1.322804849e+33 3.983272756e+44 3.917261011e-02 1.324318548e+00
6.6426078399246700e+14 3.854700000e-03 1.105154372e+06 1.248182872e+33 1.309144641e+33 3.921922158e+44 3.848616701e-02 1.321465071e+00
7.3426078399246700e+14 1.002500000e-03 1.144804330e+06 1.756603006e+33 1.883846380e+33 6.813710056e+44 7.260661965e-02 1.434969157e+00
7.3626078399246700e+14 8.768000000e-04 1.146809754e+06 1.772662255e+33 1.902364952e+33 6.915999643e+44 7.387991657e-02 1.438538309e+00
7.3826078399246700e+14 7.348000000e-04 1.142670975e+06 1.788792775e+33 1.920983646e+33 7.019385701e+44 7.517130852e-02 1.442125318e+00
7.4026078399246700e+14 5.645000000e-04 1.151972212e+06 1.804988353e+33 1.939704604e+33 7.123843474e+44 7.648066809e-02 1.445730364e+00
7.4226078399246700e+14 3.232000000e-04 1.151496638e+06 1.821253021e+33 1.958523162e+33 7.229393836e+44 7.780829205e-02 1.449352405e+00
