2.0365000000000000e+15 1.090000000e-02 1.140749023e+06 4.893246890e+33 5.987345442e+33 3.199088117e+45 1.233279765e+00 5.191410859e+00
2.0374416437012555e+15 4.346000000e-02 1.140805811e+06 4.887114565e+33 5.977087477e+33 3.192119611e+45 1.228674229e+00 5.183314858e+00
2.0384416437012555e+15 5.968000000e-02 1.140851760e+06 4.881408789e+33 5.967610070e+33 3.185716909e+45 1.224451420e+00 5.175882116e+00
2.0394416437012555e+15 7.114000000e-02 1.140863182e+06 4.876328441e+33 5.959143694e+33 3.180066331e+45 1.220737127e+00 5.169350410e+00
2.0404416437012555e+15 8.011000000e-02 1.141804517e+06 4.871756591e+33 5.951545042e+33 3.175011293e+45 1.217434123e+00 5.163571481e+00
2.0414416437012555e+15 8.749000000e-02 1.140799607e+06 4.867579390e+33 5.944573917e+33 3.170399795e+45 1.214444182e+00 5.158382294e+00
2.0424416437012555e+15 9.375000000e-02 1.140125295e+06 4.863852858e+33 5.938426331e+33 3.166361645e+45 1.211828334e+00 5.153835876e+00
2.0434416437012555e+15 9.917000000e-02 1.139397979e+06 4.860398089e+33 5.932677780e+33 3.162607879e+45 1.209422937e+00 5.149710915e+00
2.0444416437012555e+15 1.039200000e-01 1.141212180e+06 4.857262853e+33 5.927497242e+33 3.159250332e+45 1.207277258e+00 5.146037869e+00
2.0454416437012555e+15 1.081500000e-01 1.142012778e+06 4.854364986e+33 5.922688758e+33 3.156150738e+45 1.205318563e+00 5.142734523e+00
2.0464416437012555e+15 1.119500000e-01 1.141745328e+06 4.851681806e+33 5.918241338e+33 3.153304267e+45 1.203529666e+00 5.139737261e+00
2.0474416437012555e+15 1.153700000e-01 1.142006740e+06 4.849220965e+33 5.914179003e+33 3.150719477e+45 1.201919285e+00 5.137070945e+00
2.0484416437012555e+15 1.184900000e-01 1.140678808e+06 4.846948864e+33 5.910429646e+33 3.148352859e+45 1.200459283e+00 5.134687664e+00
2.0494416437012555e+15 1.213300000e-01 1.140728601e+06 4.844806812e+33 5.906863399e+33 3.146105857e+45 1.199095253e+00 5.132516454e+00
2.0504416437012555e+15 1.239400000e-01 1.142591510e+06 4.842862411e+33 5.903664264e+33 3.144110115e+45 1.197894511e+00 5.130631517e+00
2.0514416437012555e+15 1.263400000e-01 1.141414899e+06 4.841051631e+33 5.900677546e+33 3.142257797e+45 1.196796682e+00 5.128951140e+00
2.0524416437012555e+15 1.285600000e-01 1.140985417e+06 4.839334787e+33 5.897833120e+33 3.140497566e+45 1.195768048e+00 5.127415136e+00
2.0534416437012555e+15 1.306100000e-01 1.140558378e+06 4.837772769e+33 5.895262451e+33 3.138918840e+45 1.194864932e+00 5.126119500e+00
2.0544416437012555e+15 1.325200000e-01 1.142521528e+06 4.836315605e+33 5.892859421e+33 3.137466577e+45 1.194043876e+00 5.124968203e+00
2.0554416437012555e+15 1.342800000e-01 1.142645272e+06 4.834950049e+33 5.890613887e+33 3.136090085e+45 1.193290820e+00 5.123984034e+00
2.0564416437012555e+15 1.359200000e-01 1.141970256e+06 4.833687173e+33 5.888518929e+33 3.134832985e+45 1.192618540e+00 5.123150879e+00
2.0574416437012555e+15 1.374500000e-01 1.142742395e+06 4.832544863e+33 5.886641278e+33 3.133721802e+45 1.192044904e+00 5.122502441e+00
2.0584416437012555e+15 1.388700000e-01 1.142801376e+06 4.831443850e+33 5.884819840e+33 3.132630834e+45 1.191495419e+00 5.121924311e+00
2.0594416437012555e+15 1.402000000e-01 1.143806141e+06 4.830450513e+33 5.883192893e+33 3.131663598e+45 1.191034097e+00 5.121522541e+00
2.0604416437012555e+15 1.414300000e-01 1.143026751e+06 4.829530771e+33 5.881667098e+33 3.130775538e+45 1.190628090e+00 5.121228934e+00
2.0614416437012555e+15 1.425700000e-01 1.141662091e+06 4.828691114e+33 5.880297231e+33 3.129972464e+45 1.190284600e+00 5.121065086e+00
2.0624416437012555e+15 1.436300000e-01 1.141694091e+06 4.827927478e+33 5.879029629e+33 3.129246955e+45 1.190000305e+00 5.121028962e+00
2.0634416437012555e+15 1.446200000e-01 1.143034906e+06 4.827222275e+33 5.877867686e+33 3.128574939e+45 1.189759133e+00 5.121090881e+00
2.0644416437012555e+15 1.455100000e-01 1.142587262e+06 4.826592230e+33 5.876827527e+33 3.127976071e+45 1.189575560e+00 5.121281035e+00
2.0654416437012555e+15 1.463300000e-01 1.142001745e+06 4.826056415e+33 5.875953250e+33 3.127483849e+45 1.189467768e+00 5.121622920e+00
