1.0318500000000000e+15 4.040000000e-03 4.050000000e-03 4.102519733e+33 2.734167948e+45 2.105745806e+00 3.521198437e+01 6.490297777e+01 5.423527230e+01 4.935464000e+01 4.660192261e+01
1.0318500000000000e+15 4.040000000e-03 0.000000000e+00 4.102521153e+33 2.734391196e+45 2.109300957e+00 3.662795323e+01 6.572985240e+01 5.483392711e+01 4.982154979e+01 4.697014594e+01
1.0318357142857142e+15 6.450000000e-03 0.000000000e+00 4.101797967e+33 2.732196813e+45 2.108097538e+00 3.665117122e+01 6.528107332e+01 5.461623853e+01 4.969129453e+01 4.689554220e+01
1.0318214285714286e+15 8.160000000e-03 0.000000000e+00 4.101076456e+33 2.731585693e+45 2.103294150e+00 3.470149906e+01 6.420299237e+01 5.385154561e+01 4.910018340e+01 4.617539706e+01
1.0318071428571429e+15 9.590000000e-03 0.000000000e+00 4.100349622e+33 2.731243058e+45 2.100741750e+00 3.450928115e+01 6.395009441e+01 5.355230391e+01 4.884299956e+01 4.593258878e+01
1.0317928571428571e+15 1.087000000e-02 0.000000000e+00 4.099592868e+33 2.731218759e+45 2.098435635e+00 3.791954489e+01 6.335202522e+01 5.318530957e+01 4.860436097e+01 4.614029118e+01
1.0317785714285714e+15 1.194000000e-02 0.000000000e+00 4.098889212e+33 2.729930674e+45 2.099571323e+00 2.977879335e+01 6.348261996e+01 5.336562747e+01 4.872633065e+01 4.532620877e+01
1.0316500000000000e+15 1.957000000e-02 1.958000000e-02 4.091971336e+33 2.720915993e+45 2.108859879e+00 4.106205353e+00 6.649432016e+01 5.546570115e+01 5.017206228e+01 4.357150411e+01
1.0314500000000000e+15 2.823000000e-02 2.824000000e-02 4.080063882e+33 2.707136847e+45 2.111187198e+00 1.066141690e+02 6.833457646e+01 5.691351938e+01 5.216600155e+01 5.728163572e+01
1.0312500000000000e+15 3.614000000e-02 3.615000000e-02 4.065421446e+33 2.691271914e+45 2.106163698e+00 4.927836477e+01 6.815394316e+01 5.698471110e+01 5.193836645e+01 5.006346924e+01
1.0310500000000000e+15 4.767000000e-02 4.768000000e-02 4.037750312e+33 2.659634432e+45 2.101035790e+00 1.122833548e+02 6.928302348e+01 5.820162135e+01 5.357560134e+01 5.905386163e+01
1.0320500000000000e+15 6.561000000e-02 6.562000000e-02 3.981366271e+33 2.597993175e+45 0.000000000e+00 0.000000000e+00 0.000000000e+00 0.000000000e+00 0.000000000e+00 0.000000000e+00
1.0322500000000000e+15 6.663000000e-02 6.664000000e-02 3.977865434e+33 2.594155617e+45 0.000000000e+00 0.000000000e+00 0.000000000e+00 0.000000000e+00 0.000000000e+00 0.000000000e+00
1.0324500000000000e+15 6.752000000e-02 6.753000000e-02 3.974778788e+33 2.590881486e+45 0.000000000e+00 0.000000000e+00 0.000000000e+00 0.000000000e+00 0.000000000e+00 0.000000000e+00
1.0326500000000000e+15 6.829000000e-02 6.830000000e-02 3.972128670e+33 2.588686763e+45 0.000000000e+00 0.000000000e+00 0.000000000e+00 0.000000000e+00 0.000000000e+00 0.000000000e+00
1.0328500000000000e+15 6.897000000e-02 6.898000000e-02 3.969801627e+33 2.585762573e+45 0.000000000e+00 0.000000000e+00 0.000000000e+00 0.000000000e+00 0.000000000e+00 0.000000000e+00
1.0330500000000000e+15 6.958000000e-02 6.959000000e-02 3.967740641e+33 2.583844884e+45 0.000000000e+00 0.000000000e+00 0.000000000e+00 0.000000000e+00 0.000000000e+00 0.000000000e+00
1.0332500000000000e+15 7.012000000e-02 7.013000000e-02 3.965925437e+33 2.581864060e+45 0.000000000e+00 0.000000000e+00 0.000000000e+00 0.000000000e+00 0.000000000e+00 0.000000000e+00
1.0334500000000000e+15 7.060000000e-02 7.061000000e-02 3.964359034e+33 2.580571365e+45 0.000000000e+00 0.000000000e+00 0.000000000e+00 0.000000000e+00 0.000000000e+00 0.000000000e+00
