1.2124818394594765e+15 1.460000000e-05 1.470000000e-05 3.443530275e+33 1.784754795e+45 2.012326656e+00 8.551849679e+05 6.617736101e+01 8.176131894e+01 4.960060195e+02 2.764642110e+03
1.1924818394594765e+15 1.473000000e-03 1.473100000e-03 3.346106532e+33 1.698284094e+45 2.025283459e+00 -2.893407772e+08 1.617582079e+02 -2.755373785e+03 -9.071066714e+04 -1.770718204e+06
1.1724818394594765e+15 2.223900000e-03 2.224000000e-03 3.246053425e+33 1.611728768e+45 2.049199945e+00 -4.222394604e+08 2.372117519e+02 -6.015490837e+03 -1.573579327e+05 -2.455690762e+06
1.1524818394594765e+15 2.903200000e-03 2.903300000e-03 3.144022332e+33 1.525786335e+45 1.976647135e+00 3.349512699e+08 5.860604949e+02 6.524545836e+03 1.312861463e+05 1.016057380e+06
1.1324818394594765e+15 3.565500000e-03 3.565600000e-03 3.040830006e+33 1.441242596e+45 2.015698263e+00 -3.669438444e+08 6.929012721e+02 -1.904423859e+03 -9.999857481e+04 -2.087102482e+06
1.1124818394594765e+15 4.234100000e-03 4.234200000e-03 2.936532546e+33 1.358215686e+45 2.084210634e+00 -1.452200135e+09 7.148176685e+02 -1.762036248e+04 -4.726997024e+05 -7.733758043e+06
1.0924818394594765e+15 4.918200000e-03 4.918300000e-03 2.831666882e+33 1.277178158e+45 2.011130519e+00 -4.176345633e+08 1.287473577e+03 -5.127745712e+02 -9.982532504e+04 -2.311353290e+06
1.0724818394594765e+15 5.633900000e-03 5.634000000e-03 2.725192760e+33 1.197426017e+45 2.029727924e+00 -1.791069272e+07 1.612940296e+03 -4.287584849e+03 -9.815995615e+04 -5.287518250e+05
1.0524818394594765e+15 6.369600000e-03 6.369700000e-03 2.619972506e+33 1.121187400e+45 1.919330241e+00 2.914605536e+09 2.693565239e+03 3.930929592e+04 8.725970097e+05 1.320003227e+07
1.0524818394594765e+15 6.369600000e-03 0.000000000e+00 2.619983627e+33 1.121198517e+45 1.981086020e+00 5.523389511e+08 2.198331615e+03 1.223009126e+04 1.957407435e+05 2.490765621e+06
1.0510532680309051e+15 6.423100000e-03 0.000000000e+00 2.612517616e+33 1.115901248e+45 1.965329916e+00 2.494633633e+09 2.654436086e+03 2.584099516e+04 6.499378877e+05 1.170545704e+07
1.0496246966023336e+15 6.476800000e-03 0.000000000e+00 2.605048592e+33 1.110592960e+45 1.978804123e+00 2.078833583e+09 2.640076733e+03 1.948412721e+04 5.052826657e+05 9.798110897e+06
1.0481961251737622e+15 6.530500000e-03 0.000000000e+00 2.597613230e+33 1.105341856e+45 1.963639817e+00 1.733536287e+09 2.608717546e+03 2.330857739e+04 5.056145076e+05 7.911947432e+06
1.0467675537451908e+15 6.584400000e-03 0.000000000e+00 2.590162035e+33 1.100082340e+45 2.038391385e+00 -1.444579486e+09 2.216105889e+03 -1.209001218e+04 -3.979250484e+05 -6.757300055e+06
1.0453389823166194e+15 6.638200000e-03 0.000000000e+00 2.582771152e+33 1.094888684e+45 2.011890420e+00 -1.734402575e+08 2.430362551e+03 1.479737688e+03 -4.265860362e+04 -7.955584875e+05
1.0439104108880479e+15 6.692200000e-03 0.000000000e+00 2.575367129e+33 1.089693888e+45 2.052986516e+00 -1.258547221e+09 2.072306234e+03 -1.406835572e+04 -3.902355418e+05 -5.694337963e+06
1.0424818394594765e+15 6.746100000e-03 0.000000000e+00 2.568017730e+33 1.084558414e+45 2.044634885e+00 -9.825437421e+08 2.157401736e+03 -1.082531118e+04 -3.093774355e+05 -4.425980491e+06
1.0410532680309051e+15 6.800100000e-03 0.000000000e+00 2.560681499e+33 1.079436291e+45 2.035065660e+00 -1.000599171e+09 2.345025694e+03 -8.778417272e+03 -2.907084610e+05 -4.548139020e+06
1.0396246966023336e+15 6.854100000e-03 0.000000000e+00 2.553378492e+33 1.074357124e+45 1.964111157e+00 2.510433769e+09 2.967492102e+03 2.645941185e+04 6.456661748e+05 1.133033286e+07
1.0381961251737622e+15 6.908100000e-03 0.000000000e+00 2.546106150e+33 1.069317531e+45 1.946018799e+00 3.417601159e+09 3.135191201e+03 3.566050108e+04 8.853184303e+05 1.528094207e+07
1.0367675537451908e+15 6.962100000e-03 0.000000000e+00 2.538865379e+33 1.064317866e+45 2.053501639e+00 -1.175914071e+09 2.291857510e+03 -1.286376362e+04 -3.625414283e+05 -5.158628553e+06
1.0353389823166194e+15 7.016100000e-03 0.000000000e+00 2.531654772e+33 1.059343191e+45 1.977063474e+00 2.162563567e+09 3.171065337e+03 2.179360869e+04 5.317691532e+05 9.795528421e+06
1.0339104108880479e+15 7.069900000e-03 0.000000000e+00 2.524521489e+33 1.054462334e+45 2.067219784e+00 -1.390369962e+09 2.350671062e+03 -1.679813263e+04 -4.393451757e+05 -6.031222560e+06
1.0324818394594765e+15 7.123600000e-03 7.123700000e-03 2.517427591e+33 1.049608327e+45 2.114042502e+00 -7.215643282e+09 2.372120226e+03 -5.734189494e+04 -1.798304310e+06 -3.368782538e+07
1.0324818394594765e+15 7.123600000e-03 0.000000000e+00 2.517440372e+33 1.049620009e+45 2.033050019e+00 -9.277334772e+08 2.822408580e+03 -7.131496591e+03 -2.629264543e+05 -4.086784886e+06
