1.2605000000000000e+15 7.160000000e-05 7.170000000e-05 1.042012931e+06 2.953817274e+33 -2.732319484e-01 2.953842191e+33 1.095096485e-03 7.295680414e-04 -7.427926847e-13 6.570335579e+01
1.2505000000000000e+15 1.196000000e-03 1.196100000e-03 1.039918996e+06 2.895869474e+33 -2.664208358e-01 2.901487306e+33 1.760316531e-02 1.056333095e-02 -1.456278374e-12 5.873834249e+01
1.2405000000000000e+15 1.744500000e-03 1.744600000e-03 1.034571356e+06 2.837875926e+33 -2.607373416e-01 2.848113373e+33 2.467604006e-02 1.399702775e-02 -1.488937876e-12 5.873453945e+01
1.2305000000000000e+15 2.203900000e-03 2.204000000e-03 1.030127830e+06 2.779883800e+33 -2.547605021e-01 2.793300171e+33 2.997746714e-02 1.558895696e-02 -1.180982447e-12 6.171589654e+01
1.2205000000000000e+15 2.624400000e-03 2.624500000e-03 1.026693617e+06 2.721932723e+33 -2.484805700e-01 2.736594814e+33 3.434269413e-02 1.569405987e-02 -1.419369318e-12 5.673920173e+01
1.2105000000000000e+15 3.024400000e-03 3.024500000e-03 1.022370655e+06 2.664089292e+33 -2.425276957e-01 2.678869877e+33 3.805449908e-02 1.523773215e-02 -8.207751929e-13 5.474634463e+01
1.2005000000000000e+15 3.413400000e-03 3.413500000e-03 1.015771298e+06 2.606396413e+33 -2.373145125e-01 2.621481971e+33 4.125847624e-02 1.510049770e-02 -1.058873272e-12 5.374660741e+01
1.1905000000000000e+15 3.796700000e-03 3.796800000e-03 1.013305626e+06 2.548914127e+33 -2.308825384e-01 2.559777232e+33 4.414177850e-02 1.240157600e-02 -9.048780705e-13 5.075997922e+01
1.1805000000000000e+15 4.177500000e-03 4.177600000e-03 1.007029206e+06 2.491713910e+33 -2.256527727e-01 2.500095667e+33 4.665356786e-02 1.099306552e-02 -6.762826152e-13 5.274520161e+01
1.1705000000000000e+15 4.557900000e-03 4.558000000e-03 1.004555499e+06 2.434868703e+33 -2.193934186e-01 2.436084928e+33 4.891991936e-02 7.182162582e-03 -2.148113391e-12 5.473332935e+01
1.1605000000000000e+15 4.939400000e-03 4.939500000e-03 1.000211740e+06 2.378443282e+33 -2.137654807e-01 2.373124409e+33 5.090786048e-02 3.933951029e-03 -1.687227655e-12 4.876017637e+01
1.1505000000000000e+15 5.322700000e-03 5.322800000e-03 9.957626695e+05 2.322553363e+33 -2.082663747e-01 2.309947656e+33 5.265426973e-02 4.292730455e-04 -1.598370089e-12 5.273684732e+01
1.1405000000000000e+15 5.708200000e-03 5.708300000e-03 9.912579759e+05 2.267315478e+33 -2.028994681e-01 2.246954448e+33 5.416935281e-02 -3.234409713e-03 -6.168768156e-13 5.173849224e+01
1.1305000000000000e+15 6.093200000e-03 6.093300000e-03 9.877079130e+05 2.213250014e+33 -1.974754294e-01 2.184158277e+33 5.544395775e-02 -7.375345618e-03 -5.425137782e-13 4.775559728e+01
1.1205000000000000e+15 6.478900000e-03 6.479000000e-03 9.858157100e+05 2.160275187e+33 -1.918439368e-01 2.121400417e+33 5.646393335e-02 -1.210700699e-02 -1.279801795e-12 4.974430483e+01
1.1105000000000000e+15 6.863700000e-03 6.863800000e-03 9.820275599e+05 2.108740244e+33 -1.868997632e-01 2.062295791e+33 5.724757592e-02 -1.580673183e-02 -9.826373596e-13 4.476598150e+01
