1.2261000000000000e+15 6.288000000e-02 1.037559140e+06 2.696712320e+33 3.028608023e+33 1.094813615e+45 1.596805055e-01 1.964091459e+00
1.2255000000000000e+15 6.161000000e-02 1.037768297e+06 2.701691019e+33 3.034997564e+33 1.097963501e+45 1.602518045e-01 1.965463680e+00
1.2255000000000000e+15 6.160000000e-02 1.037385062e+06 2.701739736e+33 3.035059130e+33 1.098434311e+45 1.602575463e-01 1.964691638e+00
1.2250000000000000e+15 6.022000000e-02 1.038155101e+06 2.707283865e+33 3.042173369e+33 1.101659516e+45 1.609070772e-01 1.966879498e+00
1.2260000000000000e+15 6.269000000e-02 1.037496125e+06 2.697456296e+33 3.029562630e+33 1.095387056e+45 1.597654495e-01 1.964107522e+00
1.2234500000000000e+15 9.740000000e-03 1.042700258e+06 2.836634278e+33 3.209335282e+33 1.192588017e+45 1.774414588e-01 2.003616759e+00
1.2234500000000000e+15 5.102000000e-02 1.040072788e+06 2.743596024e+33 3.088868240e+33 1.126589548e+45 1.653385875e-01 1.976325631e+00
1.2234000000000000e+15 1.419000000e-02 1.043483387e+06 2.832677208e+33 3.204186023e+33 1.189541926e+45 1.769090681e-01 2.002720480e+00
1.2234000000000000e+15 5.035000000e-02 1.037557194e+06 2.746080383e+33 3.092073994e+33 1.128339399e+45 1.656492553e-01 1.976968423e+00
2.3427914707644760e+15 7.580000000e-03 9.789112295e+05 4.178469436e+33 5.143503755e+33 2.032170119e+45 7.109343391e-01 4.711068600e+00
2.3407914707644760e+15 9.790000000e-03 9.797466743e+05 4.177533156e+33 5.141953164e+33 2.032715332e+45 7.098816537e-01 4.702831162e+00
2.3387914707644760e+15 1.160000000e-02 9.802979388e+05 4.176579370e+33 5.140369250e+33 2.030447278e+45 7.088201003e-01 4.701043882e+00
2.3367914707644760e+15 1.316000000e-02 9.804009459e+05 4.175630472e+33 5.138800684e+33 2.031740802e+45 7.077630767e-01 4.691044986e+00
2.3347914707644760e+15 1.457000000e-02 9.799830403e+05 4.174665215e+33 5.137191445e+33 2.029574870e+45 7.066983476e-01 4.688986656e+00
2.3327914707644760e+15 1.585000000e-02 9.807151847e+05 4.173696454e+33 5.135580600e+33 2.032752434e+45 7.056326346e-01 4.674596894e+00
2.3307914707644760e+15 1.705000000e-02 9.810897093e+05 4.172710631e+33 5.133942242e+33 2.032359332e+45 7.045579867e-01 4.668380476e+00
2.3287914707644760e+15 1.818000000e-02 9.813097129e+05 4.171713872e+33 5.132287135e+33 2.032418846e+45 7.034784724e-01 4.661091154e+00
2.3267914707644760e+15 1.926000000e-02 9.815096587e+05 4.170708274e+33 5.130612009e+33 2.031089493e+45 7.023951680e-01 4.656959420e+00
2.3247914707644760e+15 2.029000000e-02 9.817288631e+05 4.169686124e+33 5.128934409e+33 2.032295752e+45 7.013030508e-01 4.646958742e+00
2.3227914707644760e+15 2.130000000e-02 9.813338683e+05 4.168640964e+33 5.127205181e+33 2.029618222e+45 7.001982518e-01 4.645758889e+00
2.3207914707644760e+15 2.228000000e-02 9.805120068e+05 4.167578979e+33 5.125448355e+33 2.030457135e+45 6.990840840e-01 4.636450067e+00
2.3187914707644760e+15 2.325000000e-02 9.825138824e+05 4.166481405e+33 5.123636291e+33 2.031412580e+45 6.979488195e-01 4.626743647e+00
2.3167914707644760e+15 2.424000000e-02 9.817015270e+05 4.165333553e+33 5.121734718e+33 2.029923794e+45 6.967827988e-01 4.622401702e+00
2.3147914707644760e+15 2.528000000e-02 9.828229131e+05 4.164107388e+33 5.119710095e+33 2.029372468e+45 6.955672987e-01 4.615591762e+00
