8.8220000000000000e+14 8.692000000e-02 1.354921273e+06 3.576851974e+33 4.031692955e+33 2.439922647e+45 3.734651515e-01 2.061218459e+00
8.7075000000000000e+14 8.410000000e-03 1.358298809e+06 3.749268677e+33 4.256710820e+33 2.636253564e+45 4.098256042e-01 2.093446689e+00
8.7080000000000000e+14 1.228000000e-02 1.358114509e+06 3.747375896e+33 4.254224469e+33 2.634004729e+45 4.093963723e-01 2.093039562e+00
8.7090000000000000e+14 1.756000000e-02 1.358161667e+06 3.743646536e+33 4.249324904e+33 2.629576985e+45 4.085518321e-01 2.092238889e+00
8.7100000000000000e+14 2.149000000e-02 1.355404756e+06 3.740012721e+33 4.244551329e+33 2.625270952e+45 4.077308919e-01 2.091459609e+00
8.7170676438618625e+14 3.806000000e-02 1.357351609e+06 3.716613826e+33 4.213852871e+33 2.597700008e+45 4.024890139e-01 2.086483875e+00
8.7270676438618625e+14 5.108000000e-02 1.356249479e+06 3.689053773e+33 4.177770052e+33 2.565593472e+45 3.964188453e-01 2.080733445e+00
8.7370676438618625e+14 5.969000000e-02 1.353063824e+06 3.666438712e+33 4.148215840e+33 2.539560497e+45 3.915288628e-01 2.076133221e+00
8.7470676438618625e+14 6.604000000e-02 1.353192075e+06 3.647606401e+33 4.123651765e+33 2.518117601e+45 3.875283205e-01 2.072418380e+00
8.7570676438618625e+14 7.097000000e-02 1.348030025e+06 3.631807324e+33 4.103073820e+33 2.500304383e+45 3.842291833e-01 2.069414383e+00
8.7670676438618625e+14 7.491000000e-02 1.353860445e+06 3.618533380e+33 4.085801819e+33 2.485475892e+45 3.815052408e-01 2.067002258e+00
8.7770676438618625e+14 7.814000000e-02 1.356535761e+06 3.607292516e+33 4.071189643e+33 2.473020992e+45 3.792396954e-01 2.065075736e+00
8.7870676438618625e+14 8.041000000e-02 1.355023488e+06 3.599684023e+33 4.061308870e+33 2.464585373e+45 3.777577553e-01 2.064046705e+00
2.2644058131071270e+15 5.810000000e-03 1.148353558e+06 4.714110807e+33 5.617489440e+33 2.906196332e+45 1.104715728e+00 5.118887498e+00
2.2634058131071270e+15 7.130000000e-03 1.149489193e+06 4.714113603e+33 5.617484372e+33 2.906734772e+45 1.104361490e+00 5.116298161e+00
2.2624058131071270e+15 8.240000000e-03 1.148433806e+06 4.714127310e+33 5.617516248e+33 2.907302368e+45 1.104017182e+00 5.113704498e+00
2.2614058131071270e+15 9.220000000e-03 1.148057180e+06 4.714133704e+33 5.617519252e+33 2.907852980e+45 1.103666102e+00 5.111110339e+00
2.2604058131071270e+15 1.011000000e-02 1.149397269e+06 4.714142958e+33 5.617534514e+33 2.908406032e+45 1.103317618e+00 5.108524895e+00
2.2594058131071270e+15 1.093000000e-02 1.147390046e+06 4.714152883e+33 5.617554372e+33 2.908954809e+45 1.102969757e+00 5.105950823e+00
2.2584058131071270e+15 1.169000000e-02 1.148454604e+06 4.714158687e+33 5.617558560e+33 2.909509681e+45 1.102618109e+00 5.103349504e+00
2.2574058131071270e+15 1.240000000e-02 1.150140234e+06 4.714167965e+33 5.617573870e+33 2.910090504e+45 1.102269691e+00 5.100718637e+00
2.2564058131071270e+15 1.308000000e-02 1.148900961e+06 4.714177106e+33 5.617592262e+33 2.910651319e+45 1.101920984e+00 5.098122525e+00
2.2554058131071270e+15 1.372000000e-02 1.148127327e+06 4.714183046e+33 5.617597005e+33 2.911218960e+45 1.101569351e+00 5.095501936e+00
2.2544058131071270e+15 1.434000000e-02 1.150608378e+06 4.714192951e+33 5.617616552e+33 2.911786995e+45 1.101221143e+00 5.092897517e+00
2.2534058131071270e+15 1.494000000e-02 1.150822572e+06 4.714194702e+33 5.617613015e+33 2.912330836e+45 1.100865577e+00 5.090302378e+00
2.2524058131071270e+15 1.551000000e-02 1.149436467e+06 4.714206714e+33 5.617639227e+33 2.912917224e+45 1.100519200e+00 5.087676373e+00
2.2514058131071270e+15 1.606000000e-02 1.149780586e+06 4.714210449e+33 5.617641289e+33 2.913489553e+45 1.100165278e+00 5.085041089e+00
2.2504058131071270e+15 1.660000000e-02 1.150264069e+06 4.714216483e+33 5.617649941e+33 2.914056793e+45 1.099813206e+00 5.082424269e+00
2.2494058131071270e+15 1.712000000e-02 1.149871924e+06 4.714221732e+33 5.617660551e+33 2.914633691e+45 1.099460468e+00 5.079788558e+00
2.2484058131071270e+15 1.763000000e-02 1.151772311e+06 4.714228206e+33 5.617671049e+33 2.915210044e+45 1.099108475e+00 5.077158280e+00
2.2474058131071270e+15 1.813000000e-02 1.149741644e+06 4.714232981e+33 5.617676529e+33 2.915778344e+45 1.098754761e+00 5.074535111e+00
2.2464058131071270e+15 1.861000000e-02 1.151822880e+06 4.714239027e+33 5.617684971e+33 2.916371438e+45 1.098402107e+00 5.071874737e+00
2.2454058131071270e+15 1.909000000e-02 1.151443747e+06 4.714245125e+33 5.617698657e+33 2.916946901e+45 1.098049163e+00 5.069244746e+00
2.2444058131071270e+15 1.955000000e-02 1.151563026e+06 4.714247429e+33 5.617697440e+33 2.917539870e+45 1.097692747e+00 5.066569366e+00
2.2434058131071270e+15 2.001000000e-02 1.151274663e+06 4.714253329e+33 5.617706648e+33 2.918127990e+45 1.097339033e+00 5.063915956e+00
2.2424058131071270e+15 2.046000000e-02 1.151322849e+06 4.714261061e+33 5.617728854e+33 2.918728232e+45 1.096986826e+00 5.061249545e+00
2.2414058131071270e+15 2.091000000e-02 1.151283866e+06 4.714259767e+33 5.617717203e+33 2.919292802e+45 1.096625840e+00 5.058605554e+00
2.2404058131071270e+15 2.134000000e-02 1.152952492e+06 4.714264055e+33 5.617726414e+33 2.919916742e+45 1.096269956e+00 5.055883308e+00
2.2394058131071270e+15 2.178000000e-02 1.153017978e+06 4.714266246e+33 5.617725475e+33 2.920499163e+45 1.095911083e+00 5.053220283e+00
2.2384058131071270e+15 2.220000000e-02 1.153433177e+06 4.714271589e+33 5.617734865e+33 2.921131386e+45 1.095555126e+00 5.050485654e+00
2.2374058131071270e+15 2.263000000e-02 1.152494938e+06 4.714276759e+33 5.617746780e+33 2.921739901e+45 1.095197875e+00 5.047787206e+00
2.2364058131071270e+15 2.305000000e-02 1.153588761e+06 4.714278035e+33 5.617744878e+33 2.922359545e+45 1.094836655e+00 5.045052380e+00
2.2354058131071270e+15 2.347000000e-02 1.151588042e+06 4.714281788e+33 5.617750987e+33 2.922987177e+45 1.094476716e+00 5.042310835e+00
2.2344058131071270e+15 2.389000000e-02 1.152986856e+06 4.714283543e+33 5.617754210e+33 2.923620895e+45 1.094114057e+00 5.039547447e+00
2.2334058131071270e+15 2.431000000e-02 1.155016265e+06 4.714285169e+33 5.617754835e+33 2.924263800e+45 1.093750023e+00 5.036763103e+00
2.2324058131071270e+15 2.473000000e-02 1.154432985e+06 4.714289686e+33 5.617763668e+33 2.924925419e+45 1.093387274e+00 5.033953687e+00
2.2314058131071270e+15 2.516000000e-02 1.154684878e+06 4.714291918e+33 5.617762579e+33 2.925587322e+45 1.093020119e+00 5.031124776e+00
2.2304058131071270e+15 2.560000000e-02 1.153624844e+06 4.714295328e+33 5.617769536e+33 2.926260594e+45 1.092651526e+00 5.028270993e+00
2.2294058131071270e+15 2.604000000e-02 1.155917237e+06 4.714296394e+33 5.617770976e+33 2.926983600e+45 1.092278582e+00 5.025313111e+00
2.2284058131071270e+15 2.651000000e-02 1.153722763e+06 4.714301296e+33 5.617783175e+33 2.927727986e+45 1.091903472e+00 5.022310057e+00
4.3691659432075880e+15 1.970000000e-03 1.035772343e+06 4.480121928e+33 5.227177527e+33 2.293946812e+45 1.475562718e+00 8.662122622e+00
4.3681659432075880e+15 2.410000000e-03 1.035252968e+06 4.480278243e+33 5.227443737e+33 2.294244576e+45 1.475489359e+00 8.660567798e+00
4.3671659432075880e+15 2.790000000e-03 1.035852408e+06 4.480431414e+33 5.227697284e+33 2.294507382e+45 1.475410838e+00 8.659115007e+00
4.3661659432075880e+15 3.120000000e-03 1.034629514e+06 4.480584876e+33 5.227960725e+33 2.294798121e+45 1.475332976e+00 8.657561033e+00
4.3651659432075880e+15 3.420000000e-03 1.035549140e+06 4.480741502e+33 5.228224483e+33 2.295073773e+45 1.475259213e+00 8.656088401e+00
4.3641659432075880e+15 3.690000000e-03 1.035220752e+06 4.480894176e+33 5.228478472e+33 2.295367548e+45 1.475180377e+00 8.654518035e+00
4.3631659432075880e+15 3.950000000e-03 1.034145468e+06 4.481047395e+33 5.228739149e+33 2.295634096e+45 1.475101422e+00 8.653049996e+00
4.3621659432075880e+15 4.190000000e-03 1.034077791e+06 4.481202890e+33 5.229000581e+33 2.295920772e+45 1.475025810e+00 8.651526055e+00
4.3611659432075880e+15 4.410000000e-03 1.034100208e+06 4.481358057e+33 5.229264650e+33 2.296223537e+45 1.474950498e+00 8.649943655e+00
4.3601659432075880e+15 4.630000000e-03 1.034893497e+06 4.481511595e+33 5.229519142e+33 2.296494442e+45 1.474871496e+00 8.648460005e+00
4.3591659432075880e+15 4.840000000e-03 1.035529870e+06 4.481667572e+33 5.229784401e+33 2.296765289e+45 1.474795785e+00 8.646996226e+00
4.3581659432075880e+15 5.040000000e-03 1.035149143e+06 4.481826626e+33 5.230057562e+33 2.297042881e+45 1.474724249e+00 8.645531876e+00
4.3571659432075880e+15 5.230000000e-03 1.035991984e+06 4.481980245e+33 5.230313145e+33 2.297327939e+45 1.474645552e+00 8.643997822e+00
4.3561659432075880e+15 5.410000000e-03 1.035303699e+06 4.482134409e+33 5.230573922e+33 2.297629338e+45 1.474568032e+00 8.642409570e+00
4.3551659432075880e+15 5.590000000e-03 1.035658769e+06 4.482291558e+33 5.230842931e+33 2.297905533e+45 1.474493429e+00 8.640933613e+00
4.3541659432075880e+15 5.760000000e-03 1.036685662e+06 4.482442359e+33 5.231090895e+33 2.298196796e+45 1.474410795e+00 8.639354303e+00
4.3531659432075880e+15 5.930000000e-03 1.036502718e+06 4.482599802e+33 5.231359686e+33 2.298477882e+45 1.474336327e+00 8.637861483e+00
4.3521659432075880e+15 6.090000000e-03 1.035268792e+06 4.482751539e+33 5.231611480e+33 2.298766984e+45 1.474254875e+00 8.636297998e+00
4.3511659432075880e+15 6.250000000e-03 1.035212371e+06 4.482909234e+33 5.231880086e+33 2.299049256e+45 1.474180598e+00 8.634802588e+00
4.3501659432075880e+15 6.400000000e-03 1.036361748e+06 4.483065779e+33 5.232148901e+33 2.299354055e+45 1.474105842e+00 8.633220151e+00
4.3491659432075880e+15 6.560000000e-03 1.035556795e+06 4.483220746e+33 5.232406012e+33 2.299605610e+45 1.474026214e+00 8.631809463e+00
4.3481659432075880e+15 6.700000000e-03 1.035611517e+06 4.483378682e+33 5.232678873e+33 2.299927884e+45 1.473953626e+00 8.630174934e+00
4.3471659432075880e+15 6.850000000e-03 1.035487658e+06 4.483531730e+33 5.232931481e+33 2.300192273e+45 1.473871691e+00 8.628703278e+00
4.3461659432075880e+15 6.990000000e-03 1.036859827e+06 4.483688265e+33 5.233193741e+33 2.300485442e+45 1.473795765e+00 8.627159204e+00
4.3451659432075880e+15 7.130000000e-03 1.036658005e+06 4.483845057e+33 5.233460226e+33 2.300768892e+45 1.473719487e+00 8.625649905e+00
4.3441659432075880e+15 7.270000000e-03 1.035714907e+06 4.484003725e+33 5.233729100e+33 2.301044094e+45 1.473645083e+00 8.624182855e+00
4.3431659432075880e+15 7.400000000e-03 1.036945211e+06 4.484157328e+33 5.233989443e+33 2.301348322e+45 1.473565131e+00 8.622574938e+00
4.3421659432075880e+15 7.530000000e-03 1.036958676e+06 4.484312905e+33 5.234253951e+33 2.301642570e+45 1.473487333e+00 8.621017426e+00
4.3411659432075880e+15 7.660000000e-03 1.035898548e+06 4.484469003e+33 5.234514659e+33 2.301928575e+45 1.473409514e+00 8.619491061e+00
4.3401659432075880e+15 7.790000000e-03 1.035043090e+06 4.484625354e+33 5.234776220e+33 2.302206319e+45 1.473331509e+00 8.617994907e+00
4.3391659432075880e+15 7.920000000e-03 1.036962614e+06 4.484787588e+33 5.235051762e+33 2.302484310e+45 1.473260823e+00 8.616540994e+00
4.3381659432075880e+15 8.040000000e-03 1.037589610e+06 4.484945273e+33 5.235320378e+33 2.302791840e+45 1.473185675e+00 8.614950833e+00
4.3371659432075880e+15 8.160000000e-03 1.037560459e+06 4.485100201e+33 5.235580640e+33 2.303085619e+45 1.473106167e+00 8.613387028e+00
4.3361659432075880e+15 8.280000000e-03 1.036374416e+06 4.485253827e+33 5.235834893e+33 2.303371619e+45 1.473024331e+00 8.611839095e+00
4.3351659432075880e+15 8.400000000e-03 1.036014291e+06 4.485412700e+33 5.236105049e+33 2.303659243e+45 1.472949089e+00 8.610324025e+00
4.3341659432075880e+15 8.520000000e-03 1.037138412e+06 4.485570411e+33 5.236369980e+33 2.303938487e+45 1.472871584e+00 8.608827417e+00
4.3331659432075880e+15 8.640000000e-03 1.036995301e+06 4.485730840e+33 5.236642510e+33 2.304210896e+45 1.472797287e+00 8.607375456e+00
4.3321659432075880e+15 8.750000000e-03 1.036329127e+06 4.485893393e+33 5.236924249e+33 2.304530128e+45 1.472727843e+00 8.605777337e+00
4.3311659432075880e+15 8.870000000e-03 1.036924582e+06 4.486049915e+33 5.237182188e+33 2.304772422e+45 1.472647072e+00 8.604400706e+00
4.3301659432075880e+15 8.980000000e-03 1.037357370e+06 4.486209570e+33 5.237451974e+33 2.305085951e+45 1.472572578e+00 8.602795177e+00
4.3291659432075880e+15 9.090000000e-03 1.036424976e+06 4.486367834e+33 5.237719393e+33 2.305383007e+45 1.472495685e+00 8.601237527e+00
4.3281659432075880e+15 9.200000000e-03 1.036329461e+06 4.486528149e+33 5.237992493e+33 2.305673201e+45 1.472421049e+00 8.599719051e+00
4.3271659432075880e+15 9.310000000e-03 1.037338456e+06 4.486685958e+33 5.238257286e+33 2.305954064e+45 1.472342484e+00 8.598212808e+00
4.3261659432075880e+15 9.410000000e-03 1.036578555e+06 4.486840082e+33 5.238514082e+33 2.306280506e+45 1.472261097e+00 8.596520559e+00
4.3251659432075880e+15 9.520000000e-03 1.037531576e+06 4.487003342e+33 5.238793715e+33 2.306563567e+45 1.472188872e+00 8.595043924e+00
4.3241659432075880e+15 9.630000000e-03 1.036950098e+06 4.487163231e+33 5.239061782e+33 2.306821613e+45 1.472111489e+00 8.593630730e+00
4.3231659432075880e+15 9.730000000e-03 1.036715910e+06 4.487318058e+33 5.239320042e+33 2.307145103e+45 1.472029591e+00 8.591947781e+00
4.3221659432075880e+15 9.830000000e-03 1.036264932e+06 4.487480231e+33 5.239594639e+33 2.307458400e+45 1.471957187e+00 8.590358648e+00
4.3211659432075880e+15 9.940000000e-03 1.036724044e+06 4.487645973e+33 5.239876534e+33 2.307723447e+45 1.471886138e+00 8.588957431e+00
4.3201659432075880e+15 1.004000000e-02 1.036940998e+06 4.487807401e+33 5.240149377e+33 2.308032824e+45 1.471811667e+00 8.587371635e+00
4.3191659432075880e+15 1.014000000e-02 1.037874666e+06 4.487965921e+33 5.240415496e+33 2.308331704e+45 1.471732719e+00 8.585799181e+00
4.3181659432075880e+15 1.024000000e-02 1.036176642e+06 4.488129575e+33 5.240696040e+33 2.308635508e+45 1.471660387e+00 8.584247418e+00
4.3171659432075880e+15 1.034000000e-02 1.037286884e+06 4.488287909e+33 5.240958581e+33 2.308926664e+45 1.471580009e+00 8.582696160e+00
4.3161659432075880e+15 1.044000000e-02 1.038089560e+06 4.488450064e+33 5.241229489e+33 2.309219078e+45 1.471504392e+00 8.581168376e+00
4.3151659432075880e+15 1.054000000e-02 1.037165201e+06 4.488619535e+33 5.241521802e+33 2.309518755e+45 1.471438197e+00 8.579668935e+00
4.3141659432075880e+15 1.064000000e-02 1.038092959e+06 4.488777563e+33 5.241783460e+33 2.309791731e+45 1.471355828e+00 8.578174750e+00
4.3131659432075880e+15 1.073000000e-02 1.036934673e+06 4.488939235e+33 5.242062141e+33 2.310143414e+45 1.471281447e+00 8.576435278e+00
4.3121659432075880e+15 1.083000000e-02 1.038322726e+06 4.489102892e+33 5.242334356e+33 2.310428855e+45 1.471205563e+00 8.574933412e+00
4.3111659432075880e+15 1.093000000e-02 1.037528423e+06 4.489265658e+33 5.242608511e+33 2.310705955e+45 1.471127928e+00 8.573452665e+00
4.3101659432075880e+15 1.102000000e-02 1.037494223e+06 4.489428087e+33 5.242880307e+33 2.311042551e+45 1.471052826e+00 8.571766351e+00
4.3091659432075880e+15 1.112000000e-02 1.038431292e+06 4.489596769e+33 5.243171353e+33 2.311329837e+45 1.470982021e+00 8.570288403e+00
4.3081659432075880e+15 1.121000000e-02 1.038479626e+06 4.489755115e+33 5.243431986e+33 2.311652378e+45 1.470900206e+00 8.568615999e+00
4.3071659432075880e+15 1.131000000e-02 1.037403158e+06 4.489929264e+33 5.243731797e+33 2.311942656e+45 1.470835620e+00 8.567163961e+00
4.3061659432075880e+15 1.140000000e-02 1.038432899e+06 4.490090256e+33 5.244000089e+33 2.312268995e+45 1.470756271e+00 8.565492731e+00
4.3051659432075880e+15 1.150000000e-02 1.037347804e+06 4.490260909e+33 5.244289915e+33 2.312556302e+45 1.470685489e+00 8.564016399e+00
4.3041659432075880e+15 1.159000000e-02 1.037923393e+06 4.490430661e+33 5.244581130e+33 2.312893401e+45 1.470616696e+00 8.562367681e+00
4.3031659432075880e+15 1.169000000e-02 1.037967182e+06 4.490597858e+33 5.244857144e+33 2.313173210e+45 1.470539714e+00 8.560883787e+00
4.3021659432075880e+15 1.178000000e-02 1.037899650e+06 4.490768817e+33 5.245151495e+33 2.313513400e+45 1.470471283e+00 8.559226636e+00
4.3011659432075880e+15 1.188000000e-02 1.037952102e+06 4.490938565e+33 5.245430841e+33 2.313799413e+45 1.470396294e+00 8.557732173e+00
4.3001659432075880e+15 1.197000000e-02 1.037903246e+06 4.491108231e+33 5.245717171e+33 2.314139853e+45 1.470324563e+00 8.556055808e+00
4.2991659432075880e+15 1.207000000e-02 1.038781286e+06 4.491286441e+33 5.246023568e+33 2.314445314e+45 1.470259353e+00 8.554547161e+00
4.2981659432075880e+15 1.216000000e-02 1.038209350e+06 4.491459887e+33 5.246318990e+33 2.314794893e+45 1.470191147e+00 8.552858471e+00
4.2971659432075880e+15 1.226000000e-02 1.038080740e+06 4.491629494e+33 5.246596677e+33 2.315094329e+45 1.470112242e+00 8.551293264e+00
4.2961659432075880e+15 1.236000000e-02 1.039026180e+06 4.491810867e+33 5.246906572e+33 2.315416473e+45 1.470048229e+00 8.549731225e+00
4.2951659432075880e+15 1.246000000e-02 1.039160656e+06 4.491986915e+33 5.247200470e+33 2.315736410e+45 1.469975875e+00 8.548129266e+00
4.2941659432075880e+15 1.256000000e-02 1.038233192e+06 4.492171993e+33 5.247517020e+33 2.316080910e+45 1.469914562e+00 8.546501303e+00
4.2931659432075880e+15 1.266000000e-02 1.039131129e+06 4.492355222e+33 5.247826950e+33 2.316435024e+45 1.469849229e+00 8.544814990e+00
4.2921659432075880e+15 1.277000000e-02 1.038654482e+06 4.492543997e+33 5.248144280e+33 2.316764123e+45 1.469784432e+00 8.543224550e+00
4.2911659432075880e+15 1.288000000e-02 1.038186694e+06 4.492740100e+33 5.248475345e+33 2.317131173e+45 1.469727451e+00 8.541540091e+00
