1.0079767104234192e+15 2.020000000e-05 2.030000000e-05 1.146287653e+06 2.867036748e+33 -2.321491658e-01 2.867124582e+33 2.388949917e-03 5.871823363e-04 -8.502276387e-13 6.802381901e+00
9.9797671042341925e+14 7.200000000e-05 7.210000000e-05 1.143426978e+06 2.819812436e+33 -2.276816950e-01 2.820314916e+33 7.876490737e-03 1.474309384e-03 -5.340689569e-13 6.140409332e+00
9.8797671042341925e+14 1.068000000e-04 1.069000000e-04 1.137930848e+06 2.772256145e+33 -2.238566142e-01 2.772846338e+33 1.081968220e-02 1.751689501e-03 -2.748745966e-11 6.042099003e+00
9.7797671042341925e+14 1.391000000e-04 1.392000000e-04 1.137284197e+06 2.724459404e+33 -2.188247365e-01 2.723209483e+33 1.305951483e-02 7.972282300e-04 -1.456954236e-12 6.230201366e+00
9.6797671042341925e+14 1.716000000e-04 1.717000000e-04 1.135101801e+06 2.676277579e+33 -2.141672261e-01 2.672394657e+33 1.492457593e-02 -3.407448653e-04 -1.485106429e-12 6.039995036e+00
9.5797671042341925e+14 2.055000000e-04 2.056000000e-04 1.131321272e+06 2.627286713e+33 -2.098321646e-01 2.620377842e+33 1.653783736e-02 -1.476941528e-03 -1.546339250e-12 5.942875193e+00
9.4797671042341925e+14 2.411000000e-04 2.412000000e-04 1.125712990e+06 2.578068987e+33 -2.059089275e-01 2.568257646e+33 1.795563789e-02 -2.418079232e-03 -1.275697237e-11 5.844323165e+00
9.3797671042341925e+14 2.787000000e-04 2.788000000e-04 1.128799806e+06 2.528812483e+33 -2.000727627e-01 2.510455456e+33 1.917303732e-02 -5.797793387e-03 -1.036572808e-12 5.846651372e+00
9.2797671042341925e+14 3.187000000e-04 3.188000000e-04 1.125499040e+06 2.479414671e+33 -1.956917075e-01 2.455151948e+33 2.026931607e-02 -7.799201762e-03 -1.515374616e-12 5.655375765e+00
9.1797671042341925e+14 3.620000000e-04 3.621000000e-04 1.119247581e+06 2.429211806e+33 -1.918734249e-01 2.400155232e+33 2.127931983e-02 -9.237410688e-03 -1.052347957e-11 5.745067701e+00
9.0797671042341925e+14 4.085000000e-04 4.086000000e-04 1.121226930e+06 2.378790551e+33 -1.863855234e-01 2.339660974e+33 2.209196310e-02 -1.285795357e-02 -2.199117786e-12 5.652132467e+00
8.9797671042341925e+14 4.585000000e-04 4.586000000e-04 1.117384113e+06 2.328140727e+33 -1.821056887e-01 2.282156900e+33 2.285259446e-02 -1.509587412e-02 -1.145578365e-12 5.649186889e+00
8.8797671042341925e+14 5.121000000e-04 5.122000000e-04 1.117613489e+06 2.277491153e+33 -1.771040678e-01 2.222844010e+33 2.343516730e-02 -1.817240741e-02 -1.192014308e-12 6.121475176e+00
8.7797671042341925e+14 5.693000000e-04 5.694000000e-04 1.112124052e+06 2.227084172e+33 -1.732344665e-01 2.166757848e+33 2.400654689e-02 -2.001960692e-02 -4.615481525e-11 6.400616416e+00
8.6797671042341925e+14 6.303000000e-04 6.304000000e-04 1.112102931e+06 2.176945470e+33 -1.684603566e-01 2.109495008e+33 2.435284114e-02 -2.272298304e-02 -1.294243642e-12 5.456310636e+00
8.5797671042341925e+14 6.958000000e-04 6.959000000e-04 1.111760539e+06 2.126745818e+33 -1.638223818e-01 2.053577004e+33 2.456288979e-02 -2.508461895e-02 -1.557326644e-12 5.739337545e+00
