1.8538469794088500e+15 1.060000000e-05 1.070000000e-05 1.011990465e+06 3.952929997e+33 -4.338743272e-01 3.953139036e+33 2.532742291e-03 2.856328127e-03 -1.761743892e-12 7.088162329e+00
1.8438469794088500e+15 3.680000000e-05 3.690000000e-05 1.011343574e+06 3.940241103e+33 -4.318305305e-01 3.942569152e+33 8.449853210e-03 9.517279658e-03 -1.085523266e-12 7.657361362e+00
1.8338469794088500e+15 5.270000000e-05 5.280000000e-05 1.009827346e+06 3.927393258e+33 -4.303554439e-01 3.931963656e+33 1.165188876e-02 1.341850560e-02 -4.491619425e-12 5.947284685e+00
1.8238469794088500e+15 6.660000000e-05 6.670000000e-05 1.010410365e+06 3.914102783e+33 -4.273815344e-01 3.920587896e+33 1.420625051e-02 1.577199301e-02 -8.635670347e-13 6.042642496e+00
1.8138469794088500e+15 8.060000000e-05 8.070000000e-05 1.010533715e+06 3.899596515e+33 -4.244983999e-01 3.908081815e+33 1.653845282e-02 1.785483390e-02 -2.366568234e-12 6.232642068e+00
1.8038469794088500e+15 9.400000000e-05 9.410000000e-05 1.010527831e+06 3.884964032e+33 -4.216978797e-01 3.895302359e+33 1.855124653e-02 1.952253885e-02 -1.290955190e-12 5.757895874e+00
1.7938469794088500e+15 1.074000000e-04 1.075000000e-04 1.008919236e+06 3.870055434e+33 -4.199177026e-01 3.882893842e+33 2.035386302e-02 2.187176234e-02 -1.286212872e-12 6.231428446e+00
1.7838469794088500e+15 1.208000000e-04 1.209000000e-04 1.010519998e+06 3.854998720e+33 -4.160088094e-01 3.868553036e+33 2.205806575e-02 2.189538736e-02 -1.942271173e-12 5.662944443e+00
1.7738469794088500e+15 1.344000000e-04 1.345000000e-04 1.009576844e+06 3.839731930e+33 -4.137479010e-01 3.855236897e+33 2.358473026e-02 2.337445871e-02 -1.211973599e-12 5.662230486e+00
1.7638469794088500e+15 1.484000000e-04 1.485000000e-04 1.009137962e+06 3.824190317e+33 -4.111172973e-01 3.841230400e+33 2.504136417e-02 2.432371021e-02 -1.067174050e-12 5.756859193e+00
1.7538469794088500e+15 1.627000000e-04 1.628000000e-04 1.008766684e+06 3.808494031e+33 -4.084311728e-01 3.826861733e+33 2.640122543e-02 2.504268482e-02 -9.134905126e-13 5.661617106e+00
1.7438469794088500e+15 1.775000000e-04 1.776000000e-04 1.008418020e+06 3.792536790e+33 -4.056962856e-01 3.812039368e+33 2.770021908e-02 2.556723720e-02 -1.108577736e-12 5.566390886e+00
1.7338469794088500e+15 1.928000000e-04 1.929000000e-04 1.008524224e+06 3.776364829e+33 -4.026497478e-01 3.796316463e+33 2.894888731e-02 2.548844157e-02 -1.700387201e-12 5.661438590e+00
1.7238469794088500e+15 2.086000000e-04 2.087000000e-04 1.008756644e+06 3.760011819e+33 -3.995148122e-01 3.779972280e+33 3.013722640e-02 2.508860048e-02 -1.637342001e-12 5.566651902e+00
1.7138469794088500e+15 2.251000000e-04 2.252000000e-04 1.007631225e+06 3.743346861e+33 -3.971828226e-01 3.764677444e+33 3.125896255e-02 2.585257023e-02 -1.396783980e-12 5.565798560e+00
1.7038469794088500e+15 2.422000000e-04 2.423000000e-04 1.007198854e+06 3.726487102e+33 -3.944003713e-01 3.748151333e+33 3.234712752e-02 2.578150377e-02 -1.309635720e-12 5.565470569e+00
1.6938469794088500e+15 2.600000000e-04 2.601000000e-04 1.006812712e+06 3.709376879e+33 -3.915606193e-01 3.731048001e+33 3.339862819e-02 2.549272226e-02 -1.233865364e-12 5.945029581e+00
1.6838469794088500e+15 2.785000000e-04 2.786000000e-04 1.006328179e+06 3.692051809e+33 -3.887600658e-01 3.713610624e+33 3.440680019e-02 2.515628952e-02 -1.195643646e-12 5.659787117e+00
1.6738469794088500e+15 2.977000000e-04 2.978000000e-04 1.006371022e+06 3.674537146e+33 -3.856291934e-01 3.694835419e+33 3.538451154e-02 2.404297194e-02 -1.711687317e-12 5.659806236e+00
1.6638469794088500e+15 3.178000000e-04 3.179000000e-04 1.005676248e+06 3.656700489e+33 -3.828979317e-01 3.676612500e+33 3.632599457e-02 2.360753643e-02 -1.931237421e-12 5.469342696e+00
1.6538469794088500e+15 3.387000000e-04 3.388000000e-04 1.005303814e+06 3.638648695e+33 -3.799568384e-01 3.657302496e+33 3.723897446e-02 2.262168661e-02 -1.166655522e-12 5.564032245e+00
1.6438469794088500e+15 3.605000000e-04 3.606000000e-04 1.005009418e+06 3.620328468e+33 -3.769425734e-01 3.637192326e+33 3.812747139e-02 2.134615182e-02 -1.739697043e-12 5.563809804e+00
1.6338469794088500e+15 3.832000000e-04 3.833000000e-04 1.004529740e+06 3.601769499e+33 -3.740149443e-01 3.616841123e+33 3.898220809e-02 2.013569785e-02 -1.468548293e-12 5.753392110e+00
1.6238469794088500e+15 4.069000000e-04 4.070000000e-04 1.003783394e+06 3.582915049e+33 -3.712053887e-01 3.596353788e+33 3.981137606e-02 1.908400485e-02 -1.277938325e-12 5.372913213e+00
1.6138469794088500e+15 4.315000000e-04 4.316000000e-04 1.003951058e+06 3.563868943e+33 -3.678714727e-01 3.573347091e+33 4.062085330e-02 1.665612129e-02 -5.597884626e-13 5.847974362e+00
1.6038469794088500e+15 4.585000000e-04 4.586000000e-04 1.002366452e+06 3.543520585e+33 -3.653129244e-01 3.552290525e+33 4.142515818e-02 1.627797541e-02 -1.104798593e-12 5.466812389e+00
1.5938469794088500e+15 4.885000000e-04 4.886000000e-04 1.002480502e+06 3.521618000e+33 -3.615760582e-01 3.525004720e+33 4.227305924e-02 1.317735838e-02 -1.681187459e-12 5.466897242e+00
1.5838469794088500e+15 5.199000000e-04 5.200000000e-04 1.001346414e+06 3.499440365e+33 -3.585037639e-01 3.499938868e+33 4.307169738e-02 1.162914271e-02 -6.265678504e-13 5.371034399e+00
1.5738469794088500e+15 5.527000000e-04 5.528000000e-04 1.001116985e+06 3.477030294e+33 -3.549337473e-01 3.471952177e+33 4.384326184e-02 8.613626664e-03 -1.131619269e-12 5.465854489e+00
1.5638469794088500e+15 5.871000000e-04 5.872000000e-04 1.000775238e+06 3.454272900e+33 -3.513983583e-01 3.443285591e+33 4.458777555e-02 5.512056967e-03 -1.197914026e-12 5.560559100e+00
1.5538469794088500e+15 6.230000000e-04 6.231000000e-04 1.000309649e+06 3.431307088e+33 -3.479269957e-01 3.414276253e+33 4.529195426e-02 2.422179820e-03 -1.595268818e-12 5.560237990e+00
1.5438469794088500e+15 6.605000000e-04 6.606000000e-04 9.992743702e+05 3.408093363e+33 -3.447391473e-01 3.386119599e+33 4.595867048e-02 1.905315568e-06 -1.920849077e-12 5.369445439e+00
1.5338469794088500e+15 6.997000000e-04 6.998000000e-04 9.991727089e+05 3.384605926e+33 -3.410676540e-01 3.354851465e+33 4.659189790e-02 -3.881036527e-03 -1.160183815e-12 5.369367397e+00
1.5238469794088500e+15 7.406000000e-04 7.407000000e-04 9.983666670e+05 3.360894639e+33 -3.377475329e-01 3.324882296e+33 4.718799654e-02 -6.887250256e-03 -2.334328786e-12 5.273735466e+00
1.5138469794088500e+15 7.833000000e-04 7.834000000e-04 9.989718987e+05 3.336919306e+33 -3.337435992e-01 3.290935824e+33 4.773246081e-02 -1.179940709e-02 -4.892397409e-13 5.464244978e+00
1.5038469794088500e+15 8.279000000e-04 8.280000000e-04 9.974086114e+05 3.312658392e+33 -3.307640656e-01 3.261537641e+33 4.826692631e-02 -1.411657709e-02 -1.231227330e-12 5.272991543e+00
1.4938469794088500e+15 8.743000000e-04 8.744000000e-04 9.979024105e+05 3.288241374e+33 -3.268386004e-01 3.227262338e+33 4.872243456e-02 -1.888374605e-02 -9.345558672e-13 5.273372249e+00
1.4838469794088500e+15 9.226000000e-04 9.227000000e-04 9.967442250e+05 3.263631933e+33 -3.236869198e-01 3.196537120e+33 4.916120847e-02 -2.168551479e-02 -1.574820209e-12 5.557524639e+00
