1.2020000000000000e+15 6.680000000e-05 6.690000000e-05 4.359580095e+33 3.057439096e+45 2.012004026e+00 -1.313577262e+03 2.826299656e+01 3.037992711e+01 1.860990904e+02 8.602848357e+02
1.1820000000000000e+15 1.017900000e-03 1.018000000e-03 4.288282530e+33 2.973493855e+45 2.013886211e+00 -2.868639567e+05 7.685077693e+01 9.179552259e+01 6.682453634e+01 -2.442793474e+03
1.1620000000000000e+15 1.533700000e-03 1.533800000e-03 4.214676771e+33 2.888069961e+45 2.014765528e+00 -1.047110621e+06 1.281674876e+02 1.290043275e+02 -4.354832151e+02 -7.761012159e+03
1.1420000000000000e+15 2.000400000e-03 2.000500000e-03 4.139118170e+33 2.801689711e+45 2.014242496e+00 -2.350874079e+06 1.896650420e+02 1.874353484e+02 -9.305073357e+02 -1.681448132e+04
1.1220000000000000e+15 2.460900000e-03 2.461000000e-03 4.061281152e+33 2.714094666e+45 2.013165643e+00 -1.850660912e+06 2.525313735e+02 3.329025009e+02 5.366356222e+01 -1.464109884e+04
1.1020000000000000e+15 2.929900000e-03 2.930000000e-03 3.981434704e+33 2.625686560e+45 2.013293796e+00 -8.545061510e+06 3.428764069e+02 3.445099118e+02 -2.581897027e+03 -6.277580874e+04
1.0820000000000000e+15 3.416100000e-03 3.416200000e-03 3.899657717e+33 2.536696655e+45 2.012883523e+00 -1.138667553e+07 4.371699529e+02 4.111401126e+02 -3.619035986e+03 -8.238864708e+04
1.0620000000000000e+15 3.926700000e-03 3.926800000e-03 3.815823885e+33 2.447091306e+45 2.005441330e+00 3.758494550e+07 5.046940422e+02 1.364285704e+03 1.762657563e+04 2.555207588e+05
1.0420000000000000e+15 4.464000000e-03 4.464100000e-03 3.730432607e+33 2.357563226e+45 2.012243295e+00 3.425901824e+06 6.326911665e+02 8.632272494e+02 2.233408721e+03 2.606992221e+04
1.0220000000000000e+15 5.031700000e-03 5.031800000e-03 3.643703197e+33 2.268506874e+45 2.030784843e+00 -1.473405942e+08 7.183102645e+02 -1.343750532e+03 -5.816397392e+04 -9.724444951e+05
1.0020000000000000e+15 5.631500000e-03 5.631600000e-03 3.556365882e+33 2.180923114e+45 2.032435599e+00 -1.988662170e+08 8.583039820e+02 -1.627519416e+03 -7.366682445e+04 -1.016139891e+06
1.0020000000000000e+15 5.631500000e-03 5.631600000e-03 3.556365882e+33 2.180923114e+45 2.032435599e+00 -1.988662170e+08 8.583039820e+02 -1.627519416e+03 -7.366682445e+04 -1.016139891e+06
9.9977777777777775e+14 5.700000000e-03 5.700100000e-03 3.546688481e+33 2.171360399e+45 2.013530608e+00 -3.792708142e+07 8.941129260e+02 8.005608910e+02 -1.129975362e+04 -2.513944926e+05
9.9755555555555550e+14 5.768800000e-03 5.768900000e-03 3.537043183e+33 2.161868874e+45 2.007109597e+00 1.052042487e+08 9.782177751e+02 1.851095673e+03 2.812477282e+04 6.477843982e+05
9.9533333333333338e+14 5.837900000e-03 5.838000000e-03 3.527429258e+33 2.152436396e+45 2.008859034e+00 3.418591734e+07 9.911677181e+02 1.595813057e+03 1.139526837e+04 1.854942944e+05
9.9311111111111112e+14 5.907300000e-03 5.907400000e-03 3.517850146e+33 2.143077570e+45 1.974640893e+00 9.984148142e+08 1.132022951e+03 7.089899506e+03 2.267340616e+05 6.569621961e+06
9.9088888888888888e+14 5.977100000e-03 5.977200000e-03 3.508278436e+33 2.133749921e+45 1.992535193e+00 1.642499434e+08 1.009471013e+03 3.862792182e+03 6.598813423e+04 1.021745059e+06
9.8866666666666662e+14 6.047500000e-03 6.047600000e-03 3.498717249e+33 2.124477731e+45 2.015173119e+00 1.211066638e+08 1.036188301e+03 1.331566466e+03 2.164953102e+04 7.695558756e+05
9.8644444444444450e+14 6.118200000e-03 6.118300000e-03 3.489211484e+33 2.115314549e+45 2.013159892e+00 -3.842712685e+05 1.034858359e+03 1.230974399e+03 4.648132054e+01 2.725493490e+03
9.8422222222222225e+14 6.189200000e-03 6.189300000e-03 3.479748942e+33 2.106220475e+45 2.017566115e+00 -7.758915989e+07 1.043262413e+03 3.055742841e+02 -2.707201345e+04 -4.954553047e+05
9.8200000000000000e+14 6.260400000e-03 6.260500000e-03 3.470361134e+33 2.097246311e+45 1.989117341e+00 1.937595206e+08 1.095347423e+03 4.583949653e+03 7.896502072e+04 1.192072405e+06
9.8200000000000000e+14 6.260400000e-03 6.260500000e-03 3.470361134e+33 2.097246311e+45 1.989117341e+00 1.937595206e+08 1.095347423e+03 4.583949653e+03 7.896502072e+04 1.192072405e+06
