2.7123428022640170e+15 1.000000000e-05 2.000000000e-05 4.678760309e+33 2.747039801e+45 2.130094759e+00 2.905462870e+00 6.124778139e+00 4.800661399e+00 4.248687796e+00 3.945899241e+00
2.7123430409792950e+15 1.000000000e-05 2.000000000e-05 4.678757541e+33 2.747457236e+45 2.123015577e+00 2.905436938e+00 5.928062878e+00 4.686768253e+00 4.169024120e+00 3.884822394e+00
2.7123439958404060e+15 1.000000000e-05 2.000000000e-05 4.678757924e+33 2.744924041e+45 2.130411274e+00 2.905459976e+00 6.109763900e+00 4.799428001e+00 4.250061511e+00 3.947976784e+00
2.7123442345556835e+15 1.000000000e-05 2.000000000e-05 4.678762506e+33 2.747831748e+45 2.131345099e+00 2.905442965e+00 6.125408979e+00 4.811972314e+00 4.259842488e+00 3.955914791e+00
2.7123444732709615e+15 1.000000000e-05 2.000000000e-05 4.678756176e+33 2.746272395e+45 2.129446171e+00 2.905444527e+00 6.064616828e+00 4.779628304e+00 4.238076311e+00 3.939545968e+00
2.7123435184098505e+15 2.000000000e-05 3.000000000e-05 4.678760817e+33 2.746731596e+45 2.133195748e+00 2.905459679e+00 6.179404380e+00 4.842744882e+00 4.281149289e+00 3.972149369e+00
2.7123432796945725e+15 1.010000000e-03 1.020000000e-03 4.678764166e+33 2.746490391e+45 2.122073962e+00 2.907476134e+00 5.907617157e+00 4.672530767e+00 4.158473177e+00 3.876600858e+00
2.7123449507015170e+15 1.030000000e-03 1.040000000e-03 4.678764570e+33 2.747918134e+45 2.147124802e+00 2.903331587e+00 6.486383634e+00 5.049848876e+00 4.434563067e+00 4.093415574e+00
2.7123437571251280e+15 2.130000000e-03 2.140000000e-03 4.678748393e+33 2.747125345e+45 2.132046255e+00 2.912269472e+00 6.145043599e+00 4.823693208e+00 4.268160400e+00 3.963184183e+00
2.7123447119862390e+15 3.501000000e-02 3.502000000e-02 4.676344955e+33 2.746889381e+45 2.138023330e+00 3.118225366e+00 6.382549749e+00 4.972616187e+00 4.382599659e+00 4.082994170e+00
2.7123449507015170e+15 3.503000000e-02 3.504000000e-02 4.676334879e+33 2.745945847e+45 2.138783760e+00 2.342086329e+00 6.366616936e+00 4.975269335e+00 4.381093270e+00 3.974769277e+00
2.7143449507015170e+15 7.566000000e-02 7.567000000e-02 4.668140835e+33 2.743720070e+45 2.139677313e+00 1.611088271e+00 6.658464853e+00 5.185524656e+00 4.552350371e+00 4.014141928e+00
2.7163449507015170e+15 8.616000000e-02 8.617000000e-02 4.665382361e+33 2.744883929e+45 2.127569026e+00 -1.585782679e+00 6.419043895e+00 5.054803806e+00 4.449557567e+00 3.501825128e+00
2.7183449507015170e+15 9.261000000e-02 9.262000000e-02 4.663650526e+33 2.744757228e+45 2.136706522e+00 4.655098903e+00 6.718256838e+00 5.256234895e+00 4.652454065e+00 4.523482222e+00
2.7203449507015170e+15 9.722000000e-02 9.723000000e-02 4.662435168e+33 2.746647703e+45 2.144294591e+00 3.247292040e+00 6.933127498e+00 5.411553144e+00 4.760766936e+00 4.413901299e+00
2.7223449507015170e+15 1.007600000e-01 1.007700000e-01 4.661517538e+33 2.745096058e+45 2.135067812e+00 6.905848069e+00 6.766273085e+00 5.298898741e+00 4.706970100e+00 4.874231552e+00
2.7243449507015170e+15 1.035500000e-01 1.035600000e-01 4.660832823e+33 2.747281302e+45 2.142016446e+00 3.092762951e+00 6.960558065e+00 5.432049246e+00 4.780689576e+00 4.410061410e+00
2.7263449507015170e+15 1.057900000e-01 1.058000000e-01 4.660310409e+33 2.747547708e+45 2.140718789e+00 3.409933360e+00 6.928674842e+00 5.424688430e+00 4.783761053e+00 4.458093621e+00
2.7283449507015170e+15 1.076100000e-01 1.076200000e-01 4.659907371e+33 2.748326073e+45 2.156638490e+00 3.433970746e+00 7.415211048e+00 5.723121334e+00 5.002262347e+00 4.639730587e+00
2.7303449507015170e+15 1.090900000e-01 1.091000000e-01 4.659600250e+33 2.749134098e+45 2.252974313e+00 2.800736644e+00 9.888591135e+00 7.414671790e+00 6.179080455e+00 5.119273590e+00
