2.8000000000000012e+14 0.5363911270615421 -1.5308223664760590
2.8095278356298347e+14 0.5344637936102820 -1.5339873731136322
2.8190880925638788e+14 0.5325568852167109 -1.5371419489383698
2.8286808811252962e+14 0.5306671496737894 -1.5402890741825104
2.8383063120126581e+14 0.5287965328880398 -1.5434242784976959
2.8479644963012206e+14 0.5269435380166813 -1.5465535223484039
2.8576555454442062e+14 0.5251113478675156 -1.5496678650379181
2.8673795712741019e+14 0.5232908375876376 -1.5527851879596710
2.8771366860039025e+14 0.5214786666893547 -1.5559099614620209
2.8869270022284769e+14 0.5196880388267677 -1.5590183436870575
2.8967506329258200e+14 0.5179127211999844 -1.5621222555637360
2.9066076914583675e+14 0.5161584250064826 -1.5652112662792206
2.9164982915743050e+14 0.5144209173213422 -1.5682928264141083
2.9264225474088800e+14 0.5127021380276017 -1.5713624656200409
2.9363805734857188e+14 0.5110014170890148 -1.5744201838970184
2.9463724847181506e+14 0.5093198189092836 -1.5774674713611603
2.9563983964105281e+14 0.5076433416112627 -1.5805251896381378
2.9664584242595650e+14 0.5059780227998880 -1.5835843980312347
2.9765526843556650e+14 0.5043329916745584 -1.5866287052631378
2.9866812931842769e+14 0.5027090053904180 -1.5896566212177277
2.9968443676271906e+14 0.5010985675624572 -1.5926800668239594
3.0070420249639562e+14 0.4995069961743285 -1.5956901013851166
3.0172743828731912e+14 0.4979334646479784 -1.5986867249011993
3.0275415594339494e+14 0.4963780218221633 -1.6016714274883270
3.0378436731270838e+14 0.4948338145542991 -1.6046561300754547
3.0481808428366138e+14 0.4933016333060357 -1.6076378524303436
3.0585531878510975e+14 0.4917871225496197 -1.6106091439723969
3.0689608278650075e+14 0.4902894125728005 -1.6135670244693756
3.0794038829801131e+14 0.4888084368714746 -1.6165144741535187
3.0898824737068650e+14 0.4873461803353089 -1.6194470226764679
3.1003967209657869e+14 0.4858999941665704 -1.6223676502704620
3.1109467460888712e+14 0.4844699637786415 -1.6252763569355011
3.1215326708209912e+14 0.4830546553749400 -1.6281776130199432
3.1321546173212544e+14 0.4816506533058526 -1.6310773789882660
3.1428127081644906e+14 0.4802622618483813 -1.6339667141437531
3.1535070663426125e+14 0.4788901276539502 -1.6368426382541656
3.1642378152660525e+14 0.4775358340849662 -1.6397036612033844
3.1750050787651800e+14 0.4761963711067844 -1.6425542533397675
3.1858089810917375e+14 0.4748746488590262 -1.6453884541988373
3.1966496469202694e+14 0.4735680087463561 -1.6482122242450714
3.2075272013495625e+14 0.4722758225826512 -1.6510255634784698
3.2184417699040906e+14 0.4709904258544036 -1.6538463532924652
3.2293934785354606e+14 0.4697217774602186 -1.6566507518291473
3.2403824536238681e+14 0.4684694555522735 -1.6594417393207550
3.2514088219795688e+14 0.4672319903212753 -1.6622208058834076
3.2624727108442875e+14 0.4660114027946795 -1.6649849712848663
3.2735742478927662e+14 0.4648043093381909 -1.6677372157573700
3.2847135612341869e+14 0.4636161774431927 -1.6704700887203217
3.2958907794136600e+14 0.4624382161470789 -1.6731999814510345
3.3071060314137088e+14 0.4612703339314534 -1.6759283840656281
3.3183594466557588e+14 0.4601182501937178 -1.6786418855190277
3.3296511550016306e+14 0.4589841588546545 -1.6813345253467560
3.3409812867550381e+14 0.4578621699487937 -1.6840197145938873
3.3523499726630919e+14 0.4567555234353968 -1.6866900026798248
3.3637573439178100e+14 0.4556635946878242 -1.6893468797206879
3.3752035321576288e+14 0.4545874448536577 -1.6919873654842377
3.3866886694689256e+14 0.4535188632212709 -1.6946308314800262
3.3982128883875538e+14 0.4524645884712956 -1.6972608864307404
3.4097763219003175e+14 0.4514238844637175 -1.6998790204524994
3.4213791034465900e+14 0.4503969281480493 -1.7024837434291840
3.4330213669197994e+14 0.4493869299108461 -1.7050690948963165
3.4447032466689844e+14 0.4483884129935647 -1.7076455056667328
3.4564248775003469e+14 0.4474054472488908 -1.7102055251598358
3.4681863946788075e+14 0.4464331168722890 -1.7127595841884613
3.4799879339295662e+14 0.4454732435936839 -1.7153032124042511
3.4918296314396681e+14 0.4445274726923814 -1.7178319394588470
3.5037116238595744e+14 0.4435928733026558 -1.7203532159328461
3.5156340483047425e+14 0.4426748373793090 -1.7228536307811737
3.5275970423572044e+14 0.4417703361886794 -1.7253391444683075
3.5396007440671712e+14 0.4408774791357238 -1.7278142273426056
3.5516452919545669e+14 0.4399995026896765 -1.7302729189395905
3.5637308250107150e+14 0.4391303803506409 -1.7327286303043365
3.5758574826998838e+14 0.4382771976844810 -1.7351649701595306
3.5880254049609100e+14 0.4374333225227394 -1.7375953495502472
3.6002347322088150e+14 0.4366053084382493 -1.7400033771991730
3.6124856053364231e+14 0.4357893923996561 -1.7424009740352631
3.6247781657159894e+14 0.4349856208049439 -1.7447866499423981
3.6371125552008288e+14 0.4341947803085084 -1.7471574246883392
3.6494889161269562e+14 0.4334144308319018 -1.7495222389698029
3.6619073913147262e+14 0.4326439052327245 -1.7518781125545502
3.6743681240704831e+14 0.4318884754044028 -1.7542161047458649
3.6868712581882125e+14 0.4311428521667386 -1.7565466463565826
3.6994169379512188e+14 0.4304108842887536 -1.7588593065738678
3.7120053081337262e+14 0.4296926085806471 -1.7611555755138397
3.7246365140026431e+14 0.4289844533842684 -1.7634429037570953
3.7373107013191762e+14 0.4282869122659902 -1.7657227814197540
3.7500280163405281e+14 0.4276004241763881 -1.7679922282695770
3.7627886058215862e+14 0.4269264700869842 -1.7702467739582062
3.7755926170166144e+14 0.4262638489500401 -1.7724879086017609
3.7884401976809525e+14 0.4256147010646195 -1.7747126519680023
3.8013314960727231e+14 0.4249764402013338 -1.7769269645214081
3.8142666609545406e+14 0.4243503740508160 -1.7791248857975006
3.8272458415952294e+14 0.4237349740399991 -1.7813138663768768
3.8402691877715444e+14 0.4231329900958744 -1.7834834754467010
3.8533368497699175e+14 0.4225409040301119 -1.7856441438198090
3.8664489783881275e+14 0.4219607648361237 -1.7877899110317230
3.8796057249371344e+14 0.4213933162650547 -1.7899192869663239
3.8928072412427638e+14 0.4208372011496135 -1.7920367419719696
3.9060536796474731e+14 0.4202893231737582 -1.7941482365131378
3.9193451930121112e+14 0.4197518631423214 -1.7962522804737091
3.9326819347176819e+14 0.4192270572378967 -1.7983384430408478
3.9460640586671119e+14 0.4187131197780886 -1.8004111945629120
3.9594917192870312e+14 0.4182108083351990 -1.8024720251560211
3.9729650715295500e+14 0.4177184750912724 -1.8045209348201752
3.9864842708740512e+14 0.4172381982789375 -1.8065534532070160
4.0000494733289812e+14 0.4167669798111571 -1.8085800111293793
4.0136608354336525e+14 0.4163071032184892 -1.8105931580066681
4.0273185142600662e+14 0.4158584765465719 -1.8125914037227631
4.0410226674146569e+14 0.4154197830752576 -1.8145807087421417
4.0547734530402131e+14 0.4149925794604136 -1.8165536224842072
4.0685710298176344e+14 0.4145768000152764 -1.8185131251811981
4.0824155569677788e+14 0.4141700955785684 -1.8204651772975922
4.0963071942533019e+14 0.4137733651188082 -1.8224082887172699
4.1102461019804975e+14 0.4133871251203712 -1.8243379890918732
4.1242324410011525e+14 0.4130119164678045 -1.8262542784214020
4.1382663727143975e+14 0.4126465370083481 -1.8281601369380951
4.1523480590685725e+14 0.4122931673349743 -1.8300496041774750
4.1664776625630950e+14 0.4119488305391545 -1.8319316208362579
4.1806553462503356e+14 0.4116139224452412 -1.8338046967983246
4.1948812737375156e+14 0.4112892448628452 -1.8356643617153168
4.2091556091885294e+14 0.4109766326036017 -1.8375076353549957
4.2234785173259362e+14 0.4106734999569568 -1.8393419682979584
4.2378501634327981e+14 0.4103807658396973 -1.8411628901958466
4.2522707133546019e+14 0.4100990285069767 -1.8429674208164215
4.2667403335011719e+14 0.4098290854730528 -1.8447481095790863
4.2812591908485938e+14 0.4095684370308941 -1.8465213477611542
4.2958274529411356e+14 0.4093176133303245 -1.8482811748981476
4.3104452878931894e+14 0.4090774554650511 -1.8500275909900665
4.3251128643912019e+14 0.4088460924509252 -1.8517665565013885
4.3398303516956294e+14 0.4086246431548894 -1.8534921109676361
4.3545979196428862e+14 0.4084134775001054 -1.8552057445049286
4.3694157386473044e+14 0.4082116821829036 -1.8569074571132660
4.3842839797031219e+14 0.4080192536828016 -1.8586002290248871
4.3992028143863800e+14 0.4078374550223325 -1.8602795898914337
4.4141724148570138e+14 0.4076651600004836 -1.8619470298290253
4.4291929538607644e+14 0.4074987782284871 -1.8636278808116913
4.4442646047311938e+14 0.4073416087181044 -1.8653161823749542
4.4593875413916812e+14 0.4071942006942004 -1.8669940531253815
4.4745619383574338e+14 0.4070569320899785 -1.8686600029468536
4.4897879707374975e+14 0.4069284933420030 -1.8703185021877289
4.5050658142367794e+14 0.4068100250847670 -1.8719665706157684
4.5203956451580756e+14 0.4067022946135223 -1.8735997378826141
4.5357776404041044e+14 0.4066042332766703 -1.8752239644527435
4.5512119774795488e+14 0.4065160781807975 -1.8768377602100372
4.5666988344931225e+14 0.4064374900397356 -1.8784411251544952
4.5822383901595519e+14 0.4063686897799883 -1.8800340592861176
4.5978308238017494e+14 0.4063095265466555 -1.8816180527210236
4.6134763153528081e+14 0.4062597547520694 -1.8832005560398102
4.6291750453580975e+14 0.4062199759386440 -1.8847711384296417
4.6449271949773469e+14 0.4061901215957573 -1.8863312900066376
4.6607329459867350e+14 0.4061698184471052 -1.8878825008869171
4.6765924807809888e+14 0.4061598457663220 -1.8894217908382416
4.6925059823754875e+14 0.4061582823677416 -1.8909566104412079
4.7084736344083744e+14 0.4061676112917896 -1.8924765288829803
4.7244956211426769e+14 0.4061865154562328 -1.8939875066280365
4.7405721274684325e+14 0.4062150407355631 -1.8954880535602570
4.7567033389048212e+14 0.4062531164722428 -1.8969811499118805
4.7728894416023281e+14 0.4063011810149379 -1.8984638154506683
4.7891306223448119e+14 0.4063587756825225 -1.8999390304088593
4.8054270685517775e+14 0.4064260114704740 -1.9014067947864532
4.8217789682804606e+14 0.4065031065000902 -1.9028641283512115
4.8381865102280188e+14 0.4065899915122360 -1.9043125212192535
4.8546498837337081e+14 0.4066865448300909 -1.9057504832744598
4.8711692787810669e+14 0.4067924220838584 -1.9071809947490692
4.8877448860001100e+14 0.4069077727598799 -1.9086025655269623
4.9043768966695269e+14 0.4070329709486123 -1.9100151956081390
4.9210655027188912e+14 0.4071679912760586 -1.9114188849925995
4.9378108967308731e+14 0.4073124602799306 -1.9128136336803436
4.9546132719434625e+14 0.4074679270592722 -1.9142083823680878
4.9714728222522219e+14 0.4076344251139578 -1.9156180322170258
4.9883897422124369e+14 0.4078114149229873 -1.9170157611370087
5.0053642270414894e+14 0.4079993518260988 -1.9184015691280365
5.0223964726210250e+14 0.4081963395005623 -1.9197829067707062
5.0394866754992350e+14 0.4084035822271591 -1.9211553037166595
5.0566350328931250e+14 0.4086206463388810 -1.9225202500820160
5.0738417426907906e+14 0.4088482671680764 -1.9238747656345367
5.0911070034536994e+14 0.4090858660459880 -1.9252218306064606
5.1084310144189856e+14 0.4093334216866477 -1.9265614449977875
5.1258139755017450e+14 0.4095915020458200 -1.9278906285762787
5.1432560872973462e+14 0.4098615794378560 -1.9292302429676056
5.1607575510837425e+14 0.4101423329335476 -1.9305594265460968
5.1783185688238162e+14 0.4104337042496247 -1.9318781793117523
5.1959393431676256e+14 0.4107350239415525 -1.9331924617290497
5.2136200774548706e+14 0.4110468813059749 -1.9344978034496307
5.2313609757171525e+14 0.4113689609451189 -1.9357971847057343
5.2491622426803519e+14 0.4117018582083144 -1.9370861351490021
5.2670240837669894e+14 0.4120447331564550 -1.9383691251277924
5.2849467050985988e+14 0.4123978088019539 -1.9396461546421051
5.3029303134981019e+14 0.4127618617466712 -1.9409127533435822
5.3209751164921988e+14 0.4131385222520353 -1.9421853125095367
5.3390813223137600e+14 0.4135260926173526 -1.9434474408626556
5.3572491399042306e+14 0.4139238897943222 -1.9447036087512970
5.3754787789160431e+14 0.4143322909950801 -1.9459553062915802
5.3937704497150319e+14 0.4147518950701678 -1.9471950829029083
5.4121243633828888e+14 0.4151816312915670 -1.9484318792819977
5.4305407317195062e+14 0.4156224146396917 -1.9496582448482513
5.4490197672455556e+14 0.4160735622895611 -1.9508816301822662
5.4675616832048519e+14 0.4165355706961231 -1.9520960748195648
5.4861666935668344e+14 0.4170093284292757 -1.9533060491085052
5.5048350130290381e+14 0.4174963471622110 -1.9545190036296844
5.5235668570195712e+14 0.4179943114890119 -1.9557230174541473
5.5423624416995994e+14 0.4185034068164792 -1.9569210708141327
5.5612219839658406e+14 0.4190235128966899 -1.9581116735935211
5.5801457014530700e+14 0.4195544986708770 -1.9592992961406708
5.5991338125366294e+14 0.4200964820607573 -1.9604779779911041
5.6181865363349475e+14 0.4206493758854474 -1.9616536796092987
5.6373040927120700e+14 0.4212133718296011 -1.9628219306468964
5.6564867022802175e+14 0.4217886999776719 -1.9639827311038971
5.6757345864022400e+14 0.4223741614558219 -1.9651345908641815
5.6950479671943112e+14 0.4229703253259985 -1.9662834703922272
5.7144270675283988e+14 0.4235777077057147 -1.9674248993396759
5.7338721110348562e+14 0.4241958955991335 -1.9685648381710052
5.7533833221050088e+14 0.4248255296887481 -1.9696943461894989
5.7729609258937375e+14 0.4254660641251292 -1.9708208739757538
5.7926051483220825e+14 0.4261178978558664 -1.9719399511814117
5.8123162160798462e+14 0.4267807039095097 -1.9730560481548309
5.8320943566282125e+14 0.4274547881095039 -1.9741661846637726
5.8519397982023675e+14 0.4281466132852058 -1.9752793014049530
5.8718527698141362e+14 0.4288541041217012 -1.9763983786106110
5.8918335012546500e+14 0.4295734702181038 -1.9775085151195526
5.9118822230969000e+14 0.4303046330120517 -1.9786171615123749
5.9319991666985425e+14 0.4310475374675496 -1.9797168672084808
5.9521845642044762e+14 0.4318021796650294 -1.9808135926723480
5.9724386485495375e+14 0.4325686297674795 -1.9819073379039764
5.9927616534611950e+14 0.4333469947731946 -1.9829951226711273
6.0131538134622475e+14 0.4341372662347195 -1.9840769469738007
6.0336153638735250e+14 0.4349375863339668 -1.9851528108119965
6.0541465408166050e+14 0.4357486539113000 -1.9862256944179535
6.0747475812165425e+14 0.4365715241368070 -1.9872896373271942
6.0954187228045988e+14 0.4374063140818854 -1.9883520901203156
6.1161602041209888e+14 0.4382529014290609 -1.9894085824489594
6.1369722645176538e+14 0.4391114599039395 -1.9904635846614838
6.1578551441609288e+14 0.4399818160855763 -1.9915096461772919
6.1788090840344612e+14 0.4408642167326773 -1.9925557076931000
6.1998343259418900e+14 0.4417585427542466 -1.9935972988605499
6.2209311125096662e+14 0.4426666249620774 -1.9946359097957611
6.2420996871898475e+14 0.4435869318141019 -1.9956715404987335
6.2633402942629125e+14 0.4445193854850778 -1.9967027008533478
6.2846531788405725e+14 0.4454639109060519 -1.9977293908596039
6.3060385868686088e+14 0.4464208591877057 -1.9987575709819794
6.3274967651297062e+14 0.4473895843827911 -1.9997753202915192
6.3490279612462988e+14 0.4483707619707933 -2.0007945597171783
6.3706324236834300e+14 0.4493639210809752 -2.0018063485622406
6.3923104017516250e+14 0.4503719247732816 -2.0028211176395416
6.4140621456097800e+14 0.4513975410972072 -2.0038343966007233
6.4358879062679612e+14 0.4524360223380499 -2.0048461854457855
6.4577879355904450e+14 0.4534875529990079 -2.0058564841747284
6.4797624862985262e+14 0.4545513689338108 -2.0068623125553131
6.5018118119734588e+14 0.4556277859845663 -2.0078651607036591
6.5239361670593850e+14 0.4567164458371721 -2.0088620483875275
6.5461358068662662e+14 0.4578183448416330 -2.0098589360713959
6.5684109875728338e+14 0.4589329721112896 -2.0108543336391449
6.5907619662295425e+14 0.4600662344979006 -2.0118497312068939
6.6131890007615400e+14 0.4612129925714317 -2.0128436386585236
6.6356923499716388e+14 0.4623724981532187 -2.0138345658779144
6.6582722735433075e+14 0.4635454242647629 -2.0148240029811859
6.6809290320436638e+14 0.4647311662639858 -2.0158089697360992
6.7036628869265112e+14 0.4659299636759384 -2.0167924463748932
6.7264741005352425e+14 0.4671421591600391 -2.0177729427814484
6.7493629361060400e+14 0.4683676588930593 -2.0187519490718842
6.7723296577707925e+14 0.4696017491543201 -2.0197249948978424
6.7953745305601800e+14 0.4708475382846719 -2.0206920802593231
6.8184978204067275e+14 0.4721069412533729 -2.0216606557369232
6.8416997941478750e+14 0.4733790251823077 -2.0226247608661652
6.8649807195290562e+14 0.4746646141015604 -2.0235873758792877
6.8883408652067875e+14 0.4759632011093783 -2.0245485007762909
6.9117805007517712e+14 0.4772748379495436 -2.0255066454410553
6.9352998966520038e+14 0.4785998953493340 -2.0264632999897003
6.9588993243158962e+14 0.4799361255618566 -2.0274169743061066
6.9825790560754400e+14 0.4812855923540960 -2.0283691585063934
7.0063393651892262e+14 0.4826472323170314 -2.0293168723583221
7.0301805258457812e+14 0.4840223927226884 -2.0302630960941315
7.0541028131666088e+14 0.4854116896284332 -2.0312093198299408
7.0781065032093925e+14 0.4868135356107055 -2.0321525633335114
7.1021918729711900e+14 0.4882285583393015 -2.0330943167209625
7.1263592003916225e+14 0.4896572678560680 -2.0340360701084137
7.1506087643560800e+14 0.4910958871195490 -2.0349718630313873
7.1749408446989475e+14 0.4925482978482197 -2.0359076559543610
7.1993557222068300e+14 0.4940137238652229 -2.0368404686450958
7.2238536786217900e+14 0.4954921953068743 -2.0377732813358307
7.2484349966446025e+14 0.4969842596216575 -2.0387031137943268
7.2730999599380475e+14 0.4984903530323719 -2.0396344363689423
7.2978488531300600e+14 0.5000083132978864 -2.0405612885951996
7.3226819618172000e+14 0.5015374481859505 -2.0414851605892181
7.3475995725678212e+14 0.5030731573153825 -2.0424045622348785
7.3726019729254150e+14 0.5046232979582888 -2.0433254539966583
7.3976894514119212e+14 0.5061845559744468 -2.0442403852939606
7.4228622975310662e+14 0.5077617943370457 -2.0451582968235016
7.4481208017716950e+14 0.5093494248067499 -2.0460717380046844
7.4734652556111325e+14 0.5109507706995015 -2.0469851791858673
7.4988959515185375e+14 0.5125664415399198 -2.0478971302509308
7.5244131829582838e+14 0.5141967230038066 -2.0488105714321136
7.5500172443933475e+14 0.5158404929232565 -2.0497210323810577
7.5757084312887000e+14 0.5174982686774804 -2.0506314933300018
7.6014870401147538e+14 0.5191710778542888 -2.0515434443950653
7.6273533683506538e+14 0.5208550215497004 -2.0524509251117706
7.6533077144879050e+14 0.5225490903957033 -2.0533554255962372
7.6793503780336825e+14 0.5242618218493433 -2.0542629063129425
7.7054816595143262e+14 0.5259840370422844 -2.0551674067974091
7.7317018604788075e+14 0.5277190734141968 -2.0560704171657562
7.7580112835022075e+14 0.5294668225420470 -2.0569719374179840
7.7844102321892075e+14 0.5312287622972175 -2.0578734576702118
7.8108990111775975e+14 0.5330032403538594 -2.0587734878063202
7.8374779261417862e+14 0.5347913569778935 -2.0596720278263092
7.8641472837963312e+14 0.5365910935485902 -2.0605690777301788
7.8909073918994788e+14 0.5384053161556993 -2.0614676177501678
7.9177585592567125e+14 0.5402202863835640 -2.0623572170734406
7.9447010957243538e+14 0.5420461317342250 -2.0632438361644745
7.9717353122130038e+14 0.5438869665438952 -2.0641319453716278
7.9988615206913262e+14 0.5457400643803194 -2.0650185644626617
8.0260800341895212e+14 0.5476072412165275 -2.0659051835536957
8.0533911668029662e+14 0.5494873117781549 -2.0667903125286102
8.0807952336958412e+14 0.5513813749105425 -2.0676769316196442
8.1082925511047688e+14 0.5532988900186760 -2.0685650408267975
8.1358834363424575e+14 0.5552300615250126 -2.0694531500339508
8.1635682078013700e+14 0.5571755548601456 -2.0703412592411041
8.1913471849573925e+14 0.5591334028099350 -2.0712278783321381
8.2192206883735262e+14 0.5611044070455782 -2.0721115171909332
8.2471890397035788e+14 0.5630890081890403 -2.0729966461658478
8.2752525616959200e+14 0.5650839853894560 -2.0738773047924042
8.3034115781970612e+14 0.5670631801610969 -2.0747460424900055
8.3316664141556025e+14 0.5690540206168410 -2.0756132900714874
8.3600173956258450e+14 0.5710556449532832 -2.0764790475368500
8.3884648497715850e+14 0.5730710651149136 -2.0773433148860931
8.4170091048698912e+14 0.5751006211757279 -2.0782075822353363
8.4456504903148950e+14 0.5771437819970127 -2.0790718495845795
8.4743893366215888e+14 0.5791954522468578 -2.0799316465854645
8.5032259754296400e+14 0.5812668736181631 -2.0807944238185883
8.5321607395072200e+14 0.5833525451074439 -2.0816572010517120
8.5611939627548425e+14 0.5854517296834747 -2.0825184881687164
8.5903259802092175e+14 0.5875615519624218 -2.0833767950534821
8.6195571280471525e+14 0.5896828116616777 -2.0842351019382477
8.6488877435892925e+14 0.5918170099401547 -2.0850904285907745
8.6783181653042212e+14 0.5939538088815512 -2.0859427750110626
8.7078487328122262e+14 0.5960846656277569 -2.0867846906185150
8.7374797868892575e+14 0.5982271846073922 -2.0876266062259674
8.7672116694708550e+14 0.6003811317486057 -2.0884670317173004
8.7970447236560962e+14 0.6025446960161889 -2.0893029868602753
8.8269792937115562e+14 0.6047217676687446 -2.0901404321193695
8.8570157250752800e+14 0.6069078907485391 -2.0909734070301056
8.8871543643607688e+14 0.6091135452561136 -2.0918093621730804
8.9173955593609775e+14 0.6113333539123923 -2.0926438271999359
8.9477396590523338e+14 0.6135642677177725 -2.0934768021106720
8.9781870135987600e+14 0.6158021703008288 -2.0943053066730499
9.0087379743557512e+14 0.6180563670834215 -2.0951338112354279
9.0393928938742862e+14 0.6203211896660240 -2.0959608256816864
9.0701521259051150e+14 0.6225976984857121 -2.0967848598957062
9.1010160254026888e+14 0.6248741836754955 -2.0976044237613678
9.1319849485293025e+14 0.6271591154668115 -2.0984195172786713
9.1630592526591950e+14 0.6294583691145201 -2.0992346107959747
9.1942392963826800e+14 0.6317640532713502 -2.1000452339649200
9.2255254395102838e+14 0.6340872895152256 -2.1008558571338654
9.2569180430768912e+14 0.6364233757964670 -2.1016649901866913
9.2884174693459175e+14 0.6387411292209981 -2.1024622023105621
9.3200240818134900e+14 0.6410578165834598 -2.1032519638538361
9.3517382452126350e+14 0.6433867327718236 -2.1040417253971100
9.3835603255174975e+14 0.6457263818755746 -2.1048270165920258
9.4154906899475912e+14 0.6480768320765773 -2.1056108176708221
9.4475297069718938e+14 0.6504324165043669 -2.1063916385173798
9.4796777463133212e+14 0.6528031266355945 -2.1071694791316986
9.5119351789528438e+14 0.6551927426596278 -2.1079473197460175
9.5443023771338050e+14 0.6575925414989297 -2.1087236702442169
9.5767797143662188e+14 0.6600001076962135 -2.1094955503940582
9.6093675654310775e+14 0.6624221063584752 -2.1102659404277802
9.6420663063846775e+14 0.6648496695304804 -2.1110318601131439
9.6748763145629588e+14 0.6672902694404059 -2.1117947995662689
9.7077979685858600e+14 0.6697166829349989 -2.1125487983226776
9.7408316483616875e+14 0.6721423219803192 -2.1132938563823700
9.7739777350915375e+14 0.6745816082337019 -2.1140389144420624
9.8072366112735388e+14 0.6770302311710232 -2.1147795021533966
9.8406086607075025e+14 0.6794871244433663 -2.1155171096324921
9.8740942684991938e+14 0.6819514218787168 -2.1162502467632294
9.9076938210648150e+14 0.6844260115145719 -2.1169789135456085
9.9414077061354662e+14 0.6869117171555544 -2.1177046000957489
9.9752363127616150e+14 0.6894077703883819 -2.1184273064136505
1.0009180031317592e+15 0.6919078294622935 -2.1191455423831940
1.0043239253506095e+15 0.6944187695007956 -2.1198593080043793
1.0077414372362700e+15 0.6969427775305618 -2.1205700933933258
1.0111705782260412e+15 0.6994481087612299 -2.1212689578533173
1.0146113878914202e+15 0.7019482025962547 -2.1219588816165924
1.0180639059385582e+15 0.7044445922326984 -2.1226428449153900
1.0215281722087228e+15 0.7069546210441372 -2.1233238279819489
1.0250042266787402e+15 0.7094742345920295 -2.1239988505840302
1.0284921094614829e+15 0.7120008275243783 -2.1246694028377533
1.0319918608063149e+15 0.7145356062735738 -2.1253369748592377
1.0355035210995608e+15 0.7170735790422531 -2.1259970963001251
1.0390271308649716e+15 0.7196217365554399 -2.1266527473926544
1.0425627307641926e+15 0.7221766137816870 -2.1273039281368256
1.0461103615972324e+15 0.7247443617912344 -2.1279506385326385
1.0496700643029339e+15 0.7273153886946534 -2.1285913884639740
1.0532418799594464e+15 0.7298894359356255 -2.1292261779308319
1.0568258497847000e+15 0.7324582459818368 -2.1298505365848541
1.0604220151368812e+15 0.7350284119343943 -2.1304704248905182
1.0640304175149101e+15 0.7376088674457648 -2.1310843527317047
1.0676510985589235e+15 0.7401955149281062 -2.1316923201084137
1.0712841000507380e+15 0.7427894875648581 -2.1322928369045258
1.0749294639143585e+15 0.7453911932707628 -2.1328888833522797
1.0785872322164445e+15 0.7479996129113217 -2.1334789693355560
1.0822574471667999e+15 0.7506076837579670 -2.1340616047382355
1.0859401511188600e+15 0.7532315495481897 -2.1346382796764374
1.0896353865701804e+15 0.7558590138451876 -2.1352089941501617
1.0933431961629270e+15 0.7584869922916078 -2.1357722580432892
1.0970636226843689e+15 0.7610983076301510 -2.1363236010074615
1.1007967090673710e+15 0.7636875492271505 -2.1368615329265594
1.1045424983908909e+15 0.7662786863437582 -2.1373920142650604
1.1083010338804744e+15 0.7688750351103076 -2.1379165351390839
1.1120723589087556e+15 0.7714773628413740 -2.1384336054325104
1.1158565169959615e+15 0.7740838913202572 -2.1389417350292206
1.1196535518103958e+15 0.7766947335640584 -2.1394439041614532
1.1234635071689702e+15 0.7793111909487601 -2.1399386227130890
1.1272864270376925e+15 0.7819328634417105 -2.1404258906841278
1.1311223555321772e+15 0.7845546154821396 -2.1409042179584503
1.1349713369181560e+15 0.7871848861466212 -2.1413750946521759
1.1388334156119875e+15 0.7898167111790617 -2.1418385207653046
1.1427086361811708e+15 0.7924437906274426 -2.1422900259494781
1.1465970433448582e+15 0.7950563819067342 -2.1427325904369354
1.1504986819743735e+15 0.7976857134147129 -2.1431677043437958
1.1544135970937278e+15 0.8003105895050675 -2.1435938775539398
1.1583418338801445e+15 0.8029510916960698 -2.1440111100673676
1.1622834376645622e+15 0.8055850013749962 -2.1444194018840790
1.1662384539321858e+15 0.8082222675221449 -2.1448187530040741
1.1702069283229918e+15 0.8108610387185357 -2.1452091634273529
1.1741889066322610e+15 0.8135102962440460 -2.1455891430377960
1.1781844348111060e+15 0.8161582077582020 -2.1459601819515228
1.1821935589670018e+15 0.8188016467159023 -2.1463222801685333
1.1862163253643180e+15 0.8214315563673494 -2.1466709673404694
1.1902527804248522e+15 0.8240323453160735 -2.1470062434673309
1.1943029707283668e+15 0.8266302769817432 -2.1473310887813568
1.1983669430131242e+15 0.8292336650368344 -2.1476455032825470
1.2024447441764298e+15 0.8318343953041437 -2.1479509770870209
1.2065364212751690e+15 0.8344396331749652 -2.1482460200786591
1.2106420215263588e+15 0.8370508848110043 -2.1485306322574615
1.2147615923076702e+15 0.8396596904502291 -2.1488048136234283
1.2188951811580068e+15 0.8422675447263990 -2.1490685641765594
1.2230428357780315e+15 0.8448766847154681 -2.1493218839168549
1.2272046040307238e+15 0.8474868003042545 -2.1495632827281952
1.2313805339419308e+15 0.8500892969389570 -2.1497927606105804
1.2355706737009220e+15 0.8526578206805532 -2.1500088274478912
1.2397750716609450e+15 0.8552191834633063 -2.1502144634723663
1.2439937763397845e+15 0.8577872834071483 -2.1504081785678864
1.2482268364203205e+15 0.8603564527404350 -2.1505899727344513
1.2524743007510920e+15 0.8629158493797138 -2.1507613360881805
1.2567362183468588e+15 0.8654846733132260 -2.1509192883968353
1.2610126383891685e+15 0.8680478911669508 -2.1510668098926544
1.2653036102269288e+15 0.8706089609171739 -2.1512024104595184
1.2696091833769562e+15 0.8731808549446918 -2.1513245999813080
1.2739294075245788e+15 0.8757454268675144 -2.1514348685741425
1.2782643325241878e+15 0.8783040028012812 -2.1515332162380219
1.2826140083998195e+15 0.8808504364869426 -2.1516181528568268
1.2869784853457320e+15 0.8833888817848787 -2.1516911685466766
1.2913578137269842e+15 0.8859333636247378 -2.1517507731914520
1.2957520440800170e+15 0.8884714405344705 -2.1517969667911530
1.3001612271132365e+15 0.8910093548213652 -2.1518297493457794
1.3045854137076000e+15 0.8935529906660565 -2.1518491208553314
1.3090246549172015e+15 0.8960888184290198 -2.1518550813198090
1.3134790019698622e+15 0.8986104788373637 -2.1518491208553314
1.3179485062677218e+15 0.9011561820328863 -2.1518267691135406
1.3224332193878355e+15 0.9036720635114244 -2.1517924964427948
1.3269331930827492e+15 0.9061646828326383 -2.1517433226108551
1.3314484792811288e+15 0.9086252803507873 -2.1516807377338409
1.3359791300883368e+15 0.9110939392449111 -2.1516047418117523
1.3405251977870400e+15 0.9135381541443041 -2.1515153348445892
1.3450867348378132e+15 0.9159847011065479 -2.1514110267162323
1.3496637938797432e+15 0.9184278558214878 -2.1512933075428009
1.3542564277310372e+15 0.9208711413875583 -2.1511606872081757
1.3588646893896325e+15 0.9233127937333574 -2.1510116755962372
1.3634886320338072e+15 0.9257443260539571 -2.1508492529392242
1.3681283090227945e+15 0.9281702101532705 -2.1506719291210175
1.3727837738974040e+15 0.9305934925351458 -2.1504797041416168
1.3774550803806172e+15 0.9329918076768403 -2.1502740681171417
1.3821422823782405e+15 0.9353930753793442 -2.1500520408153534
1.3868454339795058e+15 0.9377660354915391 -2.1498166024684906
1.3915645894576992e+15 0.9401440828421105 -2.1495647728443146
1.3962998032707885e+15 0.9425235583287711 -2.1492965519428253
1.4010511300620500e+15 0.9448898607613885 -2.1490134298801422
1.4058186246607012e+15 0.9472566447804499 -2.1487139165401459
1.4106023420825320e+15 0.9496241076754912 -2.1483965218067169
1.4154023375305392e+15 0.9519703710947216 -2.1480657160282135
1.4202186663955652e+15 0.9543206541529236 -2.1477155387401581
1.4250513842569360e+15 0.9566437104888935 -2.1473519504070282
1.4299005468831028e+15 0.9589365426450323 -2.1469779312610626
1.4347662102322910e+15 0.9612125922457462 -2.1465860307216644
1.4396484304531240e+15 0.9634922657634070 -2.1461777389049530
1.4445472638853042e+15 0.9657706095475729 -2.1457530558109283
1.4494627670602418e+15 0.9680372997754059 -2.1453104913234711
1.4543949967017108e+15 0.9702951339794159 -2.1448515355587006
1.4593440097265058e+15 0.9725359567354815 -2.1443761885166168
1.4643098632450972e+15 0.9747783581384756 -2.1438829600811005
1.4692926145622912e+15 0.9770185315958682 -2.1433703601360321
1.4742923211778902e+15 0.9792314628577851 -2.1428428590297699
1.4793090407873578e+15 0.9814201824699089 -2.1423034369945526
1.4843428312824820e+15 0.9836240667190527 -2.1417446434497833
1.4893937507520468e+15 0.9857741678306550 -2.1411724388599396
1.4944618574824990e+15 0.9879255588147506 -2.1405823528766632
1.4995472099586298e+15 0.9900915867723561 -2.1399699151515961
1.5046498668642230e+15 0.9922344095156885 -2.1393425762653351
1.5097698870827705e+15 0.9943779550090364 -2.1386943757534027
1.5149073296981265e+15 0.9965009953328252 -2.1380297839641571
1.5200622539951955e+15 0.9986032828877056 -2.1373473107814789
1.5252347194606170e+15 1.0007206710468486 -2.1366439759731293
1.5304247857834512e+15 1.0027999889098955 -2.1359287202358246
1.5356325128558682e+15 1.0048759030820209 -2.1351970732212067
1.5408579607738392e+15 1.0069438665490578 -2.1344445645809174
1.5461011898378298e+15 1.0089618250782793 -2.1336786448955536
1.5513622605534958e+15 1.0109923614837588 -2.1328903734683990
1.5566412336323818e+15 1.0130326368403233 -2.1320812404155731
1.5619381699926210e+15 1.0150386103466771 -2.1312542259693146
1.5672531307596462e+15 1.0170510879562615 -2.1304063498973846
1.5725861772668675e+15 1.0190259100637691 -2.1295420825481415
1.5779373710564200e+15 1.0210167888948136 -2.1286539733409882
1.5833067738798475e+15 1.0229588026092264 -2.1277599036693573
1.5886944476988220e+15 1.0248780809158495 -2.1268509328365326
1.5941004546858590e+15 1.0267928011237735 -2.1259240806102753
1.5995248572250338e+15 1.0287007235462573 -2.1249748766422272
1.6049677179127028e+15 1.0305845468016239 -2.1240077912807465
1.6104290995582245e+15 1.0324602899458073 -2.1230213344097137
1.6159090651846855e+15 1.0343237461286749 -2.1220140159130096
1.6214076780296275e+15 1.0361717021329091 -2.1209858357906342
1.6269250015457828e+15 1.0380127265317378 -2.1199382841587067
1.6324610994017810e+15 1.0398486520348862 -2.1188683807849884
1.6380160354829228e+15 1.0416380629367017 -2.1177940070629120
1.6435898738918915e+15 1.0433994862477347 -2.1167092025279999
1.6491826789494990e+15 1.0451398208645715 -2.1156050264835358
1.6547945151954272e+15 1.0468834054890821 -2.1144784986972809
1.6604254473889742e+15 1.0486128221240687 -2.1133325994014740
1.6660755405098010e+15 1.0503228029272687 -2.1121658384799957
1.6717448597586805e+15 1.0520379820163341 -2.1109767258167267
1.6774334705582520e+15 1.0537175398803160 -2.1097697317600250
1.6831414385537732e+15 1.0553824014114315 -2.1085433661937714
1.6888688296138810e+15 1.0570433995080648 -2.1072916686534882
1.6946157098313490e+15 1.0587026652641158 -2.1060161292552948
1.7003821455238582e+15 1.0603576500145173 -2.1047137677669525
1.7061682032347350e+15 1.0619781344928452 -2.1033920347690582
1.7119739497337595e+15 1.0636150798796977 -2.1020464599132538
1.7177994520179095e+15 1.0652010705085300 -2.1006800234317780
1.7236447773121395e+15 1.0667692903079045 -2.0992942154407501
1.7295099930701578e+15 1.0683590219853847 -2.0978815853595734
1.7353951669752030e+15 1.0699125733362416 -2.0964480936527252
1.7413003669408270e+15 1.0714583532902271 -2.0949922502040863
1.7472256611116772e+15 1.0729876255461763 -2.0935125648975372
1.7531711178642840e+15 1.0744670966595451 -2.0920433104038239
1.7591368058078490e+15 1.0759392622025483 -2.0905502140522003
1.7651227937850372e+15 1.0773779271941772 -2.0890392363071442
1.7711291508727718e+15 1.0788173211944718 -2.0875029265880585
1.7771559463830368e+15 1.0802438924726880 -2.0859442651271820
1.7832032498636508e+15 1.0816449656125142 -2.0843632519245148
1.7892711310991098e+15 1.0830601697424158 -2.0827554166316986
1.7953596601113662e+15 1.0844153725273957 -2.0811311900615692
1.8014689071606430e+15 1.0857747783587632 -2.0794816315174103
1.8075989427462438e+15 1.0870973665182060 -2.0778395235538483
1.8137498376073675e+15 1.0883701495526477 -2.0762197673320770
1.8199216627239248e+15 1.0896192178019315 -2.0745791494846344
1.8261144893173558e+15 1.0908685478272717 -2.0729161798954010
1.8323283888514532e+15 1.0920810380430772 -2.0712338387966156
1.8385634330331868e+15 1.0932921682325645 -2.0695291459560394
1.8448196938135305e+15 1.0944862074500072 -2.0678021013736725
1.8510972433882930e+15 1.0956599912870737 -2.0660541951656342
1.8573961541989580e+15 1.0968124365047887 -2.0642869174480438
1.8637164989334910e+15 1.0979642891438626 -2.0624928176403046
1.8700583505272220e+15 1.0990950796738548 -2.0606733858585358
1.8764217821636580e+15 1.1002113304530290 -2.0588256418704987
1.8828068672753345e+15 1.1013077724294589 -2.0569570362567902
1.8892136795446635e+15 1.1023721560582194 -2.0550675690174103
1.8956422929047830e+15 1.1034551867670028 -2.0531482994556427
1.9020927815404105e+15 1.1045130308213678 -2.0512081682682037
1.9085652198886995e+15 1.1055506981815502 -2.0492456853389740
1.9150596826400982e+15 1.1065616772494493 -2.0472608506679535
1.9215762447392110e+15 1.1075381378490587 -2.0452566444873810
1.9281149813856718e+15 1.1085202018314877 -2.0432241261005402
1.9346759680349795e+15 1.1094961323678800 -2.0411543548107147
1.9412592803994175e+15 1.1104455814747782 -2.0390592515468597
1.9478649944488940e+15 1.1113967807487235 -2.0369388163089752
1.9544931864118280e+15 1.1122978406686961 -2.0348004996776581
1.9611439327760285e+15 1.1131820995360162 -2.0326368510723114
1.9678173102895768e+15 1.1140652075151365 -2.0304463803768158
1.9745133959617122e+15 1.1149062394154057 -2.0282320678234100
1.9812322670637220e+15 1.1157565581598399 -2.0259909331798553
1.9879740011298310e+15 1.1165600792815595 -2.0237304270267487
1.9947386759580980e+15 1.1173512594472295 -2.0215205848217010
2.0015263696113122e+15 1.1181050508702035 -2.0193003118038177
2.0083371604178958e+15 1.1188057149488366 -2.0170636475086212
2.0151711269728140e+15 1.1195368672228398 -2.0147956907749176
2.0220283481384508e+15 1.1202417907293527 -2.0125083625316620
2.0289089030455675e+15 1.1208989824655062 -2.0102001726627350
2.0358128710941832e+15 1.1215570868938056 -2.0078651607036591
2.0427403319544990e+15 1.1222069559039802 -2.0055063068866730
2.0496913655678182e+15 1.1228161722192997 -2.0031280815601349
2.0566660521474678e+15 1.1234174453903623 -2.0007468760013580
2.0636644721797248e+15 1.1239816202290995 -1.9983671605587006
2.0706867064247445e+15 1.1245465248450486 -1.9959591329097748
2.0777328359174930e+15 1.1250706407650828 -1.9935347139835358
2.0848029419686822e+15 1.1255832932414795 -1.9910849630832672
2.0918971061657075e+15 1.1260717105752989 -1.9886143505573273
2.0990154103735900e+15 1.1265528220499081 -1.9861184060573578
2.1061579367359295e+15 1.1270309837726720 -1.9835956394672394
2.1133247676758185e+15 1.1274668331801503 -1.9810535013675690
2.1205159858968438e+15 1.1278693371047444 -1.9784994423389435
2.1277316743840078e+15 1.1282575355931268 -1.9759528338909149
2.1349719164046938e+15 1.1286184611687573 -1.9733868539333344
2.1422367955096275e+15 1.1289578011951060 -1.9707955420017242
2.1495263955338408e+15 1.1292905388675425 -1.9681818783283234
2.1568408005976388e+15 1.1296142106202971 -1.9655428826808929
2.1641800951075718e+15 1.1299103673218087 -1.9628830254077911
2.1715443637574082e+15 1.1301784330293403 -1.9602023065090179
2.1789336915291125e+15 1.1304106832594938 -1.9574992358684540
2.1863481636938250e+15 1.1306647412786801 -1.9547678530216217
2.1937878658128475e+15 1.1308482938955540 -1.9520036876201630
2.2012528837386380e+15 1.1310492987891736 -1.9492082297801971
2.2087433036157660e+15 1.1312158262350793 -1.9463904201984406
2.2162592118819610e+15 1.1313711213839206 -1.9435472786426544
2.2238006952690735e+15 1.1315119064579258 -1.9406817853450775
2.2313678408040855e+15 1.1315969970989408 -1.9377954304218292
2.2389607358101130e+15 1.1316792343835862 -1.9348822534084320
2.2465794679074165e+15 1.1317469060351544 -1.9319467246532440
2.2542241250144095e+15 1.1318101403352565 -1.9289784133434296
2.2618947953486745e+15 1.1318334527975435 -1.9260980188846588
2.2695915674279810e+15 1.1318243658096954 -1.9232012331485748
2.2773145300713060e+15 1.1317931452985550 -1.9202835857868195
2.2850637723998690e+15 1.1317483407926656 -1.9173465669155121
2.2928393838381235e+15 1.1317064752760690 -1.9143812358379364
2.3006414541148445e+15 1.1316021515567443 -1.9114024937152863
2.3084700732641255e+15 1.1315044850643410 -1.9083939492702484
2.3163253316264290e+15 1.1313835276248831 -1.9053660333156586
2.3242073198496275e+15 1.1312518517503778 -1.9023127853870392
2.3321161288900500e+15 1.1310795487518177 -1.8992193043231964
2.3400518500135315e+15 1.1308859691004822 -1.8960990011692047
2.3480145747964660e+15 1.1306595707516507 -1.8929578363895416
2.3560043951268635e+15 1.1304142690705328 -1.8897913396358490
2.3640214032054115e+15 1.1301597907558008 -1.8866010010242462
2.3720656915465360e+15 1.1299013427093618 -1.8833853304386139
2.3801373529794725e+15 1.1296328342749935 -1.8801398575305939
2.3882364806493450e+15 1.1292705666014049 -1.8768884241580963
2.3963631680182015e+15 1.1289594250819250 -1.8735952675342560
2.4045175088661530e+15 1.1285936257836515 -1.8703930079936981
2.4126995972924150e+15 1.1282157523769705 -1.8671788275241852
2.4209095277164035e+15 1.1278095690634595 -1.8639437854290009
2.4291473948788245e+15 1.1274194093256460 -1.8606759607791901
2.4374132938427685e+15 1.1269642936050996 -1.8574051558971405
2.4457073199948060e+15 1.1265038722935530 -1.8541015684604645
2.4540295690460885e+15 1.1260456180502714 -1.8507711589336395
2.4623801370334535e+15 1.1255257025439491 -1.8474318087100983
2.4707591203205325e+15 1.1249929773049001 -1.8440686166286469
2.4791666155988630e+15 1.1244702491965057 -1.8407203257083893
2.4876027198890045e+15 1.1238943606226248 -1.8373660743236542
2.4960675305416680e+15 1.1233245262771261 -1.8339805305004120
2.5045611452387985e+15 1.1227116929072170 -1.8305845558643341
2.5130836619947635e+15 1.1220787138404353 -1.8271602690219879
2.5216351791574440e+15 1.1214481546546786 -1.8237166106700897
2.5302157954093790e+15 1.1207924393055431 -1.8202491104602814
2.5388256097689035e+15 1.1200958062418995 -1.8167681992053986
2.5474647215912930e+15 1.1194164582320543 -1.8132530152797699
2.5561332305699075e+15 1.1186410895360732 -1.8096722662448883
2.5648312367373450e+15 1.1178395798057317 -1.8060691654682159
2.5735588404665935e+15 1.1170608414713361 -1.8024332821369171
2.5823161424721900e+15 1.1162770584069643 -1.7987705767154694
2.5911032438113830e+15 1.1154179214757323 -1.7950959503650665
2.5999202458852985e+15 1.1145390438883314 -1.7914049327373505
2.6087672504401200e+15 1.1136604897127651 -1.7876811325550079
2.6176443595682220e+15 1.1127538909593120 -1.7839334905147552
2.6265516757094100e+15 1.1118631338661644 -1.7802216112613678
2.6354893016520610e+15 1.1109538282415781 -1.7766393721103668
2.6444573405343200e+15 1.1100099922212567 -1.7730392515659332
2.6534558958452905e+15 1.1090675749468826 -1.7694182693958282
2.6624850714262285e+15 1.1081099578328728 -1.7657764256000519
2.6715449714717410e+15 1.1071138480838649 -1.7621137201786041
2.6806357005309875e+15 1.1061166715643806 -1.7584331333637238
2.6897573635088885e+15 1.1050629769665574 -1.7547361552715302
2.6989100656673335e+15 1.1039920033529318 -1.7510242760181427
2.7080939126264095e+15 1.1029425864155555 -1.7472468316555023
2.7173090103655725e+15 1.1017722056545107 -1.7434410750865936
2.7265554652249400e+15 1.1006660464605629 -1.7395906150341034
2.7358333839064710e+15 1.0995342951479279 -1.7357178032398224
2.7451428734752110e+15 1.0983266538705736 -1.7318449914455414
2.7544840413605250e+15 1.0970810703742411 -1.7279528081417084
2.7638569953573405e+15 1.0958601672239301 -1.7240263521671295
2.7732618436273865e+15 1.0946157869579756 -1.7200820147991180
2.7826986947004475e+15 1.0933511817170176 -1.7161183059215546
2.7921676574756110e+15 1.0920929293252752 -1.7122291028499603
2.8016688412225270e+15 1.0908142993363470 -1.7083473503589630
2.8112023555826675e+15 1.0894895357629055 -1.7044521868228912
2.8207683105705935e+15 1.0881787317703584 -1.7005316913127899
2.8303668165752335e+15 1.0868097576652822 -1.6965962946414948
2.8399979843611130e+15 1.0854539358684403 -1.6926385462284088
2.8496619250697030e+15 1.0840811201833505 -1.6886614263057709
2.8593587502206525e+15 1.0826473639167762 -1.6846723854541779
2.8690885717130910e+15 1.0811941099917155 -1.6806788742542267
2.8788515018269180e+15 1.0797582743789078 -1.6767196357250214
2.8886476532240985e+15 1.0783228016540589 -1.6727380454540253
2.8984771389499640e+15 1.0768135043452471 -1.6687400639057159
2.9083400724345160e+15 1.0753287644379754 -1.6647301614284515
2.9182365674937350e+15 1.0738056420235700 -1.6607023775577545
2.9281667383308955e+15 1.0722589366579716 -1.6566611826419830
2.9381306995378820e+15 1.0706790699021234 -1.6525961458683014
2.9481285660965120e+15 1.0690833236417863 -1.6485162079334259
2.9581604533798755e+15 1.0674913816886038 -1.6443975269794464
2.9682264771536175e+15 1.0658658373500989 -1.6402475535869598
2.9783267535773455e+15 1.0641938955682853 -1.6360901296138763
2.9884613992059240e+15 1.0625010365462109 -1.6319118440151215
2.9986305309908300e+15 1.0608052482288977 -1.6277126967906952
3.0088342662815015e+15 1.0590334285276504 -1.6235046088695526
3.0190727228266945e+15 1.0572719667167350 -1.6192726790904999
3.0293460187758395e+15 1.0555069636917875 -1.6150228679180145
3.0396542726804060e+15 1.0537172254946245 -1.6107596457004547
3.0499976034952705e+15 1.0519052910346813 -1.6065664589405060
3.0603761305800880e+15 1.0500746560330518 -1.6023568809032440
3.0707899737006835e+15 1.0483017704936812 -1.5981145203113556
3.0812392530303710e+15 1.0464055354032684 -1.5938840806484222
3.0917240891514780e+15 1.0445281298067020 -1.5896208584308624
3.1022446030565605e+15 1.0426509690030961 -1.5853412449359894
3.1128009161499395e+15 1.0407422559786692 -1.5810422599315643
3.1233931502490365e+15 1.0387610399323877 -1.5767417848110199
3.1340214275857935e+15 1.0368579331698160 -1.5724606812000275
3.1446858708080840e+15 1.0348995180586236 -1.5682362020015717
3.1553866029811265e+15 1.0329419389737855 -1.5639878809452057
3.1661237475889060e+15 1.0309836481956705 -1.5597157180309296
3.1768974285355985e+15 1.0289728702724368 -1.5554405748844147
3.1877077701470010e+15 1.0268929587040223 -1.5511699020862579
3.1985548971719665e+15 1.0249387518881978 -1.5468336641788483
3.2094389347838560e+15 1.0228252941344687 -1.5425272285938263
3.2203600085819300e+15 1.0207515288524958 -1.5381805598735809
3.2313182445928795e+15 1.0186004521587757 -1.5337683260440826
3.2423137692722230e+15 1.0164960286374622 -1.5293218195438385
3.2533467095057840e+15 1.0142960013225979 -1.5248768031597137
3.2644171926111520e+15 1.0120772258111859 -1.5204124152660370
3.2755253463391525e+15 1.0098163119203680 -1.5159524977207184
3.2866712988753215e+15 1.0075579287319774 -1.5114627778530121
3.2978551788413840e+15 1.0053040120144214 -1.5069507062435150
3.3090771152967395e+15 1.0030193189838532 -1.5024252235889435
3.3203372377399505e+15 1.0006793281975941 -1.4979459345340729
3.3316356761102365e+15 0.9984233683852479 -1.4934472739696503
3.3429725607889750e+15 0.9960711917091160 -1.4889545738697052
3.3543480226012170e+15 0.9937376583610545 -1.4844439923763275
3.3657621928171460e+15 0.9913163388717747 -1.4799274504184723
3.3772152031536710e+15 0.9889739169628786 -1.4753706753253937
3.3887071857758935e+15 0.9865364756898301 -1.4708228409290314
3.4002382732986460e+15 0.9840897110248268 -1.4662586152553558
3.4118085987880240e+15 0.9816874385207819 -1.4617301523685455
3.4234182957629185e+15 0.9792828613234141 -1.4572687447071075
3.4350674981965590e+15 0.9768514960468069 -1.4527894556522369
3.4467563405180590e+15 0.9743676586606662 -1.4482997357845306
3.4584849576139665e+15 0.9718742325482264 -1.4438055455684662
3.4702534848298230e+15 0.9693920162568673 -1.4392845332622528
3.4820620579717210e+15 0.9669169154953896 -1.4347456395626068
3.4939108133078760e+15 0.9643326988092350 -1.4302216470241547
3.5057998875702100e+15 0.9618170520637802 -1.4256574213504791
3.5177294179558735e+15 0.9592369970296228 -1.4210946857929230
3.5296995421289135e+15 0.9566768315312854 -1.4164976775646210
3.5417103982218075e+15 0.9539951903349377 -1.4119304716587067
3.5537621248370680e+15 0.9513357767797805 -1.4073394238948822
3.5658548610488445e+15 0.9486907024035715 -1.4027215540409088
3.5779887464045285e+15 0.9460108493423275 -1.3980992138385773
3.5901639209263630e+15 0.9433099083111129 -1.3934545218944550
3.6023805251130575e+15 0.9405335849983377 -1.3888232409954071
3.6146386999414110e+15 0.9379024650132608 -1.3842172920703888
3.6269385868679385e+15 0.9351319294450983 -1.3796471059322357
3.6392803278305170e+15 0.9323969336160781 -1.3750426471233368
3.6516640652499500e+15 0.9296663015424663 -1.3704352080821991
3.6640899420317760e+15 0.9267959642389627 -1.3658396899700165
3.6765581015677065e+15 0.9240265991766277 -1.3612009584903717
3.6890686877374455e+15 0.9212403991201426 -1.3565488159656525
3.7016218449102765e+15 0.9183931767197069 -1.3519041240215302
3.7142177179467430e+15 0.9155327942188728 -1.3472117483615875
3.7268564522003185e+15 0.9126396162753568 -1.3425134122371674
3.7395381935190860e+15 0.9097097972974341 -1.3378046452999115
3.7522630882474195e+15 0.9067546892393107 -1.3330854475498199
3.7650312832276735e+15 0.9038071154532531 -1.3283498585224152
3.7778429258018785e+15 0.9007810389079497 -1.3236172497272491
3.7906981638134390e+15 0.8977202018358640 -1.3188876211643219
3.8035971456088565e+15 0.8947282922762839 -1.3141028583049774
3.8165400200393795e+15 0.8917668133090145 -1.3094209134578705
3.8295269364628140e+15 0.8888434157355388 -1.3047777116298676
3.8425580447451845e+15 0.8857698736194476 -1.3001643121242523
3.8556334952624795e+15 0.8828866118285673 -1.2954764068126678
3.8687534389023870e+15 0.8797560863488465 -1.2908495962619781
3.8819180270660350e+15 0.8767721234838254 -1.2861661612987518
3.8951274116697395e+15 0.8736796813644614 -1.2814991176128387
3.9083817451467565e+15 0.8705978011732147 -1.2768246233463287
3.9216811804490420e+15 0.8674633212017943 -1.2721277773380280
3.9350258710490170e+15 0.8643231321336139 -1.2674175202846527
3.9484159709413370e+15 0.8611768610522100 -1.2626849114894867
3.9618516346446720e+15 0.8580109039193680 -1.2579523026943207
3.9753330172035030e+15 0.8547989736724699 -1.2532137334346771
3.9888602741898475e+15 0.8515524177324048 -1.2484796345233917
4.0024335617051520e+15 0.8483722992905293 -1.2437038123607635
4.0160530363820290e+15 0.8450868200629678 -1.2389443814754486
4.0297188553860795e+15 0.8417614529799587 -1.2341953814029694
4.0434311764177075e+15 0.8385207032530382 -1.2294195592403412
4.0571901577139405e+15 0.8352645097984110 -1.2246288359165192
4.0709959580502535e+15 0.8318302582156074 -1.2198843061923981
4.0848487367424030e+15 0.8285175629546054 -1.2150786817073822
4.0987486536482650e+15 0.8251679862778503 -1.2102864682674408
4.1126958691696800e+15 0.8217863083025304 -1.2054733932018280
4.1266905442543025e+15 0.8183800705080664 -1.2006677687168121
4.1407328403974605e+15 0.8149908474071410 -1.1959068477153778
4.1548229196440350e+15 0.8116269848555441 -1.1912025511264801
4.1689609445902610e+15 0.8083148651612229 -1.1864729225635529
4.1831470783857075e+15 0.8049250745106413 -1.1817581951618195
4.1973814847350920e+15 0.8014780929668446 -1.1770538985729218
4.2116643279001860e+15 0.7980481024970765 -1.1723287403583527
4.2259957727017090e+15 0.7945848465237236 -1.1675946414470673
4.2403759845212350e+15 0.7911165276349309 -1.1628620326519012
4.2548051293030965e+15 0.7876202346888053 -1.1581398546695709
4.2692833735563005e+15 0.7841911063162097 -1.1534266173839569
4.2838108843564525e+15 0.7807049593498776 -1.1487238109111786
4.2983878293476805e+15 0.7771841927297751 -1.1440254747867584
4.3130143767445915e+15 0.7737022364726148 -1.1392839252948761
4.3276906953341205e+15 0.7700745429290580 -1.1345915496349335
4.3424169544776750e+15 0.7666081202518570 -1.1298380792140961
4.3571933241128410e+15 0.7629798175357473 -1.1251233518123627
4.3720199747555390e+15 0.7594127906598699 -1.1203490197658539
4.3868970775019030e+15 0.7557491736174723 -1.1155493557453156
4.4018248040302725e+15 0.7520119802879028 -1.1107973754405975
4.4168033266031740e+15 0.7483885388470833 -1.1059649288654327
4.4318328180693085e+15 0.7447082919748103 -1.1011578142642975
4.4469134518655460e+15 0.7408921554279504 -1.0963805019855499
4.4620454020189280e+15 0.7371701389635944 -1.0915555059909821
4.4772288431486745e+15 0.7333895994544765 -1.0867364704608917
4.4924639504681995e+15 0.7296593617257104 -1.0819472372531891
4.5077508997871510e+15 0.7259266532563474 -1.0772056877613068
4.5230898675133670e+15 0.7222343667124640 -1.0724239051342010
4.5384810306550220e+15 0.7184577498721061 -1.0676555335521698
4.5539245668225920e+15 0.7146240427587797 -1.0628990828990936
4.5694206542309300e+15 0.7108000591623915 -1.0581441223621368
4.5849694717013150e+15 0.7069499903252622 -1.0533638298511505
4.6005711986635200e+15 0.7030847091974404 -1.0486058890819550
4.6162260151578810e+15 0.6992978232590684 -1.0438375174999237
4.6319341018373760e+15 0.6954351677140360 -1.0391138494014740
4.6476956399697070e+15 0.6916158814157101 -1.0343559086322784
4.6635108114393940e+15 0.6877140163429587 -1.0296143591403961
4.6793797987498750e+15 0.6838847740117752 -1.0248489677906036
4.6953027850256080e+15 0.6798592862319403 -1.0201297700405121
4.7112799540142060e+15 0.6759781860824775 -1.0153628885746002
4.7273114900884840e+15 0.6720435068954130 -1.0105945169925690
4.7433975782486930e+15 0.6680119489373207 -1.0058812797069550
4.7595384041245870e+15 0.6640872212105646 -1.0011233389377594
4.7757341539775790e+15 0.6600831989660748 -0.9963862597942352
4.7919850147028940e+15 0.6561200362580488 -0.9916119277477264
4.8082911738317200e+15 0.6520476187195143 -0.9868733584880829
4.8246528195333800e+15 0.6480454127571562 -0.9821034967899323
4.8410701406174960e+15 0.6439394088001501 -0.9773738682270050
4.8575433265361740e+15 0.6399165182644817 -0.9726487100124359
4.8740725673861850e+15 0.6358581537206326 -0.9680114686489105
4.8906580539111620e+15 0.6318850495707274 -0.9633503854274750
4.9072999775038000e+15 0.6278031128730202 -0.9587116539478302
4.9239985302080850e+15 0.6238658429100600 -0.9540222585201263
4.9407539047214290e+15 0.6198032472265298 -0.9493567049503326
4.9575662943970160e+15 0.6156909115325796 -0.9447045624256134
4.9744358932459500e+15 0.6115932090883782 -0.9400449693202972
4.9913628959395190e+15 0.6074979790717598 -0.9353749454021454
5.0083474978114330e+15 0.6033551531020408 -0.9307198226451874
5.0253898948600880e+15 0.5991476783219920 -0.9260796010494232
5.0424902837508210e+15 0.5950388594382754 -0.9213931858539581
5.0596488618181820e+15 0.5907936064432927 -0.9167470037937164
5.0768658270682100e+15 0.5866826676697552 -0.9120501577854156
5.0941413781807180e+15 0.5824245669841062 -0.9073995053768158
5.1114757145116100e+15 0.5782109433617030 -0.9027354419231415
5.1288690360950720e+15 0.5739246793780737 -0.8981026709079742
5.1463215436461130e+15 0.5697546828881949 -0.8934371173381805
5.1638334385625880e+15 0.5654685013411866 -0.8888162672519684
5.1814049229277530e+15 0.5611738085607856 -0.8841700851917267
5.1990361995124900e+15 0.5569694549976734 -0.8795134723186493
5.2167274717776720e+15 0.5526236389602887 -0.8748881518840790
5.2344789438765060e+15 0.5484076744213056 -0.8702151477336884
5.2522908206568910e+15 0.5440076256690951 -0.8656479418277740
5.2701633076637840e+15 0.5397610690010968 -0.8610881865024567
5.2880966111415700e+15 0.5354487613431201 -0.8565403521060944
5.3060909380364400e+15 0.5311750231445665 -0.8520193397998810
5.3241464959987830e+15 0.5269644072407419 -0.8474357426166534
5.3422634933856010e+15 0.5226219534413471 -0.8428938686847687
5.3604421392628290e+15 0.5183137989716965 -0.8383430540561676
5.3786826434078740e+15 0.5139155294477943 -0.8338339626789093
5.3969852163119560e+15 0.5095447522041646 -0.8292935788631439
5.4153500691825490e+15 0.5051354894981520 -0.8247546851634979
5.4337774139458270e+15 0.5007484422590820 -0.8202202618122101
5.4522674632491040e+15 0.4963851506045091 -0.8156485855579376
5.4708204304632920e+15 0.4918710325843426 -0.8111499249935150
5.4894365296853600e+15 0.4874828531063899 -0.8065961301326752
5.5081159757408040e+15 0.4830083757004686 -0.8020795881748199
5.5268589841861320e+15 0.4785074066871735 -0.7975436747074127
5.5456657713113440e+15 0.4740529417409737 -0.7929600775241852
5.5645365541424320e+15 0.4694479206843511 -0.7884226739406586
5.5834715504439080e+15 0.4649367059454020 -0.7838524878025055
5.6024709787212230e+15 0.4603626639212381 -0.7792867720127106
5.6215350582234260e+15 0.4557943388653026 -0.7747374475002289
5.6406640089456040e+15 0.4511785327623403 -0.7701881229877472
5.6598580516314430e+15 0.4466507847368233 -0.7656030356884003
5.6791174077757770e+15 0.4420218683261429 -0.7611952722072601
5.6984422996271380e+15 0.4375384019966975 -0.7567398250102997
5.7178329501903300e+15 0.4330232542951563 -0.7523052394390106
5.7372895832289940e+15 0.4284612268747598 -0.7478766143321991
5.7568124232681940e+15 0.4239312204236607 -0.7434166967868805
5.7764016955970090e+15 0.4193386263420947 -0.7390089333057404
5.7960576262711310e+15 0.4146908230028323 -0.7346116006374359
5.8157804421154710e+15 0.4100300754976235 -0.7302187383174896
5.8355703707268080e+15 0.4055074037808322 -0.7258035242557526
5.8554276404763120e+15 0.4009325785947035 -0.7214091718196869
5.8753524805123260e+15 0.3963171147073231 -0.7170446217060089
5.8953451207629180e+15 0.3916161668991445 -0.7126607000827789
5.9154057919385490e+15 0.3869964290174402 -0.7083095610141754
5.9355347255347480e+15 0.3823252239366136 -0.7039211690425873
5.9557321538347700e+15 0.3776913739214721 -0.6995476782321930
5.9759983099122890e+15 0.3729971639841271 -0.6951831281185150
5.9963334276340770e+15 0.3682741356420091 -0.6908185780048370
6.0167377416627100e+15 0.3635490098573178 -0.6864614784717560
6.0372114874592730e+15 0.3587632801248736 -0.6821267306804657
6.0577549012861030e+15 0.3539898488196868 -0.6777547299861908
6.0783682202093890e+15 0.3492500019125288 -0.6734035909175873
6.0990516821021850e+15 0.3446095103447712 -0.6690047681331635
6.1198055256468020e+15 0.3398553179894974 -0.6647385656833649
6.1406299903378410e+15 0.3351061637252923 -0.6604768335819244
6.1615253164848280e+15 0.3303532759088501 -0.6562344729900360
6.1824917452150150e+15 0.3255788401568990 -0.6519772112369537
6.2035295184761620e+15 0.3207755719000497 -0.6477363407611847
6.2246388790393260e+15 0.3160324531516377 -0.6434820592403412
6.2458200705016680e+15 0.3112978061434319 -0.6392158567905426
6.2670733372892590e+15 0.3064303491413806 -0.6350077688694000
6.2883989246599030e+15 0.3015463562390595 -0.6307922303676605
6.3097970787059680e+15 0.2968376412260146 -0.6265409290790558
6.3312680463572480e+15 0.2919391292817222 -0.6223432719707489
6.3528120753837150e+15 0.2871439193866457 -0.6180994212627411
6.3744294143985280e+15 0.2822544806636766 -0.6139121949672699
6.3961203128608010e+15 0.2773225572401387 -0.6097309291362762
6.4178850210785070e+15 0.2726940213001696 -0.6054423749446869
6.4397237902113660e+15 0.2676796315344538 -0.6013967096805573
6.4616368722737450e+15 0.2628719240423782 -0.5972720682621002
6.4836245201375650e+15 0.2579546604929257 -0.5931727588176727
6.5056869875352180e+15 0.2531468282275638 -0.5890525877475739
6.5278245290624970e+15 0.2483014926134083 -0.5849398672580719
6.5500374001815330e+15 0.2434642877191562 -0.5808301270008087
6.5723258572237440e+15 0.2384846634991667 -0.5767695605754852
6.5946901573927910e+15 0.2336031136240779 -0.5726642906665802
6.6171305587675750e+15 0.2287366301897323 -0.5685679614543915
6.6396473203051060e+15 0.2237462397726772 -0.5644835531711578
6.6622407018436520e+15 0.2188004010367480 -0.5604185163974762
6.6849109641056350e+15 0.2138310458851962 -0.5563504993915558
6.7076583687006600e+15 0.2088265752736129 -0.5522884428501129
6.7304831781285370e+15 0.2038829014009820 -0.5482263863086700
6.7533856557823110e+15 0.1988729116921046 -0.5442298948764801
6.7763660659513000e+15 0.1940568932436516 -0.5401618778705597
6.7994246738241440e+15 0.1890215976788533 -0.5362115800380707
6.8225617454918690e+15 0.1840717163099237 -0.5321942269802094
6.8457775479509530e+15 0.1790068663557904 -0.5282543599605560
6.8690723491064110e+15 0.1740070644961956 -0.5242742598056793
6.8924464177748820e+15 0.1689969708620442 -0.5203180015087128
6.9159000236877650e+15 0.1640017364595062 -0.5163423717021942
6.9394334374942140e+15 0.1589711997871117 -0.5124084651470184
6.9630469307644340e+15 0.1539493051920461 -0.5084566771984100
6.9867407759926980e+15 0.1488409062666671 -0.5045585334300995
7.0105152466005240e+15 0.1438434306492005 -0.5005620419979095
7.0343706169398270e+15 0.1387582825303184 -0.4966564476490021
7.0583071622960890e+15 0.1336814511797354 -0.4927314817905426
7.0823251588915290e+15 0.1286200113082822 -0.4888631403446198
7.1064248838882980e+15 0.1235802800884489 -0.4850171506404877
7.1306066153916710e+15 0.1184693735111276 -0.4811935126781464
7.1548706324532620e+15 0.1134345383756578 -0.4773564636707306
7.1792172150742690e+15 0.1083622116664612 -0.4735194146633148
7.2036466442085600e+15 0.1033020261849426 -0.4697091877460480
7.2281592017662400e+15 0.0981701854878036 -0.4659242928028107
7.2527551706164880e+15 0.0931189202826675 -0.4621289670467377
7.2774348345911520e+15 0.0881130119975115 -0.4583634436130524
7.3021984784878690e+15 0.0830304029165612 -0.4546739161014557
7.3270463880733880e+15 0.0780610408520806 -0.4509158432483673
7.3519788500868620e+15 0.0730035278703602 -0.4471935331821442
7.3769961522431610e+15 0.0679788830636542 -0.4434682428836823
7.4020985832361920e+15 0.0628094165784552 -0.4397965967655182
7.4272864327422270e+15 0.0576851690778652 -0.4360936582088470
7.4525599914232480e+15 0.0525366288593445 -0.4324011504650116
7.4779195509303030e+15 0.0473936702539009 -0.4287309944629669
7.5033654039068980e+15 0.0422708882641517 -0.4250235855579376
7.5288978439922560e+15 0.0371082387109004 -0.4213355481624603
7.5545171658248870e+15 0.0318286850266147 -0.4176922142505646
7.5802236650458630e+15 0.0267572207197012 -0.4140056669712067
7.6060176383022670e+15 0.0215558157461972 -0.4103414714336395
7.6318993832506090e+15 0.0162798542455228 -0.4067666828632355
7.6578691985602660e+15 0.0111623547673936 -0.4031054675579071
7.6839273839169250e+15 0.0060145479189623 -0.3994636237621307
7.7100742400260450e+15 0.0007088929986973 -0.3958933055400848
7.7363100686163240e+15 -0.0044996110540905 -0.3922961652278900
7.7626351724431810e+15 -0.0097021405584690 -0.3886811435222626
7.7890498552922540e+15 -0.0150100137895384 -0.3851763904094696
7.8155544219828970e+15 -0.0201112160571935 -0.3816343843936920
7.8421491783717400e+15 -0.0252609215158731 -0.3781251609325409
7.8688344313560820e+15 -0.0304142999359109 -0.3745891153812408
7.8956104888776300e+15 -0.0356384279346628 -0.3710992634296417
7.9224776599259210e+15 -0.0409692872772859 -0.3676660358905792
7.9494362545419220e+15 -0.0460689984406146 -0.3641434013843536
7.9764865838216050e+15 -0.0513037774428847 -0.3607265651226044
8.0036289599195420e+15 -0.0564669751516577 -0.3573112189769745
8.0308636960525020e+15 -0.0616085321840377 -0.3538586199283600
8.0581911065030680e+15 -0.0668671320629496 -0.3505013883113861
8.0856115066232630e+15 -0.0720035054804318 -0.3471143543720245
8.1131252128381900e+15 -0.0772640310014270 -0.3437407314777374
8.1407325426497160e+15 -0.0824685556729897 -0.3403924405574799
8.1684338146399690e+15 -0.0876669043970840 -0.3370068967342377
8.1962293484753820e+15 -0.0928946750163654 -0.3336586058139801
8.2241194649099140e+15 -0.0981190038975121 -0.3303058445453644
8.2521044857891190e+15 -0.1033979046769112 -0.3269769251346588
8.2801847340536940e+15 -0.1086301908140014 -0.3236524760723114
8.3083605337432370e+15 -0.1138933113353223 -0.3203131258487701
8.3366322099999870e+15 -0.1192006751687742 -0.3170631825923920
