7.3542660299149050e+14 1.020000000e-05 1.030000000e-05 1.994373094e+33 8.726818457e+44 2.007410834e+00 -7.515657343e+06 2.340046418e+03 2.246567930e+03 3.181509291e+03 1.831896652e+04
7.2842660299149050e+14 7.938000000e-04 7.939000000e-04 1.944200736e+33 8.372013874e+44 2.007740647e+00 -2.635892829e+09 3.604332016e+03 -3.718220206e+03 -3.541099811e+05 2.668746417e+06
7.2142660299149050e+14 1.154100000e-03 1.154200000e-03 1.894492852e+33 8.026616459e+44 2.004396927e+00 -1.223104899e+09 5.082953276e+03 4.150306450e+03 -1.488299915e+05 -4.280081869e+06
7.1442660299149050e+14 1.452700000e-03 1.452800000e-03 1.845270584e+33 7.690568451e+44 2.011965189e+00 -1.061877316e+09 6.424812700e+03 -2.243323875e+03 -2.279659085e+05 -3.559818689e+06
7.0742660299149050e+14 1.723300000e-03 1.723400000e-03 1.796562223e+33 7.363955527e+44 2.022557668e+00 -1.293095318e+09 8.068111852e+03 -9.208930905e+03 -3.483101838e+05 -3.916363514e+06
7.0042660299149050e+14 1.984900000e-03 1.985000000e-03 1.747193876e+33 7.038996591e+44 2.014746327e+00 -2.742817213e+09 1.030193861e+04 -7.751671289e+03 -5.213138168e+05 -8.677561914e+06
6.9342660299149050e+14 2.236900000e-03 2.237000000e-03 1.698509189e+33 6.724571611e+44 2.057348991e+00 -1.758845515e+10 1.163759370e+04 -1.099234107e+05 -3.203641884e+06 -5.376696411e+07
6.8642660299149050e+14 2.483200000e-03 2.483300000e-03 1.650541703e+33 6.420730793e+44 2.039154342e+00 -2.199705097e+10 1.587934127e+04 -9.778202654e+04 -3.481962868e+06 -6.610740301e+07
6.7942660299149050e+14 2.726000000e-03 2.726100000e-03 1.603366235e+33 6.127637921e+44 1.995528667e+00 -2.247264189e+09 2.009272762e+04 3.393806440e+04 -9.245401579e+04 -7.486755588e+06
6.7242660299149050e+14 2.966700000e-03 2.966800000e-03 1.557056991e+33 5.845671048e+44 1.946843458e+00 2.537352290e+10 2.622947364e+04 2.196192750e+05 4.524326265e+06 6.839092071e+07
6.6542660299149050e+14 3.206200000e-03 3.206300000e-03 1.511686974e+33 5.574953035e+44 2.069717142e+00 -3.969428646e+10 2.451549005e+04 -2.221064011e+05 -6.531493673e+06 -1.070957569e+08
6.5842660299149050e+14 3.444900000e-03 3.445000000e-03 1.467364149e+33 5.315973461e+44 2.027187146e+00 -8.447862047e+08 3.327562307e+04 -2.399523078e+04 -8.977586151e+05 -1.791618786e+05
6.5142660299149050e+14 3.682600000e-03 3.682700000e-03 1.424270823e+33 5.069545410e+44 2.059083956e+00 -5.276659544e+10 3.568885964e+04 -2.413522723e+05 -7.789431038e+06 -1.340859321e+08
6.5142660299149050e+14 3.682600000e-03 0.000000000e+00 1.424282159e+33 5.069638330e+44 1.972396183e+00 3.613752117e+10 4.248270964e+04 2.303594594e+05 5.120460266e+06 9.052126726e+07
6.5064088870577625e+14 3.709200000e-03 0.000000000e+00 1.419529630e+33 5.042786672e+44 1.985406469e+00 2.868814430e+10 4.401861216e+04 1.779394545e+05 3.849211913e+06 7.340881805e+07
6.4985517442006188e+14 3.735700000e-03 0.000000000e+00 1.414814634e+33 5.016262794e+44 2.008315034e+00 -3.169440598e+09 4.033447199e+04 3.251051789e+04 -4.374217255e+03 -7.785554261e+06
6.4906946013434762e+14 3.762200000e-03 0.000000000e+00 1.410112866e+33 4.989847816e+44 2.023238114e+00 -1.059349204e+10 3.792221924e+04 -2.508424468e+04 -1.690945733e+06 -2.526397698e+07
6.4828374584863338e+14 3.788700000e-03 0.000000000e+00 1.405424229e+33 4.963578645e+44 1.973274711e+00 3.240204190e+10 4.494860986e+04 2.313662490e+05 4.767776030e+06 7.950610371e+07
6.4749803156291912e+14 3.815100000e-03 0.000000000e+00 1.400773512e+33 4.937618466e+44 1.996933832e+00 6.397506641e+09 4.304822464e+04 9.596369446e+04 1.073586400e+06 1.560808161e+07
6.4671231727720475e+14 3.841500000e-03 0.000000000e+00 1.396134399e+33 4.911801871e+44 2.011123826e+00 -4.764504465e+09 4.214310865e+04 2.214562088e+04 -7.014815124e+05 -1.141790688e+07
6.4592660299149050e+14 3.867900000e-03 0.000000000e+00 1.391505678e+33 4.886039650e+44 2.007620527e+00 -5.675622648e+09 4.658377251e+04 3.322681876e+04 -6.682599897e+05 -1.418578712e+07
6.4514088870577625e+14 3.894100000e-03 0.000000000e+00 1.386944141e+33 4.860815889e+44 2.001797455e+00 2.467673010e+09 4.396375145e+04 7.140073080e+04 4.330893051e+05 5.897638777e+06
6.4442660299149050e+14 3.918000000e-03 3.918100000e-03 1.382766274e+33 4.837700466e+44 1.972040712e+00 7.621902084e+10 4.885560710e+04 3.197367763e+05 8.896432107e+06 1.863696858e+08
6.4435517442006188e+14 3.920300000e-03 0.000000000e+00 1.382392324e+33 4.835692749e+44 2.019579690e+00 -8.467333400e+09 4.218033719e+04 -6.996545697e+03 -1.345861015e+06 -1.947431883e+07
6.4356946013434762e+14 3.946500000e-03 0.000000000e+00 1.377844802e+33 4.810658155e+44 2.038632954e+00 -1.892078753e+10 4.141776650e+04 -9.257748415e+04 -3.134956912e+06 -4.336604125e+07
6.4278374584863338e+14 3.972500000e-03 0.000000000e+00 1.373364160e+33 4.786054782e+44 1.981435714e+00 3.485933577e+10 5.170513495e+04 2.216039035e+05 4.668603934e+06 8.463000784e+07
6.4199803156291912e+14 3.998400000e-03 0.000000000e+00 1.368914650e+33 4.761730273e+44 2.019518796e+00 -1.817588615e+10 4.784175814e+04 -2.917903102e+04 -2.422705922e+06 -4.301061489e+07
6.4042660299149050e+14 4.049600000e-03 0.000000000e+00 1.360185413e+33 4.714308788e+44 2.011714580e+00 -7.835333098e+09 5.275061760e+04 2.271620066e+04 -1.043179659e+06 -1.799986305e+07
