6.3045000000000000e+14 6.590000000e-05 6.600000000e-05 2.900456208e+33 1.931856786e+45 2.009858072e+00 -2.959063228e+04 7.531893899e+02 7.306704093e+02 8.260288546e+02 2.302696657e+03
6.2445000000000000e+14 7.682000000e-04 7.683000000e-04 2.843524073e+33 1.870488298e+45 2.009441341e+00 1.670161019e+07 1.105054945e+03 1.434877420e+03 7.049303446e+03 8.523950650e+04
6.1845000000000000e+14 1.117600000e-03 1.117700000e-03 2.786626421e+33 1.810004047e+45 2.008698556e+00 3.199756862e+07 1.475939863e+03 2.224494412e+03 1.345513499e+04 1.577371794e+05
6.1245000000000000e+14 1.409000000e-03 1.409100000e-03 2.729920222e+33 1.750574665e+45 2.010986289e+00 -1.732342856e+07 1.923284375e+03 1.937750586e+03 -3.946031769e+03 -7.693778620e+04
6.0645000000000000e+14 1.675100000e-03 1.675200000e-03 2.673338508e+33 1.692117246e+45 2.016068703e+00 -1.935132412e+08 2.390485716e+03 2.441917387e+02 -5.889084694e+04 -9.211612935e+05
6.0045000000000000e+14 1.927900000e-03 1.928000000e-03 2.616959276e+33 1.634713752e+45 2.010940751e+00 -1.638321538e+07 2.997474724e+03 3.105466122e+03 -4.440192025e+03 -6.181134563e+04
5.9445000000000000e+14 2.173300000e-03 2.173400000e-03 2.560862863e+33 1.578438846e+45 2.003570709e+00 2.679159619e+08 3.750945636e+03 7.091185165e+03 7.572277141e+04 1.240597600e+06
5.8845000000000000e+14 2.415300000e-03 2.415400000e-03 2.504992099e+33 1.523227850e+45 2.018048769e+00 -7.539131319e+08 4.413564474e+03 -9.923670137e+02 -1.771830934e+05 -3.434207909e+06
5.8245000000000000e+14 2.655600000e-03 2.655700000e-03 2.449517049e+33 1.469239480e+45 2.007846171e+00 -1.927981563e+08 5.163188162e+03 5.790278996e+03 -2.816543557e+04 -8.788098533e+05
5.7645000000000000e+14 2.896100000e-03 2.896200000e-03 2.394406991e+33 1.416431088e+45 2.027212802e+00 -7.274047967e+08 5.611436023e+03 -3.088476245e+03 -2.150383072e+05 -3.065199119e+06
5.7045000000000000e+14 3.137700000e-03 3.137800000e-03 2.339743770e+33 1.364872576e+45 2.011432817e+00 -3.580989021e+08 7.185795828e+03 5.560768215e+03 -7.987921727e+04 -1.514980847e+06
5.6445000000000000e+14 3.380800000e-03 3.380900000e-03 2.285669931e+33 1.314696772e+45 2.011641069e+00 -1.940371287e+08 7.605500072e+03 7.247052006e+03 -4.619822453e+04 -8.011135089e+05
5.5845000000000000e+14 3.626500000e-03 3.626600000e-03 2.232127031e+33 1.265817868e+45 2.022637086e+00 -1.092703244e+09 9.168507967e+03 -9.110636029e+02 -2.781418338e+05 -4.329383555e+06
5.5245000000000000e+14 3.874300000e-03 3.874400000e-03 2.179388561e+33 1.218490359e+45 2.002725635e+00 3.884418284e+08 1.124698775e+04 1.744798869e+04 1.098475197e+05 1.484049843e+06
5.4645000000000000e+14 4.124500000e-03 4.124600000e-03 2.127521783e+33 1.172755986e+45 2.030322988e+00 -2.623555741e+09 1.169199758e+04 -9.057648889e+03 -5.968970889e+05 -9.898362554e+06
5.4645000000000000e+14 4.124500000e-03 4.124600000e-03 2.127521783e+33 1.172755986e+45 2.030322988e+00 -2.623555741e+09 1.169199758e+04 -9.057648889e+03 -5.968970889e+05 -9.898362554e+06
5.4533888888888888e+14 4.171000000e-03 4.171100000e-03 2.118049645e+33 1.164499884e+45 1.999000692e+00 1.062175244e+09 1.246849105e+04 2.451875277e+04 2.525558129e+05 4.016122044e+06
5.4422777777777775e+14 4.217600000e-03 4.217700000e-03 2.108603294e+33 1.156285454e+45 2.015475753e+00 -9.197498251e+08 1.167669276e+04 5.929260982e+03 -2.103490277e+05 -3.470080205e+06
5.4311666666666669e+14 4.264200000e-03 4.264300000e-03 2.099216496e+33 1.148158804e+45 2.012341422e+00 1.027571650e+08 1.313704995e+04 1.204866818e+04 -2.834399756e+04 5.434936108e+05
5.4200555555555556e+14 4.310800000e-03 4.310900000e-03 2.089886885e+33 1.140112395e+45 2.014843817e+00 -5.562945911e+08 1.254964342e+04 9.956880017e+03 -1.237663834e+05 7.554349452e+05
5.4089444444444444e+14 4.357400000e-03 4.357500000e-03 2.080616975e+33 1.132145696e+45 2.005328763e+00 2.523632781e+08 1.357174250e+04 1.888426307e+04 6.940944602e+04 9.545449655e+05
5.4045000000000000e+14 4.376100000e-03 4.376200000e-03 2.076904238e+33 1.128962028e+45 2.006284878e+00 -1.120474089e+08 1.363509141e+04 1.725156056e+04 6.254511892e+03 -4.322442978e+05
5.3978333333333331e+14 4.404000000e-03 4.404100000e-03 2.071407167e+33 1.124262811e+45 2.001639754e+00 5.193863152e+08 1.340520318e+04 2.249114061e+04 1.431632073e+05 1.847547330e+06
5.3867222222222225e+14 4.450600000e-03 4.450700000e-03 2.062247017e+33 1.116450623e+45 2.013082525e+00 -9.071351087e+08 1.396686234e+04 9.953835536e+03 -1.840335103e+05 -3.291054041e+06
5.3756111111111112e+14 4.497100000e-03 4.497200000e-03 2.053178749e+33 1.108750639e+45 1.997466541e+00 9.774995786e+08 1.364044372e+04 2.758260707e+04 2.497720770e+05 3.391110333e+06
5.3645000000000000e+14 4.543500000e-03 4.543600000e-03 2.044199364e+33 1.101166446e+45 2.016437519e+00 -9.205512511e+08 1.362978394e+04 8.453205215e+03 -1.953613441e+05 -3.122830776e+06
