2.0952400000000000e+15 9.500000000e-03 9.510000000e-03 4.330763412e+33 2.318234612e+45 2.015052743e+00 2.147910558e+03 5.400217310e+00 6.919861214e+00 3.845690896e+01 2.781501891e+02
2.0954290625000000e+15 2.406000000e-02 2.407000000e-02 4.328549454e+33 2.316071034e+45 2.014854866e+00 -5.357487567e+04 5.421495704e+00 7.711055734e+00 2.311204436e+01 1.683316938e+02
2.0956554296875000e+15 3.379000000e-02 3.380000000e-02 4.326014811e+33 2.313590162e+45 2.013390099e+00 -9.491261324e+04 5.417997804e+00 1.033197176e+01 6.893921379e+01 2.302385872e+02
2.0958817968750000e+15 4.100000000e-02 4.101000000e-02 4.323583887e+33 2.311216104e+45 2.015364998e+00 2.938247170e+05 5.638674630e+00 1.242184526e+01 1.624725434e+02 2.260942439e+03
2.0961081640625000e+15 4.693000000e-02 4.694000000e-02 4.321233096e+33 2.308933299e+45 2.013691667e+00 4.732760945e+05 5.635201744e+00 1.498502660e+01 2.167728157e+02 3.686243583e+03
2.0963345312500000e+15 5.197000000e-02 5.198000000e-02 4.318997458e+33 2.306750539e+45 2.013246807e+00 9.491370813e+04 5.600230715e+00 1.392614378e+01 1.113416725e+02 7.630559317e+02
2.0965608984375000e+15 5.640000000e-02 5.641000000e-02 4.316848411e+33 2.304666152e+45 2.012691883e+00 1.309791947e+06 5.797345402e+00 2.411476064e+01 5.157402043e+02 1.041606665e+04
2.0967872656250000e+15 6.040000000e-02 6.041000000e-02 4.314745208e+33 2.302626442e+45 2.014272656e+00 6.171501231e+05 5.755519990e+00 1.610687185e+01 2.354916528e+02 4.970290035e+03
2.0970136328125000e+15 6.404000000e-02 6.405000000e-02 4.312712885e+33 2.300658214e+45 2.014777024e+00 -4.738648652e+05 5.606546651e+00 4.756608048e+00 -2.185158703e+02 -3.641262087e+03
2.0972400000000000e+15 6.737000000e-02 6.738000000e-02 4.310752258e+33 2.298767097e+45 2.014021691e+00 -8.320870218e+05 5.606438843e+00 1.243194932e+00 -3.314265886e+02 -2.092065569e+03
2.0972400000000000e+15 6.737000000e-02 6.738000000e-02 4.310752258e+33 2.298767097e+45 2.014021691e+00 -8.320870218e+05 5.606438843e+00 1.243194932e+00 -3.314265886e+02 -2.092065569e+03
2.0992400000000000e+15 8.875000000e-02 8.876000000e-02 4.295877014e+33 2.284509003e+45 2.015331047e+00 6.229578522e+05 6.104635426e+00 1.511171251e+01 2.393424194e+02 5.010011010e+03
2.1012400000000000e+15 1.026000000e-01 1.026100000e-01 4.284220910e+33 2.273468909e+45 2.013994158e+00 1.570573061e+06 6.644318235e+00 3.309356784e+01 7.123279811e+02 1.216419880e+04
2.1032400000000000e+15 1.127000000e-01 1.127100000e-01 4.274783831e+33 2.264653003e+45 2.013647696e+00 6.458043377e+05 6.690199297e+00 2.604435501e+01 4.262902720e+02 6.461662446e+03
2.1052400000000000e+15 1.204900000e-01 1.205000000e-01 4.267050376e+33 2.257501259e+45 2.013712550e+00 4.790168004e+05 6.811418690e+00 2.237883617e+01 2.443019849e+02 3.777679091e+03
2.1072400000000000e+15 1.267300000e-01 1.267400000e-01 4.260600532e+33 2.251588981e+45 2.014453631e+00 5.830160456e+05 6.871138907e+00 2.204563225e+01 2.702600550e+02 4.555423997e+03
2.1092400000000000e+15 1.318400000e-01 1.318500000e-01 4.255201946e+33 2.246697935e+45 2.016344709e+00 -7.075599828e+05 6.500100460e+00 -6.799123008e+00 -3.683073163e+02 -5.332872236e+03
2.1112400000000000e+15 1.360700000e-01 1.360800000e-01 4.250697858e+33 2.242657453e+45 2.014792646e+00 -6.432521758e+05 6.780030700e+00 -1.717368736e+00 -2.971770964e+02 -4.931123612e+03
2.1132400000000000e+15 1.396100000e-01 1.396200000e-01 4.246935310e+33 2.239310739e+45 2.016019538e+00 -4.304126881e+05 6.823503972e+00 2.590753845e+00 -2.071678804e+02 -3.272561013e+03
2.1152400000000000e+15 1.425800000e-01 1.425900000e-01 4.243819634e+33 2.236567680e+45 2.021986473e+00 -5.923782896e+03 6.786558011e+00 3.402910204e+00 7.689649447e+00 -9.395437028e+00
2.1172400000000000e+15 1.450400000e-01 1.450500000e-01 4.241328465e+33 2.234394129e+45 2.025246973e+00 -2.107701350e+05 6.482940538e+00 -5.794956277e+00 -1.724555707e+02 -1.559128083e+03
