2.0952400000000000e+15 9.500000000e-03 9.510000000e-03 1.049908463e+06 4.330763412e+33 -4.741792824e-01 4.330775923e+33 1.970600071e-03 -3.979820442e-03 -1.040708943e-12 5.576118477e+01
2.0972400000000000e+15 6.737000000e-02 6.738000000e-02 1.050287674e+06 4.310752258e+33 -4.703167626e-01 4.311351835e+33 1.371060811e-02 -2.751750935e-02 -1.308784035e-12 5.974047369e+01
2.0992400000000000e+15 8.875000000e-02 8.876000000e-02 1.049708152e+06 4.295877014e+33 -4.680986640e-01 4.296885964e+33 1.781881756e-02 -3.566908125e-02 -1.650906407e-12 5.476628436e+01
2.1012400000000000e+15 1.026000000e-01 1.026100000e-01 1.049389214e+06 4.284220910e+33 -4.662651726e-01 4.285532579e+33 2.035340894e-02 -4.064628209e-02 -1.213525802e-12 5.377129963e+01
2.1032400000000000e+15 1.127000000e-01 1.127100000e-01 1.050195862e+06 4.274783831e+33 -4.640059018e-01 4.276314065e+33 2.207224312e-02 -4.388598865e-02 -1.376728788e-12 5.078764690e+01
2.1052400000000000e+15 1.204900000e-01 1.205000000e-01 1.049897491e+06 4.267050376e+33 -4.628596954e-01 4.268763126e+33 2.337511270e-02 -4.641303001e-02 -1.990035353e-12 5.277692368e+01
2.1072400000000000e+15 1.267300000e-01 1.267400000e-01 1.050286744e+06 4.260600532e+33 -4.614428959e-01 4.262449067e+33 2.434184939e-02 -4.820662006e-02 -2.428204500e-12 5.078771180e+01
2.1092400000000000e+15 1.318400000e-01 1.318500000e-01 1.049896912e+06 4.255201946e+33 -4.607762746e-01 4.257170965e+33 2.512973277e-02 -4.973991577e-02 -1.229102389e-12 4.979267206e+01
2.1112400000000000e+15 1.360700000e-01 1.360800000e-01 1.049862859e+06 4.250697858e+33 -4.600112809e-01 4.252759284e+33 2.573643891e-02 -5.088442879e-02 -1.124430429e-12 4.979265075e+01
2.1132400000000000e+15 1.396100000e-01 1.396200000e-01 1.049913222e+06 4.246935310e+33 -4.593146266e-01 4.249069610e+33 2.621320819e-02 -5.176896339e-02 -8.442593379e-13 4.680843128e+01
2.1152400000000000e+15 1.425800000e-01 1.425900000e-01 1.049469441e+06 4.243819634e+33 -4.590882595e-01 4.246021571e+33 2.661552747e-02 -5.257348169e-02 -1.262388182e-11 5.377132959e+01
2.1172400000000000e+15 1.450400000e-01 1.450500000e-01 1.050594782e+06 4.241328465e+33 -4.578453884e-01 4.243554362e+33 2.684829286e-02 -5.286150131e-02 -2.077743366e-12 4.680895899e+01
6.6000000000000000e+15 1.257000000e-02 1.258000000e-02 8.800669715e+05 4.088500385e+33 -5.855385169e-01 4.088502706e+33 -6.204930723e-04 1.901055326e-03 -1.575501996e-12 4.169965363e+01
6.5800000000000000e+15 1.887000000e-02 1.888000000e-02 8.808116309e+05 4.091021662e+33 -5.852837657e-01 4.091026741e+33 -9.183643374e-04 2.808860444e-03 -2.647686029e-12 3.871345766e+01
6.5600000000000000e+15 2.363000000e-02 2.364000000e-02 8.813411720e+05 4.093585240e+33 -5.853123321e-01 4.093592959e+33 -1.132787411e-03 3.461961109e-03 -1.986284355e-12 3.572710617e+01
6.5400000000000000e+15 2.770000000e-02 2.771000000e-02 8.818799814e+05 4.096249993e+33 -5.853566603e-01 4.096260229e+33 -1.305130768e-03 3.985531999e-03 -1.963816124e-12 3.572754909e+01
6.5200000000000000e+15 3.144000000e-02 3.145000000e-02 8.826061110e+05 4.099029801e+33 -5.851960415e-01 4.099042412e+33 -1.450016438e-03 4.421542933e-03 -1.339866377e-12 3.473256373e+01
6.5000000000000000e+15 3.525000000e-02 3.526000000e-02 8.832160377e+05 4.102141338e+33 -5.852719115e-01 4.102156278e+33 -1.579242991e-03 4.811443138e-03 -1.703817824e-12 3.572865145e+01
