8.5660000000000000e+14 8.896000000e-02 1.242203662e+06 3.239604948e+33 3.644251804e+33 1.909950910e+45 2.797656136e-01 1.972523230e+00
8.4799904996975975e+14 6.970000000e-03 1.254924331e+06 3.444093739e+33 3.909062098e+33 2.125394533e+45 3.173579639e-01 2.010758160e+00
8.4819904996975975e+14 2.268000000e-02 1.253206350e+06 3.431888514e+33 3.893142026e+33 2.112048877e+45 3.149647568e-01 2.008204770e+00
8.4899904996975975e+14 4.547000000e-02 1.250768033e+06 3.390952544e+33 3.839831064e+33 2.067710492e+45 3.070541211e-01 1.999747658e+00
8.4999904996975975e+14 5.944000000e-02 1.249741339e+06 3.352067323e+33 3.789363466e+33 2.026203552e+45 2.997115993e-01 1.991913507e+00
8.5099904996975975e+14 6.826000000e-02 1.247146940e+06 3.322158486e+33 3.750629850e+33 1.994699608e+45 2.941880612e-01 1.986083665e+00
8.5199904996975975e+14 7.450000000e-02 1.245427483e+06 3.298652611e+33 3.720273478e+33 1.970220046e+45 2.899339763e-01 1.981683877e+00
8.5299904996975975e+14 7.919000000e-02 1.245150034e+06 3.279856126e+33 3.696034269e+33 1.950828652e+45 2.865964009e-01 1.978343063e+00
8.5399904996975975e+14 8.200000000e-02 1.244966309e+06 3.269284369e+33 3.682402768e+33 1.939894308e+45 2.847879168e-01 1.976939996e+00
8.5599904996975975e+14 8.412000000e-02 1.243934536e+06 3.265967740e+33 3.678119716e+33 1.935901612e+45 2.844261364e-01 1.978500746e+00
2.1195096800794915e+15 6.190000000e-03 1.131886846e+06 4.894647455e+33 5.989655413e+33 3.175201312e+45 1.269342114e+00 5.383409561e+00
2.1185096800794915e+15 7.580000000e-03 1.134034249e+06 4.894572436e+33 5.989521372e+33 3.175610247e+45 1.268827740e+00 5.380535087e+00
2.1175096800794915e+15 8.760000000e-03 1.133385492e+06 4.894510437e+33 5.989418264e+33 3.176036251e+45 1.268326371e+00 5.377687598e+00
2.1165096800794915e+15 9.800000000e-03 1.134330933e+06 4.894447491e+33 5.989337905e+33 3.176459475e+45 1.267824058e+00 5.374841570e+00
2.1155096800794915e+15 1.074000000e-02 1.134517908e+06 4.894381020e+33 5.989202307e+33 3.176864083e+45 1.267317853e+00 5.372011283e+00
2.1145096800794915e+15 1.160000000e-02 1.133902913e+06 4.894318492e+33 5.989109014e+33 3.177304659e+45 1.266815690e+00 5.369138065e+00
2.1135096800794915e+15 1.241000000e-02 1.134748246e+06 4.894239519e+33 5.988970829e+33 3.177708226e+45 1.266297431e+00 5.366259932e+00
2.1125096800794915e+15 1.317000000e-02 1.134512123e+06 4.894185536e+33 5.988882954e+33 3.178147708e+45 1.265803431e+00 5.363424711e+00
2.1115096800794915e+15 1.389000000e-02 1.134702066e+06 4.894119578e+33 5.988792671e+33 3.178569572e+45 1.265297645e+00 5.360570053e+00
2.1105096800794915e+15 1.457000000e-02 1.133797597e+06 4.894040188e+33 5.988655666e+33 3.178985533e+45 1.264778761e+00 5.357670617e+00
2.1095096800794915e+15 1.523000000e-02 1.134978132e+06 4.893963292e+33 5.988509848e+33 3.179391636e+45 1.264261919e+00 5.354797193e+00
2.1085096800794915e+15 1.586000000e-02 1.135294073e+06 4.893892560e+33 5.988403237e+33 3.179818523e+45 1.263751224e+00 5.351915552e+00
2.1075096800794915e+15 1.647000000e-02 1.135450742e+06 4.893825064e+33 5.988278166e+33 3.180250893e+45 1.263243650e+00 5.349038679e+00
2.1065096800794915e+15 1.706000000e-02 1.135812315e+06 4.893750087e+33 5.988153034e+33 3.180667319e+45 1.262728235e+00 5.346156189e+00
2.1055096800794915e+15 1.763000000e-02 1.136176748e+06 4.893674735e+33 5.988025726e+33 3.181098102e+45 1.262212728e+00 5.343249951e+00
2.1045096800794915e+15 1.819000000e-02 1.135655668e+06 4.893602648e+33 5.987911692e+33 3.181519999e+45 1.261699703e+00 5.340369921e+00
2.1035096800794915e+15 1.873000000e-02 1.135815179e+06 4.893530917e+33 5.987799883e+33 3.181952065e+45 1.261186936e+00 5.337474685e+00
2.1025096800794915e+15 1.926000000e-02 1.136457287e+06 4.893449873e+33 5.987663703e+33 3.182367525e+45 1.260664420e+00 5.334566824e+00
2.1015096800794915e+15 1.978000000e-02 1.136169583e+06 4.893376192e+33 5.987535927e+33 3.182800645e+45 1.260149068e+00 5.331660447e+00
2.1005096800794915e+15 2.028000000e-02 1.136118192e+06 4.893299854e+33 5.987405528e+33 3.183253881e+45 1.259631356e+00 5.328711203e+00
2.0995096800794915e+15 2.078000000e-02 1.135347015e+06 4.893219472e+33 5.987273872e+33 3.183682062e+45 1.259108490e+00 5.325782910e+00
2.0985096800794915e+15 2.127000000e-02 1.136365464e+06 4.893128212e+33 5.987113677e+33 3.184086585e+45 1.258574356e+00 5.322847299e+00
2.0975096800794915e+15 2.175000000e-02 1.136548497e+06 4.893053181e+33 5.986989503e+33 3.184545366e+45 1.258056387e+00 5.319890151e+00
2.0965096800794915e+15 2.222000000e-02 1.136357670e+06 4.892972829e+33 5.986850309e+33 3.184997569e+45 1.257532437e+00 5.316919545e+00
2.0955096800794915e+15 2.269000000e-02 1.136456719e+06 4.892884342e+33 5.986701102e+33 3.185427436e+45 1.256999482e+00 5.313948977e+00
2.0945096800794915e+15 2.316000000e-02 1.136302222e+06 4.892809960e+33 5.986579591e+33 3.185881790e+45 1.256479265e+00 5.310992231e+00
2.0935096800794915e+15 2.362000000e-02 1.137055331e+06 4.892712415e+33 5.986412962e+33 3.186308901e+45 1.255935725e+00 5.307983143e+00
2.0925096800794915e+15 2.408000000e-02 1.137366951e+06 4.892639060e+33 5.986290600e+33 3.186775358e+45 1.255414802e+00 5.305004937e+00
2.0915096800794915e+15 2.453000000e-02 1.136626360e+06 4.892549797e+33 5.986145629e+33 3.187254502e+45 1.254877575e+00 5.301937609e+00
2.0905096800794915e+15 2.499000000e-02 1.137718240e+06 4.892454446e+33 5.985991846e+33 3.187687860e+45 1.254332067e+00 5.298912334e+00
2.0895096800794915e+15 2.544000000e-02 1.137399483e+06 4.892371492e+33 5.985849801e+33 3.188198537e+45 1.253797973e+00 5.295807655e+00
2.0885096800794915e+15 2.590000000e-02 1.136563526e+06 4.892263713e+33 5.985665156e+33 3.188645712e+45 1.253236165e+00 5.292692334e+00
2.0875096800794915e+15 2.636000000e-02 1.138194396e+06 4.892180845e+33 5.985525697e+33 3.189166250e+45 1.252696876e+00 5.289551291e+00
2.0865096800794915e+15 2.684000000e-02 1.138452451e+06 4.892089070e+33 5.985385718e+33 3.189664845e+45 1.252144076e+00 5.286390602e+00
2.0855096800794915e+15 2.732000000e-02 1.138034450e+06 4.891986121e+33 5.985210834e+33 3.190206415e+45 1.251577071e+00 5.283099766e+00
2.0845096800794915e+15 2.784000000e-02 1.138771306e+06 4.891866195e+33 5.984993296e+33 3.190721314e+45 1.250983661e+00 5.279742739e+00
2.0835096800794915e+15 2.841000000e-02 1.138490873e+06 4.891750101e+33 5.984816562e+33 3.191318418e+45 1.250380346e+00 5.276209092e+00
