2.5737000000000000e+15 5.070000000e-03 5.080000000e-03 9.656535213e+05 4.219013236e+33 -5.233247858e-01 4.219015020e+33 5.394441919e-04 -1.978035156e-03 -1.742238879e-12 6.104927239e+00
2.5747000000000000e+15 8.677000000e-02 8.678000000e-02 9.670483594e+05 4.188417980e+33 -5.154076179e-01 4.188870503e+33 8.651133281e-03 -3.138001886e-02 -1.467102862e-12 6.201125776e+00
2.5757000000000000e+15 9.353000000e-02 9.354000000e-02 9.669988806e+05 4.183722459e+33 -5.144495382e-01 4.184235621e+33 9.218415049e-03 -3.339945322e-02 -1.705121994e-12 6.296236185e+00
2.5767000000000000e+15 9.821000000e-02 9.822000000e-02 9.662028277e+05 4.180332240e+33 -5.144660066e-01 4.180891967e+33 9.618768898e-03 -3.487317583e-02 -1.115083756e-11 5.724662004e+00
2.5777000000000000e+15 1.017800000e-01 1.017900000e-01 9.678552180e+05 4.177714841e+33 -5.123755153e-01 4.178295765e+33 9.832541748e-03 -3.550835646e-02 -1.464928435e-12 5.725891413e+00
2.5787000000000000e+15 1.046400000e-01 1.046500000e-01 9.675775044e+05 4.175590983e+33 -5.121803151e-01 4.176198190e+33 1.005079750e-02 -3.629574840e-02 -1.454214110e-12 5.630519448e+00
2.5797000000000000e+15 1.070000000e-01 1.070100000e-01 9.677152478e+05 4.173844176e+33 -5.116818193e-01 4.174470196e+33 1.021058954e-02 -3.684641053e-02 -1.876896498e-12 6.296755007e+00
2.5807000000000000e+15 1.090000000e-01 1.090100000e-01 9.676448570e+05 4.172368739e+33 -5.114332664e-01 4.173011508e+33 1.034735208e-02 -3.733053849e-02 -1.417688501e-12 6.296704297e+00
2.5817000000000000e+15 1.107200000e-01 1.107300000e-01 9.678901356e+05 4.171101843e+33 -5.109386912e-01 4.171756442e+33 1.044890737e-02 -3.766585639e-02 -1.775167620e-12 6.011401562e+00
2.5827000000000000e+15 1.121900000e-01 1.122000000e-01 9.683189310e+05 4.170056947e+33 -5.103240375e-01 4.170719624e+33 1.052299823e-02 -3.789158964e-02 -6.869031814e-13 5.631078110e+00
2.5837000000000000e+15 1.134700000e-01 1.134800000e-01 9.679869651e+05 4.169148576e+33 -5.104356002e-01 4.169822945e+33 1.061054362e-02 -3.822266473e-02 -1.080499329e-12 6.392111173e+00
2.5847000000000000e+15 1.145800000e-01 1.145900000e-01 9.679449542e+05 4.168391617e+33 -5.103137338e-01 4.169074035e+33 1.067417320e-02 -3.844686173e-02 -1.515618187e-12 5.440477712e+00
2.5857000000000000e+15 1.155300000e-01 1.155400000e-01 9.679711218e+05 4.167763674e+33 -5.101567647e-01 4.168452142e+33 1.072293330e-02 -3.861446019e-02 -1.175902541e-12 5.725978341e+00
