1.0128217649327210e+15 1.530000000e-05 1.540000000e-05 4.068229895e+33 2.876726109e+45 2.111654594e+00 -5.985183924e+02 9.630676868e+01 8.324142959e+01 7.660651307e+01 3.463269827e+01
9.9282176493272100e+14 3.930000000e-05 3.940000000e-05 4.004388364e+33 2.811737738e+45 2.109833148e+00 1.099716075e+03 1.133490665e+02 1.046032819e+02 9.360248964e+01 1.271887692e+02
9.7282176493272100e+14 6.050000000e-05 6.060000000e-05 3.938317141e+33 2.743399117e+45 2.133514137e+00 -9.747805798e+03 1.311325154e+02 1.279765273e+02 1.078510172e+02 -6.036672858e+02
9.5282176493272100e+14 8.350000000e-05 8.360000000e-05 3.869870892e+33 2.674507283e+45 2.140890824e+00 -3.602511205e+03 1.493426628e+02 1.603138217e+02 1.603737957e+02 -4.204199901e+00
9.3282176493272100e+14 1.094000000e-04 1.095000000e-04 3.799620774e+33 2.604282660e+45 2.121477755e+00 -1.171927004e+03 1.760838153e+02 1.911348162e+02 1.866958390e+02 1.321697259e+02
9.1282176493272100e+14 1.395000000e-04 1.396000000e-04 3.726788880e+33 2.531453913e+45 2.079035805e+00 8.482076563e+03 2.066822512e+02 2.283305022e+02 2.193664748e+02 6.407972016e+02
8.9282176493272100e+14 1.745000000e-04 1.746000000e-04 3.651887318e+33 2.457771810e+45 2.123285609e+00 -1.829417493e+03 2.598061304e+02 3.012435203e+02 2.964119230e+02 2.127514728e+02
8.9282176493272100e+14 1.745000000e-04 0.000000000e+00 3.652012451e+33 2.456830779e+45 2.103135270e+00 1.960999640e+02 2.715646688e+02 2.971409180e+02 2.836074010e+02 2.701262664e+02
8.8782176493272100e+14 1.841000000e-04 0.000000000e+00 3.633022146e+33 2.438927210e+45 2.106146677e+00 2.603636468e+02 2.886487015e+02 3.228839403e+02 3.095237865e+02 2.968331468e+02
8.8282176493272100e+14 1.941000000e-04 0.000000000e+00 3.613864005e+33 2.420681276e+45 2.109349166e+00 2.561828633e+02 3.081589293e+02 3.565844888e+02 3.435695975e+02 3.285887519e+02
8.7782176493272100e+14 2.045000000e-04 0.000000000e+00 3.594583944e+33 2.402586617e+45 2.113285309e+00 2.879184093e+02 3.349108412e+02 4.045676177e+02 3.923565556e+02 3.755618098e+02
8.7282176493272100e+14 2.154000000e-04 2.155000000e-04 3.574825732e+33 2.382607058e+45 2.112075583e+00 -4.461792648e+02 4.254696106e+02 4.954367288e+02 4.776238718e+02 4.252634301e+02
8.7282176493272100e+14 2.154000000e-04 0.000000000e+00 3.574953212e+33 2.381774376e+45 2.101895441e+00 3.593247742e+02 4.482163302e+02 4.891643533e+02 4.659785279e+02 4.454156187e+02
8.6782176493272100e+14 2.266000000e-04 0.000000000e+00 3.555516824e+33 2.364509779e+45 2.110142842e+00 4.699697838e+02 5.840662927e+02 6.874754489e+02 6.607237748e+02 6.308116105e+02
8.6282176493272100e+14 2.383000000e-04 0.000000000e+00 3.535807147e+33 2.345237612e+45 2.101129157e+00 1.557072739e+03 2.023376282e+03 2.291267356e+03 2.178381584e+03 2.072912286e+03
8.5782176493272100e+14 2.505000000e-04 0.000000000e+00 3.515910405e+33 2.325585847e+45 2.110112578e+00 -3.650965162e+02 -4.189021583e+02 -4.654404716e+02 -4.266652327e+02 -4.028850668e+02
8.5282176493272100e+14 2.632000000e-04 2.633000000e-04 3.495717320e+33 2.306197383e+45 2.107992220e+00 -1.712927400e+01 -2.230889461e+01 -1.787542858e+01 -5.365791829e+00 -1.398101267e+00
8.5282176493272100e+14 2.632000000e-04 0.000000000e+00 3.495849449e+33 2.304814739e+45 2.096877778e+00 -3.059709211e+01 -3.615676776e+01 -1.872361233e+01 -8.585278009e+00 -6.226966439e+00
8.4782176493272100e+14 2.763000000e-04 0.000000000e+00 3.475917993e+33 2.287647843e+45 2.109752809e+00 8.261578495e+01 7.315054948e+01 9.506919833e+01 1.029166113e+02 1.026873267e+02
8.4282176493272100e+14 2.899000000e-04 0.000000000e+00 3.455902073e+33 2.269484058e+45 2.113906238e+00 1.298945841e+02 1.229276837e+02 1.567969830e+02 1.642874819e+02 1.617947197e+02
8.3782176493272100e+14 3.041000000e-04 0.000000000e+00 3.435582312e+33 2.249268331e+45 2.106763731e+00 1.265660666e+02 1.655230836e+02 2.046010737e+02 2.071965311e+02 2.003861716e+02
8.3282176493272100e+14 3.188000000e-04 0.000000000e+00 3.415367937e+33 2.231260383e+45 2.113172118e+00 1.789108768e+02 1.809546966e+02 2.330823274e+02 2.391722844e+02 2.336952749e+02
8.3282176493272100e+14 3.188000000e-04 3.189000000e-04 3.415226399e+33 2.229187302e+45 2.074365829e+00 1.709536478e+04 2.038670895e+02 2.356054069e+02 2.608474989e+02 1.343042908e+03
8.2782176493272100e+14 3.341000000e-04 0.000000000e+00 3.394947856e+33 2.211760981e+45 2.111120378e+00 9.798810473e+01 2.044141080e+02 2.619421094e+02 2.672587005e+02 2.584460279e+02
8.2282176493272100e+14 3.499000000e-04 0.000000000e+00 3.374640946e+33 2.193192173e+45 2.112365481e+00 2.936380975e+02 2.215075811e+02 2.842674483e+02 2.891966137e+02 2.828413788e+02
