2.7123445000000000e+15 1.070000000e-03 1.110893978e+06 4.678749452e+33 5.559714704e+33 2.748853504e+45 1.223673425e+00 5.994651367e+00
2.7123445000000000e+15 3.506000000e-02 1.111990677e+06 4.676336842e+33 5.555745447e+33 2.746523287e+45 1.221416012e+00 5.988669157e+00
2.7123500000000000e+15 3.611000000e-02 1.111911233e+06 4.676192643e+33 5.555507363e+33 2.745269466e+45 1.221282345e+00 5.990748627e+00
2.7125000000000000e+15 4.781000000e-02 1.113224063e+06 4.674309609e+33 5.552401596e+33 2.743954721e+45 1.219554249e+00 5.985138171e+00
2.7130000000000000e+15 6.123000000e-02 1.113114603e+06 4.671603426e+33 5.547958842e+33 2.745098753e+45 1.217135408e+00 5.970777976e+00
2.7143449507015170e+15 7.567000000e-02 1.115481129e+06 4.668141849e+33 5.542266149e+33 2.744360072e+45 1.214196959e+00 5.957966355e+00
2.7163449507015170e+15 8.615000000e-02 1.116951810e+06 4.665392655e+33 5.537759098e+33 2.744567906e+45 1.212067848e+00 5.947068599e+00
2.7183449507015170e+15 9.261000000e-02 1.117111088e+06 4.663662289e+33 5.534919338e+33 2.745086951e+45 1.210890527e+00 5.940168631e+00
2.7203449507015170e+15 9.723000000e-02 1.117922226e+06 4.662430360e+33 5.532900599e+33 2.745723662e+45 1.210178598e+00 5.935299511e+00
2.7223449507015170e+15 1.007600000e-01 1.118520586e+06 4.661522927e+33 5.531411082e+33 2.743051492e+45 1.209771267e+00 5.939081750e+00
2.7243449507015170e+15 1.035500000e-01 1.117431187e+06 4.660830230e+33 5.530278451e+33 2.748250870e+45 1.209566543e+00 5.926842540e+00
2.7263449507015170e+15 1.057900000e-01 1.118591154e+06 4.660306485e+33 5.529423630e+33 2.749032230e+45 1.209516346e+00 5.924912053e+00
2.7283449507015170e+15 1.076100000e-01 1.119178622e+06 4.659901795e+33 5.528758744e+33 2.748987775e+45 1.209574027e+00 5.925290426e+00
2.7303449507015170e+15 1.090900000e-01 1.119127360e+06 4.659597419e+33 5.528260395e+33 2.750043381e+45 1.209728105e+00 5.923770483e+00
8.9680000000000000e+15 9.620000000e-03 9.582034026e+05 4.106042004e+33 4.596345385e+33 1.736447388e+45 1.772616061e+00 1.374684540e+01
8.9480000000000000e+15 1.339000000e-02 9.578831580e+05 4.108047453e+33 4.599708568e+33 1.737738921e+45 1.772581486e+00 1.373636045e+01
8.9280000000000000e+15 1.634000000e-02 9.578636800e+05 4.110061133e+33 4.603070835e+33 1.740721337e+45 1.772530244e+00 1.371242923e+01
8.9080000000000000e+15 1.887000000e-02 9.592760687e+05 4.112115799e+33 4.606510056e+33 1.743037196e+45 1.772515012e+00 1.369409275e+01
8.8880000000000000e+15 2.114000000e-02 9.596984705e+05 4.114215298e+33 4.610032405e+33 1.747250016e+45 1.772536624e+00 1.366124129e+01
8.8680000000000000e+15 2.325000000e-02 9.600325392e+05 4.116373217e+33 4.613648337e+33 1.750328308e+45 1.772602701e+00 1.363772371e+01
8.8480000000000000e+15 2.526000000e-02 9.592715025e+05 4.118602668e+33 4.617385266e+33 1.754746051e+45 1.772718391e+00 1.360427726e+01
8.8280000000000000e+15 2.727000000e-02 9.607220431e+05 4.120965240e+33 4.621343220e+33 1.756045138e+45 1.772934064e+00 1.359586699e+01
8.8080000000000000e+15 2.947000000e-02 9.604408216e+05 4.123647617e+33 4.625836285e+33 1.760059617e+45 1.773408277e+00 1.356848473e+01
