2.5736900000000000e+15 9.000000000e-03 9.656811468e+05 4.218793317e+33 5.211296860e+33 2.027945524e+45 7.959577741e-01 5.285471581e+00
2.5736900000000000e+15 7.366000000e-02 9.668109025e+05 4.196756245e+33 5.174009130e+33 2.008243377e+45 7.821201332e-01 5.244536593e+00
2.5736500000000000e+15 1.591000000e-02 9.655289593e+05 4.218058076e+33 5.210023276e+33 2.024714867e+45 7.954832982e-01 5.290749405e+00
2.5736500000000000e+15 7.273000000e-02 9.659403735e+05 4.197305217e+33 5.174938657e+33 2.009696831e+45 7.824539288e-01 5.242980296e+00
2.5735000000000000e+15 3.186000000e-02 9.659838589e+05 4.214868843e+33 5.204623657e+33 2.023685298e+45 7.934372394e-01 5.279825888e+00
2.5735000000000000e+15 6.832000000e-02 9.665047473e+05 4.199814215e+33 5.179152642e+33 2.011049515e+45 7.839880129e-01 5.249726239e+00
2.5747081328306030e+15 8.688000000e-02 9.676234992e+05 4.188337225e+33 5.159800548e+33 2.001924305e+45 7.770957095e-01 5.227293153e+00
2.5757081328306030e+15 9.360000000e-02 9.676116037e+05 4.183672328e+33 5.151970650e+33 1.997543608e+45 7.744124641e-01 5.220667845e+00
2.5767081328306030e+15 9.825000000e-02 9.675679481e+05 4.180311786e+33 5.146322535e+33 1.996061110e+45 7.725383015e-01 5.211901327e+00
2.5777081328306030e+15 1.018100000e-01 9.674065978e+05 4.177691071e+33 5.141914005e+33 1.993040368e+45 7.711237322e-01 5.210242916e+00
2.5787081328306030e+15 1.046600000e-01 9.674133914e+05 4.175581925e+33 5.138371867e+33 1.991676712e+45 7.700256840e-01 5.206386001e+00
2.5797081328306030e+15 1.070200000e-01 9.678551280e+05 4.173816935e+33 5.135418977e+33 1.992439097e+45 7.691388688e-01 5.198400094e+00
2.5807081328306030e+15 1.090200000e-01 9.676112028e+05 4.172363505e+33 5.132990407e+33 1.989476647e+45 7.684470252e-01 5.201457877e+00
2.5817081328306030e+15 1.107300000e-01 9.681329995e+05 4.171097907e+33 5.130864296e+33 1.989496470e+45 7.678670873e-01 5.197480612e+00
2.5827081328306030e+15 1.122000000e-01 9.681992073e+05 4.170046610e+33 5.129098767e+33 1.989676750e+45 7.674212672e-01 5.193992319e+00
2.5837081328306030e+15 1.134800000e-01 9.675013804e+05 4.169150346e+33 5.127592928e+33 1.988551607e+45 7.670701483e-01 5.194553378e+00
2.5847081328306030e+15 1.145900000e-01 9.682098398e+05 4.168382372e+33 5.126303934e+33 1.987996401e+45 7.667965152e-01 5.194150562e+00
2.5857081328306030e+15 1.155400000e-01 9.682532687e+05 4.167767415e+33 5.125272752e+33 1.986776339e+45 7.666184539e-01 5.196133349e+00
