1.1594500000000000e+15 3.323000000e-02 3.324000000e-02 1.134350097e+06 3.279008776e+33 -2.804815827e-01 3.279643010e+33 4.493768728e-03 -1.224066422e-02 -1.174413388e-12 6.699707857e+00
1.1600500000000000e+15 5.559000000e-02 5.560000000e-02 1.132785754e+06 3.214002971e+33 -2.736141513e-01 3.215534955e+33 7.050826021e-03 -1.902491244e-02 -1.499020979e-12 7.264614569e+00
1.1602500000000000e+15 5.709000000e-02 5.710000000e-02 1.132809558e+06 3.208631855e+33 -2.730004724e-01 3.210222327e+33 7.191066289e-03 -1.938469612e-02 -1.591768971e-12 6.509960589e+00
1.1604500000000000e+15 5.832000000e-02 5.833000000e-02 1.132228598e+06 3.204176447e+33 -2.726843890e-01 3.205821104e+33 7.313760651e-03 -1.971389696e-02 -1.091762084e-12 6.886898347e+00
1.1606500000000000e+15 5.937000000e-02 5.938000000e-02 1.133673156e+06 3.200329103e+33 -2.717894958e-01 3.201995070e+33 7.377057174e-03 -1.983741907e-02 -1.094454946e-12 6.227564665e+00
1.1608500000000000e+15 6.029000000e-02 6.030000000e-02 1.131647215e+06 3.196936908e+33 -2.720544629e-01 3.198662074e+33 7.495682347e-03 -2.019215467e-02 -9.056386206e-13 6.603477647e+00
1.1610500000000000e+15 6.109000000e-02 6.110000000e-02 1.133787126e+06 3.193983171e+33 -2.710401180e-01 3.195709130e+33 7.518079036e-03 -2.019125190e-02 -1.459538948e-12 6.416305968e+00
1.1612500000000000e+15 6.180000000e-02 6.181000000e-02 1.133136455e+06 3.191360315e+33 -2.709543097e-01 3.193119402e+33 7.587764867e-03 -2.038555927e-02 -8.285442272e-13 6.038520977e+00
1.1614500000000000e+15 6.244000000e-02 6.245000000e-02 1.132112317e+06 3.188999363e+33 -2.710126345e-01 3.190793262e+33 7.657887830e-03 -2.058969711e-02 -1.595698402e-12 5.849084238e+00
1.1616500000000000e+15 6.302000000e-02 6.303000000e-02 1.131612297e+06 3.186868459e+33 -2.709323355e-01 3.188688213e+33 7.711701307e-03 -2.073888131e-02 -1.266959224e-12 5.943056226e+00
1.1618500000000000e+15 6.354000000e-02 6.355000000e-02 1.132030388e+06 3.184966191e+33 -2.705851539e-01 3.186796730e+33 7.740492757e-03 -2.079967736e-02 -1.329934430e-12 5.943361890e+00
1.1620500000000000e+15 6.402000000e-02 6.403000000e-02 1.131075171e+06 3.183224542e+33 -2.706934415e-01 3.185083244e+33 7.794325890e-03 -2.096144458e-02 -1.076042762e-12 5.848318426e+00
1.1622500000000000e+15 6.446000000e-02 6.447000000e-02 1.131586469e+06 3.181638918e+33 -2.703524451e-01 3.183503717e+33 7.813651872e-03 -2.099430720e-02 -8.507923693e-13 5.943044653e+00
1.1624500000000000e+15 6.485000000e-02 6.486000000e-02 1.132126902e+06 3.180269505e+33 -2.700270885e-01 3.182137959e+33 7.827480857e-03 -2.101420057e-02 -1.560379809e-12 6.509497404e+00
1.1626500000000000e+15 6.522000000e-02 6.523000000e-02 1.131303499e+06 3.178972389e+33 -2.701426436e-01 3.180862854e+33 7.868593547e-03 -2.113926287e-02 -1.703556036e-12 5.754138963e+00
1.1628500000000000e+15 6.555000000e-02 6.556000000e-02 1.132189140e+06 3.177846585e+33 -2.697354667e-01 3.179733363e+33 7.869876857e-03 -2.111647030e-02 -1.401970429e-12 5.754804890e+00
1.1630500000000000e+15 6.585000000e-02 6.586000000e-02 1.131775552e+06 3.176846215e+33 -2.697539924e-01 3.178746525e+33 7.896033109e-03 -2.119315860e-02 -1.480763836e-12 5.660146542e+00
2.3283611302259620e+15 4.310000000e-03 4.320000000e-03 1.030755229e+06 4.377404739e+33 -4.981092024e-01 4.377408175e+33 -2.534735321e-04 1.090350001e-03 -1.945627986e-12 5.203991674e+00
2.3263611302259620e+15 7.470000000e-03 7.480000000e-03 1.030821084e+06 4.376836470e+33 -4.979442073e-01 4.376846688e+33 -4.371585319e-04 1.879835632e-03 -1.219273557e-12 4.919506449e+00
2.3243611302259620e+15 9.630000000e-03 9.640000000e-03 1.030769677e+06 4.376268027e+33 -4.978778262e-01 4.376284870e+33 -5.612534314e-04 2.413199816e-03 -1.062282121e-11 5.204032130e+00
2.3223611302259620e+15 1.140000000e-02 1.141000000e-02 1.030888117e+06 4.375692865e+33 -4.976664843e-01 4.375716218e+33 -6.610177002e-04 2.840914500e-03 -1.214605876e-12 4.824713773e+00
2.3203611302259620e+15 1.293000000e-02 1.294000000e-02 1.031393634e+06 4.375117261e+33 -4.971369852e-01 4.375146858e+33 -7.446381005e-04 3.195434999e-03 -2.371486243e-12 4.635428844e+00
2.3183611302259620e+15 1.431000000e-02 1.432000000e-02 1.031373122e+06 4.374534406e+33 -4.970406498e-01 4.374570305e+33 -8.200962821e-04 3.519112735e-03 -1.986362259e-12 5.014790441e+00
2.3163611302259620e+15 1.557000000e-02 1.558000000e-02 1.032363156e+06 4.373944361e+33 -4.961110164e-01 4.373985973e+33 -8.840123720e-04 3.782997182e-03 -1.558042380e-12 4.731060677e+00
2.3143611302259620e+15 1.674000000e-02 1.675000000e-02 1.032308273e+06 4.373346849e+33 -4.960404857e-01 4.373394465e+33 -9.456600601e-04 4.046305054e-03 -2.888568600e-12 4.541329637e+00
2.3123611302259620e+15 1.784000000e-02 1.785000000e-02 1.032973193e+06 4.372746068e+33 -4.953785948e-01 4.372799157e+33 -9.994248805e-04 4.267658986e-03 -1.340645146e-12 5.205735286e+00
2.3103611302259620e+15 1.890000000e-02 1.891000000e-02 1.032303945e+06 4.372130175e+33 -4.958106506e-01 4.372189466e+33 -1.055325693e-03 4.514215452e-03 -2.240189582e-12 4.636190478e+00
2.3083611302259620e+15 1.991000000e-02 1.992000000e-02 1.032999205e+06 4.371511150e+33 -4.951186531e-01 4.371575610e+33 -1.101330300e-03 4.701710774e-03 -1.374931470e-12 4.826401199e+00
2.3063611302259620e+15 2.088000000e-02 2.089000000e-02 1.033598414e+06 4.370887827e+33 -4.945083191e-01 4.370957309e+33 -1.144370875e-03 4.876288114e-03 -2.019177573e-12 4.542382194e+00
2.3043611302259620e+15 2.183000000e-02 2.184000000e-02 1.032036741e+06 4.370240065e+33 -4.956622260e-01 4.370316169e+33 -1.195643818e-03 5.113643598e-03 -7.823585626e-12 4.825627650e+00
2.3023611302259620e+15 2.277000000e-02 2.278000000e-02 1.034109395e+06 4.369585772e+33 -4.938409505e-01 4.369665409e+33 -1.226069453e-03 5.215112085e-03 -1.215390752e-12 4.542792597e+00
2.3003611302259620e+15 2.371000000e-02 2.372000000e-02 1.034315135e+06 4.368911287e+33 -4.935434396e-01 4.368995862e+33 -1.263912889e-03 5.371996284e-03 -2.029182659e-12 4.637791749e+00
2.2983611302259620e+15 2.468000000e-02 2.469000000e-02 1.033821744e+06 4.368187945e+33 -4.938060122e-01 4.368278070e+33 -1.303994153e-03 5.548947158e-03 -1.376597041e-12 4.542564328e+00
2.2963611302259620e+15 2.573000000e-02 2.574000000e-02 1.034854219e+06 4.367412586e+33 -4.928175324e-01 4.367506794e+33 -1.334895216e-03 5.664114741e-03 -3.113004315e-12 4.638239176e+00
3.9327049737479020e+15 1.710000000e-03 1.720000000e-03 9.443679506e+05 4.320403853e+33 -5.688722242e-01 4.320404018e+33 5.033827206e-05 -2.746136044e-04 -1.514696614e-12 4.564939397e+00
3.9307049737479020e+15 2.970000000e-03 2.980000000e-03 9.441648021e+05 4.320647158e+33 -5.691623008e-01 4.320647655e+33 8.719513530e-05 -4.760998554e-04 -6.869598191e-12 4.183666424e+00
3.9287049737479020e+15 3.830000000e-03 3.840000000e-03 9.446314609e+05 4.320890788e+33 -5.686960750e-01 4.320891604e+33 1.118407641e-04 -6.096245144e-04 -1.628460627e-12 4.565145080e+00
3.9267049737479020e+15 4.540000000e-03 4.550000000e-03 9.453380492e+05 4.321136459e+33 -5.679652781e-01 4.321137588e+33 1.316705968e-04 -7.161656368e-04 -9.334075971e-13 3.994080408e+00
3.9247049737479020e+15 5.150000000e-03 5.160000000e-03 9.447798451e+05 4.321382353e+33 -5.686501757e-01 4.321383810e+33 1.493831817e-04 -8.142210893e-04 -2.156087589e-12 4.088891772e+00
3.9227049737479020e+15 5.690000000e-03 5.700000000e-03 9.441462191e+05 4.321626883e+33 -5.694222320e-01 4.321628666e+33 1.651751300e-04 -9.022041139e-04 -1.069259681e-11 3.897806134e+00
3.9207049737479020e+15 6.190000000e-03 6.200000000e-03 9.445657452e+05 4.321874195e+33 -5.690110059e-01 4.321876282e+33 1.787325256e-04 -9.751207049e-04 -3.829484117e-12 3.898156905e+00
3.9187049737479020e+15 6.650000000e-03 6.660000000e-03 9.447015159e+05 4.322121745e+33 -5.689196182e-01 4.322124135e+33 1.913082185e-04 -1.043373087e-03 -1.307765593e-12 3.898267880e+00
3.9167049737479020e+15 7.080000000e-03 7.090000000e-03 9.449504679e+05 4.322366232e+33 -5.687001019e-01 4.322368915e+33 2.027978683e-04 -1.105155555e-03 -1.495222950e-12 3.803207889e+00
3.9147049737479020e+15 7.480000000e-03 7.490000000e-03 9.450366739e+05 4.322617887e+33 -5.686651794e-01 4.322620862e+33 2.135668044e-04 -1.163197847e-03 -1.403534922e-12 4.279658504e+00
3.9127049737479020e+15 7.870000000e-03 7.880000000e-03 9.450226321e+05 4.322861203e+33 -5.687405826e-01 4.322864476e+33 2.239487659e-04 -1.220379949e-03 -2.220390012e-12 3.803270519e+00
3.9107049737479020e+15 8.240000000e-03 8.250000000e-03 9.447732285e+05 4.323108410e+33 -5.690815323e-01 4.323111987e+33 2.340059092e-04 -1.276699784e-03 -1.017589232e-11 3.993594930e+00
3.9087049737479020e+15 8.590000000e-03 8.600000000e-03 9.448778547e+05 4.323355597e+33 -5.690254479e-01 4.323359454e+33 2.430385298e-04 -1.325459756e-03 -3.044351605e-12 3.707859749e+00
3.9067049737479020e+15 8.930000000e-03 8.940000000e-03 9.455812637e+05 4.323602070e+33 -5.682968155e-01 4.323606171e+33 2.508265122e-04 -1.364822965e-03 -6.157795400e-13 3.803735316e+00
3.9047049737479020e+15 9.250000000e-03 9.260000000e-03 9.457358414e+05 4.323852351e+33 -5.681846808e-01 4.323856713e+33 2.588256513e-04 -1.406917162e-03 -2.138907691e-12 4.184959442e+00
3.9027049737479020e+15 9.570000000e-03 9.580000000e-03 9.453241283e+05 4.324099124e+33 -5.687061226e-01 4.324103786e+33 2.673780950e-04 -1.455899161e-03 -7.149479909e-13 3.708253144e+00
3.9007049737479020e+15 9.880000000e-03 9.890000000e-03 9.461002860e+05 4.324351077e+33 -5.679011557e-01 4.324355957e+33 2.738321798e-04 -1.487482705e-03 -2.014231471e-13 3.708911373e+00
3.8987049737479020e+15 1.018000000e-02 1.019000000e-02 9.459522600e+05 4.324603409e+33 -5.681264262e-01 4.324608561e+33 2.812929962e-04 -1.528918245e-03 -2.033291630e-12 3.708788937e+00
3.8967049737479020e+15 1.047000000e-02 1.048000000e-02 9.459040671e+05 4.324850110e+33 -5.682407081e-01 4.324855522e+33 2.883117856e-04 -1.567019326e-03 -8.858807377e-13 3.899291057e+00
3.8947049737479020e+15 1.076000000e-02 1.077000000e-02 9.465389467e+05 4.325109219e+33 -5.675948579e-01 4.325114839e+33 2.939858428e-04 -1.595065605e-03 -2.032530224e-12 3.709290760e+00
3.8927049737479020e+15 1.104000000e-02 1.105000000e-02 9.464719927e+05 4.325361606e+33 -5.677312756e-01 4.325367478e+33 3.004957321e-04 -1.630682311e-03 -2.083761223e-12 3.709232690e+00
3.8907049737479020e+15 1.132000000e-02 1.133000000e-02 9.463475351e+05 4.325611301e+33 -5.679311645e-01 4.325617428e+33 3.068588269e-04 -1.666647722e-03 -1.668758702e-12 3.709126779e+00
3.8887049737479020e+15 1.159000000e-02 1.160000000e-02 9.465129615e+05 4.325869206e+33 -5.678094804e-01 4.325875557e+33 3.125050381e-04 -1.696076643e-03 -1.666470673e-12 3.614001147e+00
3.8867049737479020e+15 1.186000000e-02 1.187000000e-02 9.467575464e+05 4.326130525e+33 -5.676013609e-01 4.326137089e+33 3.177873055e-04 -1.723522465e-03 -9.231207862e-13 3.614211490e+00
3.8847049737479020e+15 1.213000000e-02 1.214000000e-02 9.464433098e+05 4.326388871e+33 -5.680142987e-01 4.326395693e+33 3.238057252e-04 -1.758614576e-03 -1.884121835e-12 3.613942957e+00
3.8827049737479020e+15 1.240000000e-02 1.241000000e-02 9.464217844e+05 4.326653239e+33 -5.681040493e-01 4.326660290e+33 3.291272198e-04 -1.788324676e-03 -9.996937812e-12 3.804437842e+00
3.8807049737479020e+15 1.266000000e-02 1.267000000e-02 9.463379823e+05 4.326918071e+33 -5.682622097e-01 4.326925347e+33 3.344141330e-04 -1.816275867e-03 -6.435138501e-12 4.280701422e+00
3.8787049737479020e+15 1.294000000e-02 1.295000000e-02 9.469893593e+05 4.327190037e+33 -5.676005091e-01 4.327197466e+33 3.380895016e-04 -1.833698996e-03 -1.351926808e-12 3.709677408e+00
