7.3042660299149050e+14 6.655000000e-04 6.656000000e-04 1.194796960e+06 1.958494763e+33 -1.393195007e-01 1.958517007e+33 8.830192525e-03 5.984814763e-04 -1.823314169e-12 5.686024680e+01
7.2942660299149050e+14 7.320000000e-04 7.321000000e-04 1.191571618e+06 1.951340903e+33 -1.391322759e-01 1.951422884e+33 9.656345062e-03 7.113394262e-04 -1.090162366e-12 5.884596704e+01
7.2842660299149050e+14 7.938000000e-04 7.939000000e-04 1.191166059e+06 1.944200736e+33 -1.385644024e-01 1.944208657e+33 1.041332277e-02 6.827659612e-04 -1.150413907e-12 6.381600982e+01
7.2742660299149050e+14 8.520000000e-04 8.521000000e-04 1.190338703e+06 1.937070501e+33 -1.380551354e-01 1.937007329e+33 1.111402698e-02 6.628581274e-04 -1.174387260e-12 6.182720713e+01
7.2642660299149050e+14 9.072000000e-04 9.073000000e-04 1.186639438e+06 1.929953694e+33 -1.379306274e-01 1.929994752e+33 1.176565292e-02 7.968701475e-04 -3.635318762e-13 7.077119570e+01
7.2542660299149050e+14 9.602000000e-04 9.603000000e-04 1.188545852e+06 1.922834010e+33 -1.370556622e-01 1.922583179e+33 1.238510550e-02 5.969608690e-04 -1.266561517e-12 5.784987133e+01
7.2442660299149050e+14 1.011000000e-03 1.011100000e-03 1.192052198e+06 1.915733880e+33 -1.359756978e-01 1.915016264e+33 1.296884822e-02 2.776903241e-04 -7.938298338e-13 5.586424477e+01
7.2342660299149050e+14 1.060100000e-03 1.060200000e-03 1.191233361e+06 1.908648311e+33 -1.354705728e-01 1.907762099e+33 1.352168613e-02 2.079147138e-04 -9.020585488e-13 6.083390915e+01
7.2242660299149050e+14 1.107800000e-03 1.107900000e-03 1.188360985e+06 1.901560645e+33 -1.352332589e-01 1.900672677e+33 1.404975978e-02 2.646929516e-04 -1.325563600e-12 5.685561800e+01
7.2142660299149050e+14 1.154100000e-03 1.154200000e-03 1.190489472e+06 1.894492852e+33 -1.343447429e-01 1.893132324e+33 1.455431502e-02 -1.497111120e-05 -6.827910353e-13 5.586308294e+01
7.2042660299149050e+14 1.199400000e-03 1.199500000e-03 1.188778612e+06 1.887421969e+33 -1.339601015e-01 1.885940069e+33 1.503876433e-02 -3.880526189e-05 -2.751738398e-13 5.784978383e+01
7.1942660299149050e+14 1.243600000e-03 1.243700000e-03 1.188335949e+06 1.880371177e+33 -1.334050202e-01 1.878600284e+33 1.550533320e-02 -1.712148474e-04 -1.471201168e-12 5.784962061e+01
7.1842660299149050e+14 1.286900000e-03 1.287000000e-03 1.184426240e+06 1.873328901e+33 -1.333019631e-01 1.871656205e+33 1.595440291e-02 -4.723453677e-05 -1.122877355e-12 5.685277197e+01
7.1742660299149050e+14 1.329400000e-03 1.329500000e-03 1.181720321e+06 1.866298085e+33 -1.330438607e-01 1.864605143e+33 1.638776128e-02 -5.459056319e-06 -1.748304928e-12 5.386854279e+01
7.1642660299149050e+14 1.371100000e-03 1.371200000e-03 1.182529282e+06 1.859282077e+33 -1.323329428e-01 1.857127849e+33 1.680539893e-02 -2.390688463e-04 -1.354097080e-12 5.585737202e+01
7.1542660299149050e+14 1.412200000e-03 1.412300000e-03 1.185018674e+06 1.852271069e+33 -1.314089751e-01 1.849403003e+33 1.720925448e-02 -6.169025067e-04 -9.799136949e-13 5.486506927e+01
7.1442660299149050e+14 1.452700000e-03 1.452800000e-03 1.184994514e+06 1.845270584e+33 -1.308100929e-01 1.841985502e+33 1.760087931e-02 -8.044220196e-04 -6.200666544e-13 5.486505542e+01
7.1342660299149050e+14 1.492700000e-03 1.492800000e-03 1.181691639e+06 1.838274084e+33 -1.306268178e-01 1.835000811e+33 1.798382670e-02 -7.340788871e-04 -5.427093610e-13 5.386851716e+01
7.1242660299149050e+14 1.532200000e-03 1.532300000e-03 1.181540708e+06 1.831291410e+33 -1.300446737e-01 1.827587061e+33 1.835352685e-02 -9.223203961e-04 -1.128900620e-12 5.883895199e+01
7.1142660299149050e+14 1.571100000e-03 1.571200000e-03 1.179534801e+06 1.824334916e+33 -1.296990036e-01 1.820457743e+33 1.871269266e-02 -9.591898747e-04 -8.090544651e-13 5.585513631e+01
7.1042660299149050e+14 1.609700000e-03 1.609800000e-03 1.179048427e+06 1.817374707e+33 -1.291623440e-01 1.813093186e+33 1.906176930e-02 -1.125433643e-03 -4.815670924e-13 5.386661520e+01
7.0942660299149050e+14 1.647900000e-03 1.648000000e-03 1.176660553e+06 1.810428423e+33 -1.288636057e-01 1.806018552e+33 1.940402903e-02 -1.134986639e-03 -7.429460063e-13 5.187660112e+01
7.0842660299149050e+14 1.685800000e-03 1.685900000e-03 1.178656573e+06 1.803486890e+33 -1.280176274e-01 1.798238075e+33 1.973254046e-02 -1.531161931e-03 -8.760692117e-13 5.486039776e+01
7.0742660299149050e+14 1.723300000e-03 1.723400000e-03 1.181475745e+06 1.796562223e+33 -1.270774085e-01 1.790329628e+33 2.004839128e-02 -1.998432341e-03 -4.418234899e-13 5.585658411e+01
7.0642660299149050e+14 1.761400000e-03 1.761500000e-03 1.179481680e+06 1.789481387e+33 -1.267178247e-01 1.782997448e+33 2.037206825e-02 -2.062586489e-03 -5.804093168e-13 5.386691110e+01
7.0542660299149050e+14 1.799300000e-03 1.799400000e-03 1.177727074e+06 1.782397390e+33 -1.263274316e-01 1.775615074e+33 2.068851740e-02 -2.150694010e-03 -9.870735252e-13 5.386561193e+01
7.0442660299149050e+14 1.836900000e-03 1.837000000e-03 1.173114514e+06 1.775328006e+33 -1.262874238e-01 1.768740965e+33 2.100311468e-02 -1.981124587e-03 -9.432609755e-13 5.386222802e+01
7.0342660299149050e+14 1.874300000e-03 1.874400000e-03 1.178101580e+06 1.768269793e+33 -1.250789767e-01 1.760220851e+33 2.128879270e-02 -2.672390398e-03 -9.255549113e-13 5.883627800e+01
7.0242660299149050e+14 1.911300000e-03 1.911400000e-03 1.171267165e+06 1.761242359e+33 -1.253066395e-01 1.753763396e+33 2.159487203e-02 -2.309587014e-03 -9.059127591e-13 5.386091035e+01
7.0142660299149050e+14 1.948200000e-03 1.948300000e-03 1.171067062e+06 1.754211964e+33 -1.247304078e-01 1.746142340e+33 2.187858403e-02 -2.544004888e-03 -7.752951180e-13 5.286658963e+01
7.0042660299149050e+14 1.984900000e-03 1.985000000e-03 1.167671151e+06 1.747193876e+33 -1.245402513e-01 1.739108489e+33 2.216457073e-02 -2.486246476e-03 -4.293623310e-13 5.286407133e+01
6.9942660299149050e+14 2.021400000e-03 2.021500000e-03 1.172847709e+06 1.740193102e+33 -1.233200981e-01 1.730476634e+33 2.241963672e-02 -3.234127160e-03 -9.349948417e-13 5.485617169e+01
6.9842660299149050e+14 2.057700000e-03 2.057800000e-03 1.172245719e+06 1.733208493e+33 -1.227988846e-01 1.722934570e+33 2.268382103e-02 -3.441907994e-03 -1.524631532e-12 5.187335578e+01
6.9742660299149050e+14 2.093800000e-03 2.093900000e-03 1.167540123e+06 1.726241853e+33 -1.227655247e-01 1.716172189e+33 2.295599802e-02 -3.271661576e-03 -1.132752731e-12 5.286399458e+01
6.9642660299149050e+14 2.129800000e-03 2.129900000e-03 1.168904776e+06 1.719284176e+33 -1.220136140e-01 1.708276667e+33 2.320157030e-02 -3.664869030e-03 -6.222700019e-13 5.087667858e+01
6.9542660299149050e+14 2.165600000e-03 2.165700000e-03 1.170819302e+06 1.712348194e+33 -1.212011151e-01 1.700283272e+33 2.343786064e-02 -4.112656611e-03 -4.449230865e-13 6.081933681e+01
6.9442660299149050e+14 2.201400000e-03 2.201500000e-03 1.165530980e+06 1.705409415e+33 -1.212306974e-01 1.693628351e+33 2.369972515e-02 -3.902029753e-03 -7.121663468e-13 5.385659837e+01
6.9342660299149050e+14 2.236900000e-03 2.237000000e-03 1.169066001e+06 1.698509189e+33 -1.202344320e-01 1.685337744e+33 2.391692653e-02 -4.506280848e-03 -1.314501558e-12 5.485353480e+01
6.9242660299149050e+14 2.272400000e-03 2.272500000e-03 1.162221677e+06 1.691607767e+33 -1.204447190e-01 1.679033956e+33 2.417581498e-02 -4.147148641e-03 -9.517972155e-13 5.186585517e+01
6.9142660299149050e+14 2.307800000e-03 2.307900000e-03 1.167801378e+06 1.684718275e+33 -1.192150362e-01 1.670311662e+33 2.437359027e-02 -4.956160318e-03 -1.267147757e-12 5.187003293e+01
6.9042660299149050e+14 2.343000000e-03 2.343100000e-03 1.167331871e+06 1.677860743e+33 -1.186931584e-01 1.662826988e+33 2.459139212e-02 -5.187148016e-03 -3.726738421e-13 5.087554000e+01
6.8942660299149050e+14 2.378200000e-03 2.378300000e-03 1.161463287e+06 1.671002903e+33 -1.187860371e-01 1.656359762e+33 2.483421610e-02 -4.928242388e-03 -6.309180443e-13 5.186527601e+01
6.8842660299149050e+14 2.413300000e-03 2.413400000e-03 1.164171714e+06 1.664165316e+33 -1.178989760e-01 1.648229785e+33 2.502811261e-02 -5.471662561e-03 -2.164459029e-11 5.087315208e+01
6.8742660299149050e+14 2.448300000e-03 2.448400000e-03 1.166863446e+06 1.657340723e+33 -1.170220635e-01 1.640145883e+33 2.521443699e-02 -6.000964376e-03 -9.484579440e-13 5.385770565e+01
6.8642660299149050e+14 2.483200000e-03 2.483300000e-03 1.161789275e+06 1.650541703e+33 -1.170218263e-01 1.633551651e+33 2.544166188e-02 -5.828826861e-03 -7.838672310e-13 4.987715203e+01
6.8542660299149050e+14 2.518100000e-03 2.518200000e-03 1.166643564e+06 1.643746446e+33 -1.159095782e-01 1.625085463e+33 2.560438606e-02 -6.553010730e-03 -9.232149018e-13 5.385750231e+01
6.8442660299149050e+14 2.552800000e-03 2.552900000e-03 1.161633244e+06 1.636988990e+33 -1.159059663e-01 1.618553635e+33 2.582189178e-02 -6.375673700e-03 -2.759701074e-13 5.285949054e+01
6.8342660299149050e+14 2.587600000e-03 2.587700000e-03 1.160096420e+06 1.630222891e+33 -1.155063096e-01 1.611275972e+33 2.601772491e-02 -6.541188005e-03 -1.015692915e-12 5.087011599e+01
6.8242660299149050e+14 2.622200000e-03 2.622300000e-03 1.159035664e+06 1.623493461e+33 -1.150608350e-01 1.603992772e+33 2.620339508e-02 -6.732402855e-03 -9.134819741e-13 5.285774450e+01
6.8142660299149050e+14 2.656900000e-03 2.657000000e-03 1.159955697e+06 1.616759272e+33 -1.143967581e-01 1.596319029e+33 2.637268043e-02 -7.105771651e-03 -1.122920190e-12 5.086989771e+01
6.8042660299149050e+14 2.691400000e-03 2.691500000e-03 1.161000627e+06 1.610068606e+33 -1.137236370e-01 1.588664774e+33 2.653509020e-02 -7.490399574e-03 -1.583309894e-12 5.285914114e+01
6.7942660299149050e+14 2.726000000e-03 2.726100000e-03 1.161897960e+06 1.603366235e+33 -1.130695775e-01 1.581044712e+33 2.669440375e-02 -7.855619135e-03 -1.484818240e-12 5.186562788e+01
6.7842660299149050e+14 2.760500000e-03 2.760600000e-03 1.157703190e+06 1.596695322e+33 -1.129690450e-01 1.574375732e+33 2.688886445e-02 -7.780077392e-03 -1.349590157e-12 5.186253164e+01
6.7742660299149050e+14 2.794900000e-03 2.795000000e-03 1.154100986e+06 1.590051309e+33 -1.128054296e-01 1.567639358e+33 2.707497652e-02 -7.751976181e-03 -2.724331922e-13 4.987134389e+01
6.7642660299149050e+14 2.829300000e-03 2.829400000e-03 1.160315157e+06 1.583418118e+33 -1.115880977e-01 1.559139581e+33 2.717787456e-02 -8.574553507e-03 -1.363596175e-12 5.186445683e+01
6.7542660299149050e+14 2.863700000e-03 2.863800000e-03 1.158184237e+06 1.576798912e+33 -1.112671341e-01 1.552139959e+33 2.734561913e-02 -8.682828373e-03 -1.449858398e-12 4.987443285e+01
6.7442660299149050e+14 2.898100000e-03 2.898200000e-03 1.159341885e+06 1.570191670e+33 -1.105996252e-01 1.544599799e+33 2.748090053e-02 -9.061736562e-03 -1.489747370e-12 5.086952578e+01
6.7342660299149050e+14 2.932400000e-03 2.932500000e-03 1.156456789e+06 1.563615938e+33 -1.103626365e-01 1.537794201e+33 2.764755236e-02 -9.100956777e-03 -7.179787102e-13 4.987314523e+01
6.7242660299149050e+14 2.966700000e-03 2.966800000e-03 1.160068144e+06 1.557056991e+33 -1.094444510e-01 1.529908730e+33 2.775147988e-02 -9.676299794e-03 -1.230694964e-12 4.888165179e+01
6.7142660299149050e+14 3.001000000e-03 3.001100000e-03 1.161303662e+06 1.550510784e+33 -1.087814153e-01 1.522470698e+33 2.787199840e-02 -1.004507463e-02 -5.852334317e-13 4.888257368e+01
6.7042660299149050e+14 3.035200000e-03 3.035300000e-03 1.155684129e+06 1.543998217e+33 -1.088280721e-01 1.516129376e+33 2.805643357e-02 -9.882218393e-03 -8.863190678e-13 5.186089902e+01
6.6942660299149050e+14 3.069500000e-03 3.069600000e-03 1.155514160e+06 1.537483475e+33 -1.083099220e-01 1.508915566e+33 2.818529018e-02 -1.015245512e-02 -1.525787735e-12 4.887818360e+01
6.6842660299149050e+14 3.103700000e-03 3.103800000e-03 1.156641349e+06 1.531003629e+33 -1.076652418e-01 1.501578705e+33 2.829547173e-02 -1.050938581e-02 -1.072494341e-12 4.887907241e+01
6.6742660299149050e+14 3.137900000e-03 3.138000000e-03 1.157109742e+06 1.524540336e+33 -1.070925024e-01 1.494387645e+33 2.840800040e-02 -1.080677291e-02 -4.818540278e-13 4.788521345e+01
6.6642660299149050e+14 3.172100000e-03 3.172200000e-03 1.152028576e+06 1.518096759e+33 -1.070801710e-01 1.487994650e+33 2.857819576e-02 -1.070147734e-02 -8.218741469e-13 4.887550307e+01
6.6542660299149050e+14 3.206200000e-03 3.206300000e-03 1.141966548e+06 1.511686974e+33 -1.075812219e-01 1.482491733e+33 2.879660450e-02 -1.017833874e-02 -1.336122544e-11 5.085650598e+01
6.6442660299149050e+14 3.240400000e-03 3.240500000e-03 1.158367850e+06 1.505276708e+33 -1.054014725e-01 1.472966894e+33 2.872590162e-02 -1.169402830e-02 -1.073918561e-12 4.888038248e+01
6.6342660299149050e+14 3.274500000e-03 3.274600000e-03 1.151733711e+06 1.498905284e+33 -1.055433417e-01 1.466828883e+33 2.890636458e-02 -1.148986189e-02 -1.081918729e-12 4.887529766e+01
6.6242660299149050e+14 3.308600000e-03 3.308700000e-03 1.150030498e+06 1.492553673e+33 -1.051958463e-01 1.460059192e+33 2.902727315e-02 -1.163248347e-02 -7.868486182e-13 5.285101706e+01
6.6142660299149050e+14 3.342700000e-03 3.342800000e-03 1.148143849e+06 1.486223127e+33 -1.048696226e-01 1.453360801e+33 2.914688670e-02 -1.175410674e-02 -6.253402303e-13 5.185549709e+01
6.6042660299149050e+14 3.376800000e-03 3.376900000e-03 1.150158834e+06 1.479908943e+33 -1.041593193e-01 1.446160121e+33 2.921691448e-02 -1.215326082e-02 -1.295288962e-12 4.887407198e+01
6.5942660299149050e+14 3.410900000e-03 3.411000000e-03 1.143652076e+06 1.473615779e+33 -1.042864012e-01 1.440075902e+33 2.938781186e-02 -1.196256691e-02 -2.213686266e-13 4.787489206e+01
6.5842660299149050e+14 3.444900000e-03 3.445000000e-03 1.156084593e+06 1.467364149e+33 -1.025729011e-01 1.431723823e+33 2.931866817e-02 -1.304525158e-02 -7.134474107e-13 4.987290505e+01
6.5742660299149050e+14 3.479000000e-03 3.479100000e-03 1.152347560e+06 1.461111834e+33 -1.024329656e-01 1.425342390e+33 2.944908354e-02 -1.304356433e-02 -2.008523963e-13 4.788144783e+01
6.5642660299149050e+14 3.513000000e-03 3.513100000e-03 1.147728963e+06 1.454906059e+33 -1.023730997e-01 1.419042069e+33 2.959035348e-02 -1.300842824e-02 -5.474436585e-13 4.688376415e+01
6.5542660299149050e+14 3.547000000e-03 3.547100000e-03 1.152179953e+06 1.448713203e+33 -1.014521757e-01 1.411825826e+33 2.960727978e-02 -1.352514762e-02 -1.130547596e-12 4.887575769e+01
6.5442660299149050e+14 3.580900000e-03 3.581000000e-03 1.148948610e+06 1.442573890e+33 -1.012670838e-01 1.405489924e+33 2.972323782e-02 -1.356209047e-02 -9.274169317e-13 4.688465254e+01
6.5342660299149050e+14 3.614900000e-03 3.615000000e-03 1.147656099e+06 1.436426226e+33 -1.008953193e-01 1.398923896e+33 2.981118823e-02 -1.372710907e-02 -1.036741204e-12 5.284928868e+01
6.5242660299149050e+14 3.648700000e-03 3.648800000e-03 1.147559496e+06 1.430348953e+33 -1.004183204e-01 1.392349874e+33 2.987810267e-02 -1.395029154e-02 -8.025124241e-13 4.986638648e+01
6.5142660299149050e+14 3.682600000e-03 3.682700000e-03 1.150342025e+06 1.424270823e+33 -9.967435109e-02 1.385522755e+33 2.990108813e-02 -1.433727541e-02 -1.053578807e-12 4.688576336e+01
6.5042660299149050e+14 3.716400000e-03 3.716500000e-03 1.159037644e+06 1.418235249e+33 -9.840073957e-02 1.378373270e+33 2.983064764e-02 -1.500408115e-02 -8.120271647e-14 4.689243987e+01
6.4942660299149050e+14 3.750200000e-03 3.750300000e-03 1.154272819e+06 1.412225026e+33 -9.835968577e-02 1.372259313e+33 2.995557533e-02 -1.497758791e-02 -8.212896242e-13 4.589456457e+01
6.4842660299149050e+14 3.783900000e-03 3.784000000e-03 1.141645573e+06 1.406257055e+33 -9.904518058e-02 1.366867842e+33 3.019312400e-02 -1.450965513e-02 -4.363851773e-13 4.588478027e+01
6.4742660299149050e+14 3.817600000e-03 3.817700000e-03 1.151709325e+06 1.400311396e+33 -9.765325670e-02 1.359690861e+33 3.009129400e-02 -1.526200510e-02 -1.459683477e-12 5.285229973e+01
6.4642660299149050e+14 3.851100000e-03 3.851200000e-03 1.144491053e+06 1.394436055e+33 -9.784478099e-02 1.353946749e+33 3.024400228e-02 -1.509047504e-02 -9.577984466e-13 4.588699856e+01
6.4542660299149050e+14 3.884600000e-03 3.884700000e-03 1.150688684e+06 1.388578879e+33 -9.682417875e-02 1.347275016e+33 3.018858590e-02 -1.560124712e-02 -1.055208793e-12 4.489757825e+01
6.4442660299149050e+14 3.918000000e-03 3.918100000e-03 1.145835989e+06 1.382766274e+33 -9.680032647e-02 1.341388121e+33 3.030007474e-02 -1.556684051e-02 -1.711589649e-12 4.588798574e+01
6.4342660299149050e+14 3.951200000e-03 3.951300000e-03 1.147229689e+06 1.377023675e+33 -9.622511392e-02 1.335216621e+33 3.030935940e-02 -1.582060775e-02 -9.171087178e-13 4.390059039e+01
6.4242660299149050e+14 3.984300000e-03 3.984400000e-03 1.152900128e+06 1.371318104e+33 -9.527901399e-02 1.328889834e+33 3.024438350e-02 -1.625675758e-02 -1.475914421e-12 4.489932832e+01
6.4142660299149050e+14 4.017100000e-03 4.017200000e-03 1.146361784e+06 1.365704288e+33 -9.541589609e-02 1.323316789e+33 3.037077415e-02 -1.614133162e-02 -8.111013606e-13 4.290566016e+01
6.4042660299149050e+14 4.049600000e-03 4.049700000e-03 1.145829615e+06 1.360166731e+33 -9.502951218e-02 1.317519487e+33 3.039419440e-02 -1.629169971e-02 -7.755260828e-13 4.290519258e+01
