7.4320000000000000e+14 7.970000000e-05 7.980000000e-05 1.150254237e+06 1.828919670e+33 -1.346870372e-01 1.828922345e+33 1.021570555e-03 9.237279821e-05 -8.892179353e-13 6.179942409e+01
7.4220000000000000e+14 3.329000000e-04 3.330000000e-04 1.153840259e+06 1.820761908e+33 -1.334847234e-01 1.820755236e+33 4.239641932e-03 2.556825048e-04 -4.162829706e-13 6.478474557e+01
7.4120000000000000e+14 4.660000000e-04 4.661000000e-04 1.150412050e+06 1.812618650e+33 -1.332133490e-01 1.812621539e+33 5.896795951e-03 3.831530245e-04 -8.876316357e-13 5.881678525e+01
7.4020000000000000e+14 5.702000000e-04 5.703000000e-04 1.150491097e+06 1.804496782e+33 -1.324808039e-01 1.804438085e+33 7.170554320e-03 3.750433170e-04 -1.175864274e-12 5.981108537e+01
7.3920000000000000e+14 6.596000000e-04 6.597000000e-04 1.150402083e+06 1.796389016e+33 -1.317726465e-01 1.796234326e+33 8.243098679e-03 3.336885154e-04 -1.686422888e-12 5.881678385e+01
7.3820000000000000e+14 7.394000000e-04 7.395000000e-04 1.148752537e+06 1.788300732e+33 -1.312716432e-01 1.788077124e+33 9.182008347e-03 3.349365949e-04 -1.228535698e-12 5.782138530e+01
7.3720000000000000e+14 8.126000000e-04 8.127000000e-04 1.146288077e+06 1.780228708e+33 -1.308768718e-01 1.779961863e+33 1.002719866e-02 3.647225663e-04 -1.303274234e-12 5.980813228e+01
7.3620000000000000e+14 8.808000000e-04 8.809000000e-04 1.147841464e+06 1.772169800e+33 -1.299610320e-01 1.771639754e+33 1.080088263e-02 1.780695259e-04 -9.168300028e-13 5.682641602e+01
7.3520000000000000e+14 9.450000000e-04 9.451000000e-04 1.145193057e+06 1.764135793e+33 -1.295909854e-01 1.763541492e+33 1.151503900e-02 1.960909921e-04 -1.234564541e-12 5.682453325e+01
7.3420000000000000e+14 1.006100000e-03 1.006200000e-03 1.147770795e+06 1.756114246e+33 -1.285495423e-01 1.755101784e+33 1.218229086e-02 -9.502716398e-05 -1.425182277e-12 5.583213967e+01
7.3320000000000000e+14 1.064600000e-03 1.064700000e-03 1.141865845e+06 1.748110603e+33 -1.285991608e-01 1.747247993e+33 1.280919722e-02 1.100546224e-04 -9.113517199e-13 5.781643023e+01
7.3220000000000000e+14 1.120900000e-03 1.121000000e-03 1.140326871e+06 1.740125626e+33 -1.280885664e-01 1.739100760e+33 1.340148807e-02 4.951821671e-05 -3.185064876e-12 6.179251586e+01
7.3120000000000000e+14 1.175300000e-03 1.175400000e-03 1.141126794e+06 1.732154998e+33 -1.272805028e-01 1.730745900e+33 1.396267933e-02 -1.766298573e-04 -1.313870848e-12 5.582732707e+01
7.3020000000000000e+14 1.228400000e-03 1.228500000e-03 1.145236961e+06 1.724160379e+33 -1.260562756e-01 1.722021515e+33 1.449787882e-02 -6.446679490e-04 -1.141080060e-12 5.583028132e+01
7.2920000000000000e+14 1.280100000e-03 1.280200000e-03 1.136477873e+06 1.716182402e+33 -1.264597489e-01 1.714519934e+33 1.501435106e-02 -2.201261049e-04 -1.297117938e-11 5.582402257e+01
7.2820000000000000e+14 1.330500000e-03 1.330600000e-03 1.139647775e+06 1.708226454e+33 -1.253529933e-01 1.705822404e+33 1.550476675e-02 -6.671154323e-04 -8.231053299e-13 5.383764912e+01
7.2720000000000000e+14 1.379800000e-03 1.379900000e-03 1.140742827e+06 1.700288751e+33 -1.245202240e-01 1.697343456e+33 1.597342934e-02 -9.598480384e-04 -4.327694563e-13 5.383847083e+01
7.2620000000000000e+14 1.428100000e-03 1.428200000e-03 1.136519191e+06 1.692372169e+33 -1.243451663e-01 1.689431516e+33 1.643022268e-02 -8.740036960e-04 -7.392852476e-13 5.383534379e+01
7.2520000000000000e+14 1.475500000e-03 1.475600000e-03 1.135320700e+06 1.684475282e+33 -1.237980596e-01 1.681206449e+33 1.686653101e-02 -1.011624448e-03 -8.042209284e-13 5.582308248e+01
7.2420000000000000e+14 1.522200000e-03 1.522300000e-03 1.130489285e+06 1.676591101e+33 -1.237043915e-01 1.673460533e+33 1.729155650e-02 -8.502852376e-04 -2.588943905e-12 5.880242253e+01
7.2320000000000000e+14 1.568000000e-03 1.568100000e-03 1.133795960e+06 1.668739452e+33 -1.226001116e-01 1.664650513e+33 1.769303311e-02 -1.376374122e-03 -6.327073816e-13 5.383336788e+01
7.2220000000000000e+14 1.613300000e-03 1.613400000e-03 1.131983473e+06 1.660894839e+33 -1.221323303e-01 1.656512177e+33 1.808766585e-02 -1.479590539e-03 -4.539103661e-13 5.582062163e+01
7.2120000000000000e+14 1.657900000e-03 1.658000000e-03 1.131318677e+06 1.653080192e+33 -1.215262002e-01 1.648234422e+33 1.846683680e-02 -1.683165369e-03 -1.101121520e-12 5.482586263e+01
7.2020000000000000e+14 1.702000000e-03 1.702100000e-03 1.128659722e+06 1.645279239e+33 -1.211668523e-01 1.640260272e+33 1.883709287e-02 -1.711393489e-03 -3.453366560e-12 5.382965206e+01
7.1920000000000000e+14 1.745600000e-03 1.745700000e-03 1.129230940e+06 1.637499594e+33 -1.204090012e-01 1.631775189e+33 1.919280840e-02 -2.046928388e-03 -1.516252471e-12 5.780744078e+01
7.1820000000000000e+14 1.788700000e-03 1.788800000e-03 1.130956254e+06 1.629745256e+33 -1.195218677e-01 1.623149694e+33 1.953241866e-02 -2.474689460e-03 -1.660462725e-12 5.283691236e+01
7.1720000000000000e+14 1.831400000e-03 1.831500000e-03 1.131243568e+06 1.622007469e+33 -1.188115038e-01 1.614733910e+33 1.986447697e-02 -2.782983372e-03 -9.908827503e-13 5.283712863e+01
7.1620000000000000e+14 1.873700000e-03 1.873800000e-03 1.132684961e+06 1.614292201e+33 -1.179693026e-01 1.606154267e+33 2.018244986e-02 -3.193154807e-03 -1.507660497e-12 5.283820049e+01
7.1520000000000000e+14 1.915600000e-03 1.915700000e-03 1.131220537e+06 1.606601765e+33 -1.174723679e-01 1.598015207e+33 2.049934434e-02 -3.360251608e-03 -1.314442845e-12 5.184276494e+01
7.1420000000000000e+14 1.957200000e-03 1.957300000e-03 1.129706933e+06 1.598927539e+33 -1.169818763e-01 1.589889634e+33 2.080817650e-02 -3.526734004e-03 -1.687625256e-12 5.383032141e+01
7.1320000000000000e+14 1.998500000e-03 1.998600000e-03 1.124485082e+06 1.591273480e+33 -1.169316485e-01 1.582419543e+33 2.111961729e-02 -3.344416969e-03 -9.453958965e-13 5.283226233e+01
7.1220000000000000e+14 2.039500000e-03 2.039600000e-03 1.125100068e+06 1.583643847e+33 -1.161888429e-01 1.573942419e+33 2.140702168e-02 -3.723605722e-03 -6.130772276e-13 5.183818695e+01
7.1120000000000000e+14 2.080300000e-03 2.080400000e-03 1.125948354e+06 1.576018857e+33 -1.154271897e-01 1.565459084e+33 2.168342314e-02 -4.108999590e-03 -1.913357072e-12 5.084445495e+01
7.1020000000000000e+14 2.120800000e-03 2.120900000e-03 1.124959274e+06 1.568428092e+33 -1.148865522e-01 1.557339344e+33 2.195694918e-02 -4.315778615e-03 -4.196225695e-13 5.581544818e+01
7.0920000000000000e+14 2.161100000e-03 2.161200000e-03 1.119210986e+06 1.560848736e+33 -1.148884956e-01 1.549994591e+33 2.224531943e-02 -4.105903050e-03 -1.618290405e-12 5.282834371e+01
7.0820000000000000e+14 2.201200000e-03 2.201300000e-03 1.125809448e+06 1.553292999e+33 -1.134776505e-01 1.540568682e+33 2.247339781e-02 -5.026571785e-03 -7.460029127e-13 5.084438854e+01
7.0720000000000000e+14 2.241100000e-03 2.241200000e-03 1.124220238e+06 1.545757803e+33 -1.130056744e-01 1.532533367e+33 2.273045505e-02 -5.207009421e-03 -6.329628717e-13 5.183753325e+01
7.0620000000000000e+14 2.280800000e-03 2.280900000e-03 1.126803280e+06 1.538247231e+33 -1.120709353e-01 1.523863142e+33 2.295772677e-02 -5.744668050e-03 -8.156246333e-13 5.084510973e+01
7.0520000000000000e+14 2.320300000e-03 2.320400000e-03 1.123615691e+06 1.530763137e+33 -1.117817705e-01 1.516124268e+33 2.321010290e-02 -5.790407061e-03 -1.391681462e-12 5.084271177e+01
7.0420000000000000e+14 2.359600000e-03 2.359700000e-03 1.122890044e+06 1.523306996e+33 -1.112229380e-01 1.508037323e+33 2.344146101e-02 -6.041349947e-03 -6.327070978e-13 5.481959114e+01
7.0320000000000000e+14 2.398800000e-03 2.398900000e-03 1.124876905e+06 1.515864478e+33 -1.103663893e-01 1.499514303e+33 2.365074340e-02 -6.531575398e-03 -1.086141939e-12 5.183804337e+01
7.0220000000000000e+14 2.437900000e-03 2.438000000e-03 1.121517765e+06 1.508439126e+33 -1.100968393e-01 1.491839457e+33 2.388826079e-02 -6.572447423e-03 -1.700638980e-12 5.780179024e+01
7.0120000000000000e+14 2.476700000e-03 2.476800000e-03 1.118823413e+06 1.501063152e+33 -1.097585878e-01 1.484128123e+33 2.411445591e-02 -6.662640792e-03 -9.268906874e-13 5.382227374e+01
7.0020000000000000e+14 2.515500000e-03 2.515600000e-03 1.113007935e+06 1.493689906e+33 -1.097585130e-01 1.476927800e+33 2.435785522e-02 -6.483073600e-03 -2.696405252e-13 4.984031722e+01
6.9920000000000000e+14 2.554100000e-03 2.554200000e-03 1.119861094e+06 1.486355020e+33 -1.083885760e-01 1.467716468e+33 2.450819765e-02 -7.395632563e-03 -1.681216933e-12 5.183430707e+01
6.9820000000000000e+14 2.592700000e-03 2.592800000e-03 1.117460869e+06 1.479024174e+33 -1.080223606e-01 1.460008490e+33 2.471749287e-02 -7.510270472e-03 -1.359736176e-12 5.481550908e+01
6.9720000000000000e+14 2.631000000e-03 2.631100000e-03 1.121580840e+06 1.471747095e+33 -1.069655930e-01 1.451348704e+33 2.487031753e-02 -8.166753628e-03 -1.499090731e-12 5.282992764e+01
6.9620000000000000e+14 2.669300000e-03 2.669400000e-03 1.114771118e+06 1.464482355e+33 -1.070663452e-01 1.444334703e+33 2.510517450e-02 -7.937200579e-03 -5.655241253e-13 5.481388332e+01
6.9520000000000000e+14 2.707500000e-03 2.707600000e-03 1.111932300e+06 1.457239845e+33 -1.067481380e-01 1.436757899e+33 2.530403392e-02 -8.027197624e-03 -3.717531294e-13 5.481171885e+01
6.9420000000000000e+14 2.745600000e-03 2.745700000e-03 1.116012896e+06 1.450027964e+33 -1.057073348e-01 1.428178369e+33 2.544001095e-02 -8.678635916e-03 -1.408154677e-12 5.282580634e+01
6.9320000000000000e+14 2.783700000e-03 2.783800000e-03 1.113498532e+06 1.442825053e+33 -1.053596065e-01 1.420604796e+33 2.562644792e-02 -8.791783363e-03 -1.450555053e-12 4.884625888e+01
6.9220000000000000e+14 2.821700000e-03 2.821800000e-03 1.103065813e+06 1.435650838e+33 -1.058375423e-01 1.414273675e+33 2.587756283e-02 -8.251665907e-03 -1.309474302e-11 4.883833774e+01
6.9120000000000000e+14 2.859600000e-03 2.859700000e-03 1.115785119e+06 1.428506922e+33 -1.039132958e-01 1.404482249e+33 2.591937746e-02 -9.602616390e-03 -1.042261236e-12 4.884799669e+01
6.9020000000000000e+14 2.897400000e-03 2.897500000e-03 1.117416208e+06 1.421394623e+33 -1.031506622e-01 1.396448053e+33 2.605139230e-02 -1.002880009e-02 -1.422993541e-12 5.083804071e+01
6.8920000000000000e+14 2.935200000e-03 2.935300000e-03 1.113356301e+06 1.414296601e+33 -1.029637218e-01 1.389158278e+33 2.623594892e-02 -1.004079098e-02 -1.701279029e-12 4.785171212e+01
6.8820000000000000e+14 2.972900000e-03 2.973000000e-03 1.107930206e+06 1.407231314e+33 -1.029166718e-01 1.382102804e+33 2.643012048e-02 -9.943305990e-03 -2.860695315e-12 4.983646869e+01
6.8720000000000000e+14 3.010500000e-03 3.010600000e-03 1.108060833e+06 1.400200955e+33 -1.023107431e-01 1.374344461e+33 2.656425472e-02 -1.026291806e-02 -1.386777865e-12 4.884212623e+01
6.8620000000000000e+14 3.048000000e-03 3.048100000e-03 1.111283892e+06 1.393205392e+33 -1.014043147e-01 1.366274519e+33 2.665928107e-02 -1.079133905e-02 -1.354498800e-12 5.381697507e+01
6.8520000000000000e+14 3.085500000e-03 3.085600000e-03 1.108505268e+06 1.386224634e+33 -1.010918330e-01 1.358925467e+33 2.681563820e-02 -1.090610250e-02 -9.637512356e-13 5.083136692e+01
6.8420000000000000e+14 3.123000000e-03 3.123100000e-03 1.104691631e+06 1.379266488e+33 -1.008850578e-01 1.351757318e+33 2.697931716e-02 -1.093583506e-02 -1.411176496e-12 5.580091782e+01
6.8320000000000000e+14 3.160300000e-03 3.160400000e-03 1.110163514e+06 1.372363658e+33 -9.977156674e-02 1.343554400e+33 2.703337897e-02 -1.161141055e-02 -1.296003267e-12 4.784928556e+01
6.8220000000000000e+14 3.197600000e-03 3.197700000e-03 1.107619001e+06 1.365475977e+33 -9.944440637e-02 1.336306120e+33 2.717431085e-02 -1.173289150e-02 -1.299962974e-12 4.784730711e+01
6.8120000000000000e+14 3.234800000e-03 3.234900000e-03 1.110705123e+06 1.358629436e+33 -9.857853453e-02 1.328515539e+33 2.724346178e-02 -1.221819505e-02 -1.295824449e-12 4.884413589e+01
6.8020000000000000e+14 3.272000000e-03 3.272100000e-03 1.113615393e+06 1.351806640e+33 -9.773828529e-02 1.320820115e+33 2.730841908e-02 -1.267438827e-02 -1.056264765e-12 4.785190287e+01
6.7920000000000000e+14 3.309100000e-03 3.309200000e-03 1.112818503e+06 1.345020014e+33 -9.725733575e-02 1.313559548e+33 2.741373563e-02 -1.288774337e-02 -5.190754807e-13 4.785117331e+01
6.7820000000000000e+14 3.346100000e-03 3.346200000e-03 1.106021549e+06 1.338274153e+33 -9.733784693e-02 1.306841582e+33 2.759391277e-02 -1.276047267e-02 -2.669929176e-12 4.585716316e+01
6.7720000000000000e+14 3.383100000e-03 3.383200000e-03 1.105749813e+06 1.331554369e+33 -9.680798957e-02 1.299579894e+33 2.768637702e-02 -1.301612369e-02 -9.789666280e-13 4.685139327e+01
6.7620000000000000e+14 3.420000000e-03 3.420100000e-03 1.110545404e+06 1.324869779e+33 -9.581225968e-02 1.291952810e+33 2.770608033e-02 -1.355577747e-02 -1.323722107e-12 4.884393199e+01
6.7520000000000000e+14 3.456800000e-03 3.456900000e-03 1.108034859e+06 1.318236127e+33 -9.550007415e-02 1.285005342e+33 2.781885287e-02 -1.367131232e-02 -1.150229493e-12 4.685318684e+01
6.7420000000000000e+14 3.493700000e-03 3.493800000e-03 1.105706336e+06 1.311606365e+33 -9.516983044e-02 1.278044354e+33 2.792616610e-02 -1.380001792e-02 -1.122780162e-12 4.784589769e+01
6.7320000000000000e+14 3.530600000e-03 3.530700000e-03 1.106559884e+06 1.304994414e+33 -9.454956081e-02 1.270865621e+33 2.798547639e-02 -1.410300403e-02 -9.653994911e-13 4.983544667e+01
6.7220000000000000e+14 3.567300000e-03 3.567400000e-03 1.108268332e+06 1.298450246e+33 -9.386268681e-02 1.263757183e+33 2.802628890e-02 -1.442839780e-02 -9.938790281e-13 4.585888553e+01
6.7120000000000000e+14 3.603900000e-03 3.604000000e-03 1.105337451e+06 1.291953647e+33 -9.359616160e-02 1.256996026e+33 2.813027106e-02 -1.452132034e-02 -1.200867341e-12 5.381258837e+01
6.7020000000000000e+14 3.640500000e-03 3.640600000e-03 1.104310533e+06 1.285476694e+33 -9.315960963e-02 1.250135934e+33 2.820293122e-02 -1.471139973e-02 -9.153640436e-13 4.585584401e+01
6.6920000000000000e+14 3.676900000e-03 3.677000000e-03 1.102315655e+06 1.279068806e+33 -9.281622565e-02 1.243434106e+33 2.828514313e-02 -1.484291740e-02 -4.873956470e-13 4.983230129e+01
6.6820000000000000e+14 3.713300000e-03 3.713400000e-03 1.107326361e+06 1.272677919e+33 -9.185773405e-02 1.236394208e+33 2.825657778e-02 -1.529703845e-02 -9.953798175e-13 4.884130530e+01
6.6720000000000000e+14 3.749400000e-03 3.749500000e-03 1.103539532e+06 1.266381573e+33 -9.167731966e-02 1.229893258e+33 2.835805155e-02 -1.535192508e-02 -7.358592274e-13 4.684973899e+01
6.6620000000000000e+14 3.785400000e-03 3.785500000e-03 1.108841564e+06 1.260127412e+33 -9.071161968e-02 1.223058067e+33 2.831282599e-02 -1.579249647e-02 -1.543413214e-12 4.685384747e+01
6.6520000000000000e+14 3.821300000e-03 3.821400000e-03 1.106562448e+06 1.253912627e+33 -9.040880166e-02 1.216609501e+33 2.838078531e-02 -1.590319628e-02 -1.489351935e-12 4.983549358e+01
6.6420000000000000e+14 3.856900000e-03 3.857000000e-03 1.107912801e+06 1.247787005e+33 -8.980226096e-02 1.210144479e+33 2.838523957e-02 -1.615153783e-02 -1.689668319e-12 4.884207441e+01
6.6320000000000000e+14 3.892100000e-03 3.892200000e-03 1.104432203e+06 1.241773543e+33 -8.961887188e-02 1.203995542e+33 2.846158612e-02 -1.619401754e-02 -1.197571566e-12 4.983371432e+01
6.6220000000000000e+14 3.927000000e-03 3.927100000e-03 1.110744749e+06 1.235833335e+33 -8.861136404e-02 1.197639927e+33 2.837054317e-02 -1.660753493e-02 -1.163218338e-12 4.287750276e+01
