8.4799904996975975e+14 6.930000000e-03 6.940000000e-03 1.254349047e+06 3.444110769e+33 -2.619511557e-01 3.444169816e+33 1.920148233e-03 -2.767911968e-03 -2.145258144e-12 6.087805713e+01
8.4819904996975975e+14 2.268000000e-02 2.269000000e-02 1.253099407e+06 3.431883753e+33 -2.610952848e-01 3.432509231e+33 6.254163304e-03 -9.011598309e-03 -1.332211841e-12 6.087718040e+01
8.4839904996975975e+14 3.073000000e-02 3.074000000e-02 1.251893738e+06 3.420593418e+33 -2.603181733e-01 3.421730935e+33 8.439665594e-03 -1.215684283e-02 -8.638576142e-13 5.988257982e+01
8.4859904996975975e+14 3.667000000e-02 3.668000000e-02 1.252102919e+06 3.410040982e+33 -2.592274603e-01 3.411634432e+33 1.001279644e-02 -1.438654971e-02 -1.310622758e-12 5.888899325e+01
8.4879904996975975e+14 4.145000000e-02 4.146000000e-02 1.251868293e+06 3.400177918e+33 -2.583265471e-01 3.402187303e+33 1.126274504e-02 -1.615599277e-02 -9.575627564e-13 5.690134280e+01
8.4899904996975975e+14 4.548000000e-02 4.549000000e-02 1.251436449e+06 3.390911049e+33 -2.575378905e-01 3.393302808e+33 1.230371728e-02 -1.762812639e-02 -1.696782347e-12 5.789476504e+01
8.4919904996975975e+14 4.895000000e-02 4.896000000e-02 1.250188895e+06 3.382231105e+33 -2.570264195e-01 3.384984650e+33 1.320285581e-02 -1.892157847e-02 -9.317519519e-13 5.690013600e+01
8.4939904996975975e+14 5.201000000e-02 5.202000000e-02 1.249228887e+06 3.374040310e+33 -2.564844340e-01 3.377126449e+33 1.398302780e-02 -2.003750138e-02 -1.301201907e-12 5.590568703e+01
8.4959904996975975e+14 5.474000000e-02 5.475000000e-02 1.248814168e+06 3.366304675e+33 -2.558425373e-01 3.369690685e+33 1.466091893e-02 -2.099061385e-02 -6.261020956e-12 5.590540493e+01
8.4979904996975975e+14 5.720000000e-02 5.721000000e-02 1.250049430e+06 3.358989306e+33 -2.547969513e-01 3.362618727e+33 1.522736994e-02 -2.172358188e-02 -1.127322172e-12 5.888748740e+01
8.4999904996975975e+14 5.944000000e-02 5.945000000e-02 1.248418591e+06 3.352048343e+33 -2.545548864e-01 3.355959216e+33 1.579522580e-02 -2.256160633e-02 -1.301582829e-12 5.292382906e+01
8.5019904996975975e+14 6.149000000e-02 6.150000000e-02 1.248594200e+06 3.345464242e+33 -2.538667295e-01 3.349600963e+33 1.627083810e-02 -2.320257791e-02 -1.767059822e-12 5.391773093e+01
8.5039904996975975e+14 6.338000000e-02 6.339000000e-02 1.248071898e+06 3.339193147e+33 -2.533946640e-01 3.343555362e+33 1.671861227e-02 -2.383045189e-02 -1.150740937e-12 5.391733346e+01
8.5059904996975975e+14 6.513000000e-02 6.514000000e-02 1.247088283e+06 3.333215925e+33 -2.530733671e-01 3.337801333e+33 1.713983955e-02 -2.443993798e-02 -1.125494547e-12 5.491037867e+01
8.5079904996975975e+14 6.675000000e-02 6.676000000e-02 1.247684308e+06 3.327544523e+33 -2.523638746e-01 3.332298979e+33 1.748751781e-02 -2.488196939e-02 -1.636788658e-12 5.391705678e+01
8.5099904996975975e+14 6.826000000e-02 6.827000000e-02 1.247274768e+06 3.322135076e+33 -2.519459440e-01 3.327072017e+33 1.783040466e-02 -2.535836171e-02 -1.273410242e-12 5.292299030e+01
8.5119904996975975e+14 6.967000000e-02 6.968000000e-02 1.247918073e+06 3.316995479e+33 -2.512773279e-01 3.322074188e+33 1.811981272e-02 -2.571521844e-02 -2.061979585e-12 5.391722159e+01
8.5139904996975975e+14 7.099000000e-02 7.100000000e-02 1.246492410e+06 3.312082366e+33 -2.511749474e-01 3.317350807e+33 1.843888954e-02 -2.620266945e-02 -1.173928208e-12 5.192863082e+01
8.5159904996975975e+14 7.223000000e-02 7.224000000e-02 1.246935379e+06 3.307394384e+33 -2.506034380e-01 3.312789197e+33 1.868828415e-02 -2.651196192e-02 -1.151263573e-12 5.192894897e+01
8.5179904996975975e+14 7.340000000e-02 7.341000000e-02 1.246388318e+06 3.302906225e+33 -2.503105897e-01 3.308448033e+33 1.894550846e-02 -2.687552804e-02 -1.787699416e-12 5.093479144e+01
8.5199904996975975e+14 7.450000000e-02 7.451000000e-02 1.244131891e+06 3.298628755e+33 -2.504865700e-01 3.304363656e+33 1.923173853e-02 -2.735848502e-02 -7.644519030e-13 5.192684685e+01
8.5219904996975975e+14 7.554000000e-02 7.555000000e-02 1.247094782e+06 3.294542403e+33 -2.493153064e-01 3.300297923e+33 1.935997330e-02 -2.738419050e-02 -1.647659348e-12 5.292282731e+01
8.5239904996975975e+14 7.653000000e-02 7.654000000e-02 1.244030714e+06 3.290591856e+33 -2.497311962e-01 3.296554493e+33 1.964096584e-02 -2.789796349e-02 -7.196299825e-13 4.993925344e+01
8.5259904996975975e+14 7.746000000e-02 7.747000000e-02 1.244417515e+06 3.286862895e+33 -2.492679468e-01 3.292913804e+33 1.981183841e-02 -2.810099882e-02 -1.484190166e-12 5.093329250e+01
8.5279904996975975e+14 7.835000000e-02 7.836000000e-02 1.246387909e+06 3.283259997e+33 -2.484062109e-01 3.289339987e+33 1.992751005e-02 -2.815276048e-02 -1.361009745e-12 4.894725481e+01
8.5299904996975975e+14 7.919000000e-02 7.920000000e-02 1.244635618e+06 3.279832772e+33 -2.485288847e-01 3.286060710e+33 2.013589737e-02 -2.850813010e-02 -1.194977742e-12 4.894592307e+01
8.5319904996975975e+14 7.999000000e-02 8.000000000e-02 1.243945792e+06 3.276544715e+33 -2.483891032e-01 3.282880252e+33 2.030466013e-02 -2.875952759e-02 -1.112389141e-12 4.993917757e+01
8.5339904996975975e+14 8.075000000e-02 8.076000000e-02 1.244575024e+06 3.273404623e+33 -2.479213839e-01 3.279796438e+33 2.042573050e-02 -2.888223079e-02 -1.977495799e-12 4.894587696e+01
8.5359904996975975e+14 8.147000000e-02 8.148000000e-02 1.243916162e+06 3.270422482e+33 -2.478029964e-01 3.276910885e+33 2.057444408e-02 -2.910571214e-02 -1.293614521e-12 4.795159651e+01
8.5379904996975975e+14 8.216000000e-02 8.217000000e-02 1.243945354e+06 3.267556906e+33 -2.475177616e-01 3.274113538e+33 2.069598274e-02 -2.925849250e-02 -1.312190849e-12 4.993917081e+01
8.5399904996975975e+14 8.281000000e-02 8.282000000e-02 1.243269268e+06 3.264846148e+33 -2.474298069e-01 3.271491523e+33 2.082876420e-02 -2.946223664e-02 -1.307749315e-12 4.894488163e+01
8.5419904996975975e+14 8.344000000e-02 8.345000000e-02 1.244092560e+06 3.262209339e+33 -2.469616953e-01 3.268885735e+33 2.091253142e-02 -2.952430334e-02 -1.718678052e-12 4.894551367e+01
8.5439904996975975e+14 8.403000000e-02 8.404000000e-02 1.244612313e+06 3.259750180e+33 -2.465901538e-01 3.266463612e+33 2.099604308e-02 -2.960242967e-02 -9.792296395e-13 4.795214567e+01
8.5459904996975975e+14 8.460000000e-02 8.461000000e-02 1.241880895e+06 3.257359774e+33 -2.470660815e-01 3.264230480e+33 2.117203914e-02 -2.997020157e-02 -2.314520601e-12 4.795002143e+01
8.5479904996975975e+14 8.514000000e-02 8.515000000e-02 1.242279654e+06 3.255107667e+33 -2.467414438e-01 3.262011868e+33 2.124706573e-02 -3.004073056e-02 -7.493607756e-13 4.695654667e+01
8.5499904996975975e+14 8.566000000e-02 8.567000000e-02 1.245681307e+06 3.252934484e+33 -2.456573211e-01 3.259756938e+33 2.122795102e-02 -2.983435778e-02 -9.825278618e-13 4.994045961e+01
8.5519904996975975e+14 8.615000000e-02 8.616000000e-02 1.243658618e+06 3.250906882e+33 -2.459798246e-01 3.257849046e+33 2.136461509e-02 -3.011226004e-02 -1.437015322e-12 4.795141602e+01
8.5539904996975975e+14 8.661000000e-02 8.662000000e-02 1.243760397e+06 3.249018996e+33 -2.457711952e-01 3.255996910e+33 2.143108139e-02 -3.018968541e-02 -1.504835836e-12 4.894521989e+01
8.5559904996975975e+14 8.706000000e-02 8.707000000e-02 1.244929844e+06 3.247153054e+33 -2.452913261e-01 3.254123876e+33 2.146292982e-02 -3.016491485e-02 -9.211584489e-13 4.596482577e+01
8.5579904996975975e+14 8.748000000e-02 8.749000000e-02 1.242867281e+06 3.245443354e+33 -2.456542445e-01 3.252528590e+33 2.158625783e-02 -3.042928034e-02 -1.238857603e-12 4.695703078e+01
8.5599904996975975e+14 8.788000000e-02 8.789000000e-02 1.243733666e+06 3.243833164e+33 -2.452766531e-01 3.250916777e+33 2.161657999e-02 -3.041901877e-02 -8.310875150e-13 4.795142511e+01
8.5619904996975975e+14 8.826000000e-02 8.827000000e-02 1.241365149e+06 3.242319508e+33 -2.457369724e-01 3.249526166e+33 2.174144067e-02 -3.070262921e-02 -7.403556871e-13 4.695585017e+01
8.5639904996975975e+14 8.862000000e-02 8.863000000e-02 1.244356086e+06 3.240894682e+33 -2.448333681e-01 3.248010645e+33 2.169833415e-02 -3.048401605e-02 -1.090300369e-12 4.596437244e+01
8.5659904996975975e+14 8.896000000e-02 8.897000000e-02 1.242783899e+06 3.239571285e+33 -2.451073004e-01 3.246774328e+33 2.179084635e-02 -3.068322675e-02 -1.698936223e-12 4.496937144e+01
2.1205096800794915e+15 4.370000000e-03 4.380000000e-03 1.133552039e+06 4.894706280e+33 -5.126428191e-01 4.894710749e+33 -3.480939257e-04 1.028385757e-03 -1.684069740e-12 3.891817715e+01
2.1185096800794915e+15 7.580000000e-03 7.590000000e-03 1.133591728e+06 4.894575062e+33 -5.125879851e-01 4.894588405e+33 -6.013994426e-04 1.776427311e-03 -1.561102571e-12 3.792387709e+01
2.1165096800794915e+15 9.800000000e-03 9.810000000e-03 1.133921372e+06 4.894448210e+33 -5.123055366e-01 4.894470290e+33 -7.739450596e-04 2.283647372e-03 -1.797015902e-12 3.991280895e+01
2.1145096800794915e+15 1.160000000e-02 1.161000000e-02 1.133934168e+06 4.894315520e+33 -5.122718321e-01 4.894346229e+33 -9.127528792e-04 2.692825256e-03 -1.051182719e-12 3.792416109e+01
2.1125096800794915e+15 1.317000000e-02 1.318000000e-02 1.135097760e+06 4.894174397e+33 -5.113325068e-01 4.894213281e+33 -1.028797255e-03 3.023869036e-03 -9.047572993e-13 3.593646527e+01
2.1105096800794915e+15 1.457000000e-02 1.458000000e-02 1.134471748e+06 4.894034974e+33 -5.117986999e-01 4.894082455e+33 -1.135873065e-03 3.344879997e-03 -7.303607112e-13 3.891893270e+01
2.1085096800794915e+15 1.586000000e-02 1.587000000e-02 1.134838752e+06 4.893895574e+33 -5.114853502e-01 4.893951195e+33 -1.230039202e-03 3.617870944e-03 -1.353751908e-12 3.295326455e+01
2.1065096800794915e+15 1.706000000e-02 1.707000000e-02 1.135587471e+06 4.893753865e+33 -5.108731594e-01 4.893817258e+33 -1.314579280e-03 3.857167082e-03 -1.685082601e-12 3.295389599e+01
2.1045096800794915e+15 1.819000000e-02 1.820000000e-02 1.135650774e+06 4.893593007e+33 -5.107948302e-01 4.893664394e+33 -1.395126215e-03 4.092556193e-03 -1.844015439e-12 3.494259574e+01
2.1025096800794915e+15 1.926000000e-02 1.927000000e-02 1.135726384e+06 4.893458700e+33 -5.107115927e-01 4.893537937e+33 -1.470020167e-03 4.310967318e-03 -1.674710231e-12 3.295401096e+01
2.1005096800794915e+15 2.028000000e-02 2.029000000e-02 1.136403008e+06 4.893294197e+33 -5.101536860e-01 4.893380683e+33 -1.537339052e-03 4.498139940e-03 -1.053976153e-12 3.394889900e+01
2.0985096800794915e+15 2.127000000e-02 2.128000000e-02 1.136393709e+06 4.893135664e+33 -5.101322896e-01 4.893229812e+33 -1.603981122e-03 4.693213864e-03 -1.702847914e-12 3.295457038e+01
2.0965096800794915e+15 2.223000000e-02 2.224000000e-02 1.136589986e+06 4.892971905e+33 -5.099498786e-01 4.893073427e+33 -1.666058052e-03 4.871840025e-03 -1.507746067e-12 4.090927984e+01
2.0945096800794915e+15 2.316000000e-02 2.317000000e-02 1.136476364e+06 4.892804737e+33 -5.100086946e-01 4.892913745e+33 -1.726180517e-03 5.048974260e-03 -7.655530696e-13 3.295463460e+01
2.0925096800794915e+15 2.408000000e-02 2.409000000e-02 1.137310145e+06 4.892628401e+33 -5.093274809e-01 4.892743888e+33 -1.778864733e-03 5.189085552e-03 -2.022151012e-12 3.593827944e+01
2.0905096800794915e+15 2.499000000e-02 2.500000000e-02 1.137932459e+06 4.892456266e+33 -5.088131735e-01 4.892578246e+33 -1.829852521e-03 5.326941639e-03 -1.429122206e-12 3.395016754e+01
2.0885096800794915e+15 2.590000000e-02 2.591000000e-02 1.137333363e+06 4.892272736e+33 -5.092460256e-01 4.892402403e+33 -1.885108928e-03 5.497570532e-03 -1.298028419e-12 3.295535638e+01
2.0865096800794915e+15 2.684000000e-02 2.685000000e-02 1.138419011e+06 4.892077849e+33 -5.083682338e-01 4.892213294e+33 -1.929649160e-03 5.607943441e-03 -1.892961154e-12 3.593919743e+01
2.0845096800794915e+15 2.784000000e-02 2.785000000e-02 1.138246817e+06 4.891865678e+33 -5.084638069e-01 4.892008393e+33 -1.980377757e-03 5.757741087e-03 -1.215727311e-12 3.295612652e+01
