1.0783156396842100e+15 1.630000000e-05 1.640000000e-05 4.218939443e+33 2.835407092e+45 2.013156396e+00 -1.498141122e+02 3.154751188e+01 3.165149666e+01 1.071855168e+02 6.036614866e+02
1.0583156396842100e+15 1.423000000e-03 1.423100000e-03 4.115891146e+33 2.714856884e+45 2.012668843e+00 3.518194468e+06 9.839959196e+01 1.669428826e+02 1.576274719e+03 2.644973534e+04
1.0383156396842100e+15 2.160000000e-03 2.160100000e-03 4.010052950e+33 2.593916261e+45 2.012836664e+00 -1.312106039e+06 1.773685732e+02 2.067487384e+02 -1.930618587e+02 -9.184706863e+03
1.0183156396842100e+15 2.840500000e-03 2.840600000e-03 3.900750572e+33 2.471960593e+45 2.010831945e+00 1.311113941e+07 2.588352791e+02 5.952348518e+02 6.560514665e+03 9.219399221e+04
9.9831563968421000e+14 3.555800000e-03 3.555900000e-03 3.782128338e+33 2.343060106e+45 2.019360257e+00 -5.500573346e+07 3.695045671e+02 -2.803060548e+02 -2.074369638e+04 -3.755264689e+05
9.7831563968421000e+14 4.287600000e-03 4.287700000e-03 3.661299754e+33 2.215402615e+45 2.015926565e+00 -1.479043837e+07 4.830329378e+02 3.824738572e+02 -5.600934521e+03 -9.489031773e+04
9.5831563968421000e+14 5.047800000e-03 5.047900000e-03 3.538575079e+33 2.089466836e+45 2.000474033e+00 8.880954128e+07 6.847748042e+02 2.401529806e+03 3.771659478e+04 5.644835265e+05
9.3831563968421000e+14 5.842400000e-03 5.842500000e-03 3.414397024e+33 1.965844808e+45 2.010979107e+00 3.631035283e+05 8.559004465e+02 1.096962494e+03 8.784144113e+02 -4.910696840e+03
9.1831563968421000e+14 6.692200000e-03 6.692300000e-03 3.286694861e+33 1.842779377e+45 2.008399845e+00 -1.227177510e+08 1.120921811e+03 1.263721657e+03 -2.330227536e+04 -7.597048721e+05
9.1831563968421000e+14 6.692200000e-03 6.692300000e-03 3.286694861e+33 1.842779377e+45 2.008399845e+00 -1.227177510e+08 1.120921811e+03 1.263721657e+03 -2.330227536e+04 -7.597048721e+05
9.1609341746198775e+14 6.791900000e-03 6.792000000e-03 3.272090801e+33 1.828980005e+45 2.004810303e+00 4.617900173e+07 1.132253120e+03 2.337266456e+03 2.073742236e+04 2.584946565e+05
9.1387119523976550e+14 6.892100000e-03 6.892200000e-03 3.257496251e+33 1.815234087e+45 2.014250895e+00 -8.944527818e+07 1.154007084e+03 6.468426971e+02 -2.596858296e+04 -5.364269586e+05
9.1164897301754338e+14 6.992700000e-03 6.992800000e-03 3.242930819e+33 1.801572315e+45 2.031097481e+00 -1.634797210e+08 1.109189871e+03 -1.529085007e+03 -6.552428055e+04 -9.376420352e+05
9.0942675079532112e+14 7.093600000e-03 7.093700000e-03 3.228419716e+33 1.788032664e+45 2.013599308e+00 -5.009764247e+07 1.272178767e+03 8.529623662e+02 -1.815184579e+04 -3.219334349e+05
9.0720452857309888e+14 7.195000000e-03 7.195100000e-03 3.213916180e+33 1.774544960e+45 1.993322572e+00 1.911197057e+08 1.278986592e+03 4.863955747e+03 7.599680830e+04 1.084749170e+06
9.0498230635087662e+14 7.296700000e-03 7.296800000e-03 3.199468792e+33 1.761171171e+45 1.990683321e+00 4.172354160e+08 1.391871187e+03 6.294987212e+03 1.326636324e+05 2.421067721e+06
9.0276008412865450e+14 7.398700000e-03 7.398800000e-03 3.185076470e+33 1.747912303e+45 1.991103591e+00 4.800015130e+08 1.433656732e+03 6.341847301e+03 1.423719966e+05 2.766459311e+06
9.0053786190643225e+14 7.500900000e-03 7.501000000e-03 3.170762059e+33 1.734795490e+45 1.989574264e+00 2.609339205e+08 1.422913286e+03 5.736234664e+03 9.677870550e+04 1.460315302e+06
8.9831563968421000e+14 7.603400000e-03 7.603500000e-03 3.156495878e+33 1.721768646e+45 2.026894569e+00 -1.031743960e+08 1.320330947e+03 -3.675908001e+02 -4.243851065e+04 -5.665652270e+05
8.9831563968421000e+14 7.603400000e-03 7.603500000e-03 3.156495878e+33 1.721768646e+45 2.026894569e+00 -1.031743960e+08 1.320330947e+03 -3.675908001e+02 -4.243851065e+04 -5.665652270e+05
