2.8000000000000012e+14 0.5368091660022284 -1.5309147536754608
2.8095278356298347e+14 0.5348911784945082 -1.5340842306613922
2.8190880925638788e+14 0.5329936458169926 -1.5372417867183685
2.8286808811252962e+14 0.5311133207312133 -1.5403933823108673
2.8383063120126581e+14 0.5292521386566741 -1.5435330569744110
2.8479644963012206e+14 0.5274085952160310 -1.5466667711734772
2.8576555454442062e+14 0.5255858652811630 -1.5497855842113495
2.8673795712741019e+14 0.5237748612446546 -1.5529088675975800
2.8771366860039025e+14 0.5219722362889627 -1.5560366213321686
2.8869270022284769e+14 0.5201911457760953 -1.5591509640216827
2.8967506329258200e+14 0.5184253563142250 -1.5622608363628387
2.9066076914583675e+14 0.5166805594318028 -1.5653558075428009
2.9164982915743050e+14 0.5149525326309979 -1.5684418380260468
2.9264225474088800e+14 0.5132431932432626 -1.5715174376964569
2.9363805734857188e+14 0.5115518741114760 -1.5745826065540314
2.9463724847181506e+14 0.5098796224059254 -1.5776343643665314
2.9563983964105281e+14 0.5082125115884734 -1.5806995332241058
2.9664584242595650e+14 0.5065565182739702 -1.5837661921977997
2.9765526843556650e+14 0.5049207285783353 -1.5868164598941803
2.9866812931842769e+14 0.5033059011526283 -1.5898518264293671
2.9968443676271906e+14 0.5017045337068650 -1.5928827226161957
3.0070420249639562e+14 0.5001219336417368 -1.5959002077579498
3.0172743828731912e+14 0.4985572594921385 -1.5989042818546295
3.0275415594339494e+14 0.4970105599344643 -1.6018979251384735
3.0378436731270838e+14 0.4954749895796903 -1.6048900783061981
3.0481808428366138e+14 0.4939513471782876 -1.6078807413578033
3.0585531878510975e+14 0.4924452196977705 -1.6108609735965729
3.0689608278650075e+14 0.4909557414922390 -1.6138277947902679
3.0794038829801131e+14 0.4894828249830785 -1.6167856752872467
3.0898824737068650e+14 0.4880284460912741 -1.6197271645069122
3.1003967209657869e+14 0.4865899503986186 -1.6226582229137421
3.1109467460888712e+14 0.4851674073242018 -1.6255773603916168
3.1215326708209912e+14 0.4837593879588346 -1.6284890472888947
3.1321546173212544e+14 0.4823624828638570 -1.6314007341861725
3.1428127081644906e+14 0.4809809491859175 -1.6343005001544952
3.1535070663426125e+14 0.4796154291061560 -1.6371883451938629
3.1642378152660525e+14 0.4782674864441541 -1.6400612890720367
3.1750050787651800e+14 0.4769341025346382 -1.6429238021373749
3.1858089810917375e+14 0.4756181784705682 -1.6457714140415192
3.1966496469202694e+14 0.4743170384177054 -1.6486085951328278
3.2075272013495625e+14 0.4730300472878521 -1.6514353454113007
3.2184417699040906e+14 0.4717495539984333 -1.6542695462703705
3.2293934785354606e+14 0.4704854666123996 -1.6570888459682465
3.2403824536238681e+14 0.4692373525246858 -1.6598947346210480
3.2514088219795688e+14 0.4680037309448870 -1.6626887023448944
3.2624727108442875e+14 0.4667866128287015 -1.6654677689075470
3.2735742478927662e+14 0.4655825816332096 -1.6682364046573639
3.2847135612341869e+14 0.4643971208937503 -1.6709856688976288
3.2958907794136600e+14 0.4632214018911303 -1.6737319529056549
3.3071060314137088e+14 0.4620553159943253 -1.6764782369136810
3.3183594466557588e+14 0.4609045836199784 -1.6792081296443939
3.3296511550016306e+14 0.4597713833552311 -1.6819201409816742
3.3409812867550381e+14 0.4586497848543353 -1.6846247017383575
3.3523499726630919e+14 0.4575430219097298 -1.6873143613338470
3.3637573439178100e+14 0.4564504653553170 -1.6899906098842621
3.3752035321576288e+14 0.4553731621531569 -1.6926504671573639
3.3866886694689256e+14 0.4543028539908748 -1.6953147947788239
3.3982128883875538e+14 0.4532462924309095 -1.6979657113552094
3.4097763219003175e+14 0.4522026987414978 -1.7006061971187592
3.4213791034465900e+14 0.4511722364164396 -1.7032332718372345
3.4330213669197994e+14 0.4501581439572510 -1.7058424651622772
3.4447032466689844e+14 0.4491548657329777 -1.7084427177906036
3.4564248775003469e+14 0.4481664914284800 -1.7110265791416168
3.4681863946788075e+14 0.4471880443564608 -1.7136059701442719
3.4799879339295662e+14 0.4462213570158466 -1.7161749303340912
3.4918296314396681e+14 0.4452680576727490 -1.7187304794788361
3.5037116238595744e+14 0.4443251523457836 -1.7212770879268646
3.5156340483047425e+14 0.4433981034204156 -1.7238043248653412
3.5275970423572044e+14 0.4424838198690046 -1.7263181507587433
3.5396007440671712e+14 0.4415803558393626 -1.7288230359554291
3.5516452919545669e+14 0.4406909907150334 -1.7313115298748016
3.5637308250107150e+14 0.4398095682471077 -1.7337970435619354
3.5758574826998838e+14 0.4389432916438161 -1.7362631857395172
3.5880254049609100e+14 0.4380853707289559 -1.7387248575687408
3.6002347322088150e+14 0.4372424794245832 -1.7411671578884125
3.6124856053364231e+14 0.4364107428733065 -1.7435975372791290
3.6247781657159894e+14 0.4355901991196664 -1.7460159957408905
3.6371125552008288e+14 0.4347816371565124 -1.7484210431575775
3.6494889161269562e+14 0.4339825328961824 -1.7508216202259064
3.6619073913147262e+14 0.4331921783248554 -1.7532162368297577
3.6743681240704831e+14 0.4324159492890177 -1.7555899918079376
3.6868712581882125e+14 0.4316484038876005 -1.7579577863216400
3.6994169379512188e+14 0.4308934670218710 -1.7603106796741486
3.7120053081337262e+14 0.4301511756606301 -1.7626456916332245
3.7246365140026431e+14 0.4294178036290268 -1.7649747431278229
3.7373107013191762e+14 0.4286938517844753 -1.7672963440418243
3.7500280163405281e+14 0.4279797325738492 -1.7696075141429901
3.7627886058215862e+14 0.4272769640095277 -1.7719052731990814
3.7755926170166144e+14 0.4265842755364254 -1.7741926014423370
3.7884401976809525e+14 0.4259038840270912 -1.7764620482921600
3.8013314960727231e+14 0.4252330691899072 -1.7787210643291473
3.8142666609545406e+14 0.4245731661079314 -1.7809681594371796
3.8272458415952294e+14 0.4239225639569831 -1.7832033336162567
3.8402691877715444e+14 0.4232841255016131 -1.7854236066341400
3.8533368497699175e+14 0.4226541498387107 -1.7876349389553070
3.8664489783881275e+14 0.4220347390616807 -1.7898313701152802
3.8796057249371344e+14 0.4214266722756871 -1.7920143902301788
3.8928072412427638e+14 0.4208285201072020 -1.7941839993000031
3.9060536796474731e+14 0.4202369106490917 -1.7963506281375885
3.9193451930121112e+14 0.4196541440071405 -1.7985098063945770
3.9326819347176819e+14 0.4190826142923212 -1.8006540834903717
3.9460640586671119e+14 0.4185203632318780 -1.8027849495410919
3.9594917192870312e+14 0.4179682110118582 -1.8049038946628571
3.9729650715295500e+14 0.4174243455009063 -1.8070138990879059
3.9864842708740512e+14 0.4168909717284869 -1.8091090023517609
4.0000494733289812e+14 0.4163648445604564 -1.8111981451511383
4.0136608354336525e+14 0.4158483876569113 -1.8132753670215607
4.0273185142600662e+14 0.4153415126234780 -1.8153391778469086
4.0410226674146569e+14 0.4148427298095192 -1.8173940479755402
4.0547734530402131e+14 0.4143537672657021 -1.8194355070590973
4.0685710298176344e+14 0.4138744478486794 -1.8214635550975800
4.0824155569677788e+14 0.4134022193758615 -1.8234871327877045
4.0963071942533019e+14 0.4129379645962166 -1.8255017697811127
4.1102461019804975e+14 0.4124823409044546 -1.8275059759616852
4.1242324410011525e+14 0.4120358311041243 -1.8294982612133026
4.1382663727143975e+14 0.4115971840387757 -1.8314801156520844
4.1523480590685725e+14 0.4111686893811941 -1.8334470689296722
4.1664776625630950e+14 0.4107470868789650 -1.8354080617427826
4.1806553462503356e+14 0.4103327045081426 -1.8373601138591766
4.1948812737375156e+14 0.4099264832130153 -1.8393032252788544
4.2091556091885294e+14 0.4095304276506878 -1.8412299454212189
4.2234785173259362e+14 0.4091416664046275 -1.8431492149829865
4.2378501634327981e+14 0.4087611688427638 -1.8450565636157990
4.2522707133546019e+14 0.4083897231578971 -1.8469490110874176
4.2667403335011719e+14 0.4080284261677598 -1.8488205969333649
4.2812591908485938e+14 0.4076741155704990 -1.8506817519664764
4.2958274529411356e+14 0.4073274165286059 -1.8525354564189911
4.3104452878931894e+14 0.4069892781917965 -1.8543757498264313
4.3251128643912019e+14 0.4066574556231918 -1.8562085926532745
4.3398303516956294e+14 0.4063332850283981 -1.8580324947834015
4.3545979196428862e+14 0.4060171701334676 -1.8598444759845734
4.3694157386473044e+14 0.4057079624721546 -1.8616460263729095
4.3842839797031219e+14 0.4054057143258898 -1.8634416162967682
4.3992028143863800e+14 0.4051118806780460 -1.8652237951755524
4.4141724148570138e+14 0.4048250826636844 -1.8669955432415009
4.4291929538607644e+14 0.4045399691067167 -1.8687851727008820
4.4442646047311938e+14 0.4042601501179050 -1.8705852329730988
4.4593875413916812e+14 0.4039873501121903 -1.8723763525485992
4.4745619383574338e+14 0.4037219705013916 -1.8741585314273834
4.4897879707374975e+14 0.4034624618055314 -1.8759347498416901
4.5050658142367794e+14 0.4032101460084694 -1.8777005374431610
4.5203956451580756e+14 0.4029659110140155 -1.8794573843479156
4.5357776404041044e+14 0.4027283931502028 -1.8812052905559540
4.5512119774795488e+14 0.4024979529684851 -1.8829427659511566
4.5666988344931225e+14 0.4022740917206278 -1.8846742808818817
4.5822383901595519e+14 0.4020570311193859 -1.8863968551158905
4.5978308238017494e+14 0.4018464943385572 -1.8881119787693024
4.6134763153528081e+14 0.4016415097558514 -1.8898285925388336
4.6291750453580975e+14 0.4014434329252655 -1.8915377557277679
4.6449271949773469e+14 0.4012522276153266 -1.8932364881038666
4.6607329459867350e+14 0.4010672496904777 -1.8949292600154877
4.6765924807809888e+14 0.4008896343305094 -1.8966116011142731
4.6925059823754875e+14 0.4007166166411939 -1.8982924520969391
4.7084736344083744e+14 0.4005516805569695 -1.8999598920345306
4.7244956211426769e+14 0.4003928833720933 -1.9016213715076447
4.7405721274684325e+14 0.4002403472181433 -1.9032754004001617
4.7567033389048212e+14 0.4000939248753585 -1.9049234688282013
4.7728894416023281e+14 0.3999540819835102 -1.9065625965595245
4.7891306223448119e+14 0.3998198936260552 -1.9081987440586090
4.8054270685517775e+14 0.3996917607208401 -1.9098289310932159
4.8217789682804606e+14 0.3995699438466644 -1.9114516675472260
4.8381865102280188e+14 0.3994544538046665 -1.9130669534206390
4.8546498837337081e+14 0.3993449792038984 -1.9146762788295746
4.8711692787810669e+14 0.3992410194745495 -1.9162796437740326
4.8877448860001100e+14 0.3991427075166546 -1.9178785383701324
4.9043768966695269e+14 0.3990506287486316 -1.9194684922695160
4.9210655027188912e+14 0.3989647075003278 -1.9210524857044220
4.9378108967308731e+14 0.3988843141113791 -1.9226320087909698
4.9546132719434625e+14 0.3988094435050021 -1.9242145121097565
4.9714728222522219e+14 0.3987381664914919 -1.9258163869380951
4.9883897422124369e+14 0.3986734408651870 -1.9274108111858368
5.0053642270414894e+14 0.3986159700579868 -1.9289948046207428
5.0223964726210250e+14 0.3985627512543967 -1.9305787980556488
5.0394866754992350e+14 0.3985156440749885 -1.9321568310260773
5.0566350328931250e+14 0.3984738726774962 -1.9337303936481476
5.0738417426907906e+14 0.3984386143438441 -1.9352950155735016
5.0911070034536994e+14 0.3984088760820182 -1.9368566572666168
5.1084310144189856e+14 0.3983845738756491 -1.9384138286113739
5.1258139755017450e+14 0.3983665188584596 -1.9399650394916534
5.1432560872973462e+14 0.3983525927211009 -1.9415296614170074
5.1607575510837425e+14 0.3983448799885434 -1.9430883228778839
5.1783185688238162e+14 0.3983432748095791 -1.9446410238742828
5.1959393431676256e+14 0.3983465757143455 -1.9461922347545624
5.2136200774548706e+14 0.3983556816263732 -1.9477374851703644
5.2313609757171525e+14 0.3983699839010924 -1.9492797553539276
5.2491622426803519e+14 0.3983906054714525 -1.9508160650730133
5.2670240837669894e+14 0.3984158632406097 -1.9523493945598602
5.2849467050985988e+14 0.3984461922034422 -1.9538812339305878
5.3029303134981019e+14 0.3984828848610326 -1.9554056227207184
5.3209751164921988e+14 0.3985242335433005 -1.9569404423236847
5.3390813223137600e+14 0.3985715816954467 -1.9584707915782928
5.3572491399042306e+14 0.3986235712004426 -1.9599981606006622
5.3754787789160431e+14 0.3986807365130832 -1.9615240395069122
5.3937704497150319e+14 0.3987442942704813 -1.9630439579486847
5.4121243633828888e+14 0.3988120156005251 -1.9645638763904572
5.4305407317195062e+14 0.3988857822372424 -1.9660778343677521
5.4490197672455556e+14 0.3989638512151498 -1.9675917923450470
5.4675616832048519e+14 0.3990475574551575 -1.9691012799739838
5.4861666935668344e+14 0.3991366692348611 -1.9706107676029205
5.5048350130290381e+14 0.3992309274259037 -1.9721277058124542
5.5235668570195712e+14 0.3993303302984943 -1.9736431539058685
5.5423624416995994e+14 0.3994351642453444 -1.9751556217670441
5.5612219839658406e+14 0.3995452850781298 -1.9766651093959808
5.5801457014530700e+14 0.3996598692575420 -1.9781745970249176
5.5991338125366294e+14 0.3997795997797817 -1.9796811044216156
5.6181865363349475e+14 0.3999036148628817 -1.9811891019344330
5.6373040927120700e+14 0.4000330323885067 -1.9826941192150116
5.6564867022802175e+14 0.4001680780955128 -1.9841961562633514
5.6757345864022400e+14 0.4003076340841022 -1.9856937229633331
5.6950479671943112e+14 0.4004512850548363 -1.9871927797794342
5.7144270675283988e+14 0.4006000826852143 -1.9886888563632965
5.7338721110348562e+14 0.4007527791602264 -1.9901879131793976
5.7533833221050088e+14 0.4009116340564395 -1.9916810095310211
5.7729609258937375e+14 0.4010738522047968 -1.9931770861148834
5.7926051483220825e+14 0.4012418861365232 -1.9946701824665070
5.8123162160798462e+14 0.4014137994129628 -1.9961647689342499
5.8320943566282125e+14 0.4015901768654509 -1.9976593554019928
5.8519397982023675e+14 0.4017739324070704 -1.9991643726825714
5.8718527698141362e+14 0.4019617533622620 -2.0006842911243439
5.8918335012546500e+14 0.4021556814681735 -2.0022012293338776
5.9118822230969000e+14 0.4023537086982136 -2.0037196576595306
5.9319991666985425e+14 0.4025570989955489 -2.0052365958690643
5.9521845642044762e+14 0.4027647578256670 -2.0067550241947174
5.9724386485495375e+14 0.4029761837413280 -2.0082764327526093
5.9927616534611950e+14 0.4031928337669533 -2.0097978413105011
6.0131538134622475e+14 0.4034146317090664 -2.0113177597522736
6.0336153638735250e+14 0.4036400196539985 -2.0128376781940460
6.0541465408166050e+14 0.4038683177075892 -2.0143605768680573
6.0747475812165425e+14 0.4041026384060626 -2.0158790051937103
6.0954187228045988e+14 0.4043404863603012 -2.0174019038677216
6.1161602041209888e+14 0.4045827246348122 -2.0189262926578522
6.1369722645176538e+14 0.4048289927955463 -2.0204536616802216
6.1578551441609288e+14 0.4050811812841448 -2.0219780504703522
6.1788090840344612e+14 0.4053358812854474 -2.0235083997249603
6.1998343259418900e+14 0.4055954169501643 -2.0250417292118073
6.2209311125096662e+14 0.4058596615536595 -2.0265780389308929
6.2420996871898475e+14 0.4061281468853041 -2.0281188189983368
6.2633402942629125e+14 0.4064007785021456 -2.0296610891819000
6.2846531788405725e+14 0.4066780748638170 -2.0312048494815826
6.3060385868686088e+14 0.4069581387105706 -2.0327560603618622
6.3274967651297062e+14 0.4072439016876824 -2.0343042910099030
6.3490279612462988e+14 0.4075328108255319 -2.0358599722385406
6.3706324236834300e+14 0.4078265637341902 -2.0374156534671783
6.3923104017516250e+14 0.4081239647487873 -2.0389817655086517
6.4140621456097800e+14 0.4084282546506878 -2.0405568182468414
6.4358879062679612e+14 0.4087359869389849 -2.0421363413333893
6.4577879355904450e+14 0.4090466831776903 -2.0437233150005341
6.4797624862985262e+14 0.4093623183669528 -2.0453132688999176
6.5018118119734588e+14 0.4096822851682879 -2.0469047129154205
6.5239361670593850e+14 0.4100067988677544 -2.0484991371631622
6.5461358068662662e+14 0.4103343095824513 -2.0501010119915009
6.5684109875728338e+14 0.4106658268483249 -2.0517073571681976
6.5907619662295425e+14 0.4110030802467425 -2.0533256232738495
6.6131890007615400e+14 0.4113440727587023 -2.0549513399600983
6.6356923499716388e+14 0.4116894461995013 -2.0565800368785858
6.6582722735433075e+14 0.4120382269037005 -2.0582146942615509
6.6809290320436638e+14 0.4123914286859523 -2.0598538219928741
6.7036628869265112e+14 0.4127482824179417 -2.0614989101886749
6.7264741005352425e+14 0.4131088898938781 -2.0631499588489532
6.7493629361060400e+14 0.4134731074537871 -2.0648069679737091
6.7723296577707925e+14 0.4138396288078143 -2.0664639770984650
6.7953745305601800e+14 0.4142103172131032 -2.0681239664554596
6.8184978204067275e+14 0.4145839599728253 -2.0697928965091705
6.8416997941478750e+14 0.4149616453000100 -2.0714648067951202
6.8649807195290562e+14 0.4153426093275789 -2.0731441676616669
6.8883408652067875e+14 0.4157272564279005 -2.0748309791088104
6.9117805007517712e+14 0.4161156345506954 -2.0765222609043121
6.9352998966520038e+14 0.4165073896144045 -2.0782209932804108
6.9588993243158962e+14 0.4169019239993965 -2.0799241960048676
6.9825790560754400e+14 0.4172996892663945 -2.0816348493099213
7.0063393651892262e+14 0.4177017345982713 -2.0833499729633331
7.0301805258457812e+14 0.4181070262870085 -2.0850725471973419
7.0541028131666088e+14 0.4185146459872608 -2.0868055522441864
7.0781065032093925e+14 0.4189265172281755 -2.0885430276393890
7.1021918729711900e+14 0.4193416115432362 -2.0902879536151886
7.1263592003916225e+14 0.4197596876053342 -2.0920418202877045
7.1506087643560800e+14 0.4201806856538766 -2.0937986671924591
7.1749408446989475e+14 0.4206045692330681 -2.0955644547939301
7.1993557222068300e+14 0.4210317422923832 -2.0973376929759979
7.2238536786217900e+14 0.4214623084545312 -2.0991183817386627
7.2484349966446025e+14 0.4218959186085030 -2.1009080111980438
7.2730999599380475e+14 0.4223319483812264 -2.1027065813541412
7.2978488531300600e+14 0.4227724170041539 -2.1045111119747162
7.3226819618172000e+14 0.4232141142970491 -2.1063230931758881
7.3475995725678212e+14 0.4236574353273741 -2.1081350743770599
7.3726019729254150e+14 0.4241029154790790 -2.1099574863910675
7.3976894514119212e+14 0.4245526006646315 -2.1117858588695526
7.4228622975310662e+14 0.4250032349776545 -2.1136276423931122
7.4481208017716950e+14 0.4254587940801265 -2.1154724061489105
7.4734652556111325e+14 0.4259166344555816 -2.1173305809497833
7.4988959515185375e+14 0.4263765895018673 -2.1191962063312531
7.5244131829582838e+14 0.4268405273875024 -2.1210752427577972
7.5500172443933475e+14 0.4273076403565633 -2.1229617297649384
7.5757084312887000e+14 0.4277770150021622 -2.1248601377010345
7.6014870401147538e+14 0.4282481684970003 -2.1267704665660858
7.6273533683506538e+14 0.4287233949960526 -2.1286867558956146
7.6533077144879050e+14 0.4292030570950556 -2.1306104958057404
7.6793503780336825e+14 0.4296823740472493 -2.1325506269931793
7.7054816595143262e+14 0.4301654437112734 -2.1344952285289764
7.7317018604788075e+14 0.4306499872377686 -2.1364502608776093
7.7580112835022075e+14 0.4311375523350439 -2.1384157240390778
7.7844102321892075e+14 0.4316271480640780 -2.1403931081295013
7.8108990111775975e+14 0.4321195926118775 -2.1423794329166412
7.8374779261417862e+14 0.4326144126049569 -2.1443761885166168
7.8641472837963312e+14 0.4331124555850122 -2.1463833749294281
7.8909073918994788e+14 0.4336107458675151 -2.1484024822711945
7.9177585592567125e+14 0.4341090919345928 -2.1504186093807220
7.9447010957243538e+14 0.4346107044426337 -2.1524421870708466
7.9717353122130038e+14 0.4351136492499370 -2.1544806659221649
7.9988615206913262e+14 0.4356190823563676 -2.1565295755863190
8.0260800341895212e+14 0.4361263382870488 -2.1585904061794281
8.0533911668029662e+14 0.4366357944115031 -2.1606616675853729
8.0807952336958412e+14 0.4371472564871596 -2.1627463400363922
8.1082925511047688e+14 0.4376646434920869 -2.1648548543453217
8.1358834363424575e+14 0.4381840888543991 -2.1669752895832062
8.1635682078013700e+14 0.4387052669626382 -2.1691076457500458
8.1913471849573925e+14 0.4392289720185913 -2.1712534129619598
8.2192206883735262e+14 0.4397548199071933 -2.1734096109867096
8.2471890397035788e+14 0.4402826492964541 -2.1755792200565338
8.2752525616959200e+14 0.4408124271820903 -2.1777562797069550
8.3034115781970612e+14 0.4413352732848358 -2.1799169480800629
8.3316664141556025e+14 0.4418602526334082 -2.1820880472660065
8.3600173956258450e+14 0.4423875938463414 -2.1842695772647858
8.3884648497715850e+14 0.4429162704617284 -2.1864645183086395
8.4170091048698912e+14 0.4434460902200153 -2.1886728703975677
8.4456504903148950e+14 0.4439772046918998 -2.1908946335315704
8.4743893366215888e+14 0.4445119222125708 -2.1931268274784088
8.5032259754296400e+14 0.4450492241895885 -2.1953783929347992
8.5321607395072200e+14 0.4455875807390232 -2.1976448595523834
8.5611939627548425e+14 0.4461272622484847 -2.1999232470989227
8.5903259802092175e+14 0.4466691891791793 -2.2022150456905365
8.6195571280471525e+14 0.4472129891094040 -2.2045202553272247
8.6488877435892925e+14 0.4477581814152439 -2.2068358957767487
8.6783181653042212e+14 0.4483016868334573 -2.2091560065746307
8.7078487328122262e+14 0.4488413787715997 -2.2114686667919159
8.7374797868892575e+14 0.4493823345221556 -2.2137947380542755
8.7672116694708550e+14 0.4499246734760318 -2.2161342203617096
8.7970447236560962e+14 0.4504689544293063 -2.2184841334819794
8.8269792937115562e+14 0.4510139355010156 -2.2208489477634430
8.8570157250752800e+14 0.4515608442425373 -2.2232241928577423
8.8871543643607688e+14 0.4521086151549808 -2.2256217896938324
8.9173955593609775e+14 0.4526579882976560 -2.2280342876911163
8.9477396590523338e+14 0.4532085943249926 -2.2304601967334747
8.9781870135987600e+14 0.4537616501448212 -2.2328965365886688
9.0087379743557512e+14 0.4543145036947577 -2.2353507578372955
9.0393928938742862e+14 0.4548686698790494 -2.2378183901309967
9.0701521259051150e+14 0.4554233047050648 -2.2402994334697723
9.1010160254026888e+14 0.4559760092189519 -2.2427804768085480
9.1319849485293025e+14 0.4565303259533621 -2.2452749311923981
9.1630592526591950e+14 0.4570847475327954 -2.2477857768535614
9.1942392963826800e+14 0.4576412336004614 -2.2503070533275604
9.2255254395102838e+14 0.4581968975777550 -2.2528462111949921
9.2569180430768912e+14 0.4587528528591051 -2.2554032504558563
9.2884174693459175e+14 0.4593065699712000 -2.2579438984394073
9.3200240818134900e+14 0.4598567530958004 -2.2604845464229584
9.3517382452126350e+14 0.4604070376189270 -2.2630400955677032
9.3835603255174975e+14 0.4609576176310049 -2.2656105458736420
9.4154906899475912e+14 0.4615086856764454 -2.2681958973407745
9.4475297069718938e+14 0.4620613254417225 -2.2707901895046234
9.4796777463133212e+14 0.4626138648439619 -2.2734038531780243
9.5119351789528438e+14 0.4631683157578610 -2.2760413587093353
9.5443023771338050e+14 0.4637232680424735 -2.2786922752857208
9.5767797143662188e+14 0.4642790973336995 -2.2813566029071808
9.6093675654310775e+14 0.4648341667100555 -2.2840388119220734
9.6420663063846775e+14 0.4653906151648688 -2.2867314517498016
9.6748763145629588e+14 0.4659466794444204 -2.2894419729709625
9.7077979685858600e+14 0.4664964998456723 -2.2921405732631683
9.7408316483616875e+14 0.4670465551921024 -2.2948436439037323
9.7739777350915375e+14 0.4675957517715679 -2.2975631058216095
9.8072366112735388e+14 0.4681448763700700 -2.3002974689006805
9.8406086607075025e+14 0.4686942824708553 -2.3030452430248260
9.8740942684991938e+14 0.4692440207467961 -2.3058079183101654
9.9076938210648150e+14 0.4697932818946884 -2.3085854947566986
9.9414077061354662e+14 0.4703421604859569 -2.3113764822483063
9.9752363127616150e+14 0.4708905859939716 -2.3141853511333466
1.0009180031317592e+15 0.4714396957418966 -2.3170076310634613
1.0043239253506095e+15 0.4719882720151991 -2.3198433220386505
1.0077414372362700e+15 0.4725357324967059 -2.3226983845233917
1.0111705782260412e+15 0.4730805996451439 -2.3255415260791779
1.0146113878914202e+15 0.4736178613592732 -2.3283772170543671
1.0180639059385582e+15 0.4741567191127607 -2.3312218487262726
1.0215281722087228e+15 0.4746941318042618 -2.3340828716754913
1.0250042266787402e+15 0.4752305238588336 -2.3369602859020233
1.0284921094614829e+15 0.4757665252151493 -2.3398496210575104
1.0319918608063149e+15 0.4763018978300443 -2.3427553474903107
1.0355035210995608e+15 0.4768373229293519 -2.3456744849681854
1.0390271308649716e+15 0.4773716040039719 -2.3486085236072540
1.0425627307641926e+15 0.4779052068802238 -2.3515559732913971
1.0461103615972324e+15 0.4784371695399189 -2.3545227944850922
1.0496700643029339e+15 0.4789690231281231 -2.3575000464916229
1.0532418799594464e+15 0.4794988233765632 -2.3604892194271088
1.0568258497847000e+15 0.4800249186485432 -2.3634769022464752
1.0604220151368812e+15 0.4805510827966415 -2.3664765059947968
1.0640304175149101e+15 0.4810756281483213 -2.3694925010204315
1.0676510985589235e+15 0.4815992692664476 -2.3725233972072601
1.0712841000507380e+15 0.4821217073394644 -2.3755706846714020
1.0749294639143585e+15 0.4826428335010702 -2.3786313831806183
1.0785872322164445e+15 0.4831628230732291 -2.3817069828510284
1.0822574471667999e+15 0.4836826921862712 -2.3847945034503937
1.0859401511188600e+15 0.4841998735520118 -2.3879028856754303
1.0896353865701804e+15 0.4847161662462331 -2.3910231888294220
1.0933431961629270e+15 0.4852321815483974 -2.3941569030284882
1.0970636226843689e+15 0.4857414701670042 -2.3972772061824799
1.1007967090673710e+15 0.4862429560770665 -2.4003751575946808
1.1045424983908909e+15 0.4867434726800513 -2.4034865200519562
1.1083010338804744e+15 0.4872424920125264 -2.4066127836704254
1.1120723589087556e+15 0.4877397303022151 -2.4097524583339691
1.1158565169959615e+15 0.4882354814268260 -2.4129055440425873
1.1196535518103958e+15 0.4887297473025863 -2.4160750210285187
1.1234635071689702e+15 0.4892220791580915 -2.4192564189434052
1.1272864270376925e+15 0.4897127444068730 -2.4224527180194855
1.1311223555321772e+15 0.4902021594579379 -2.4256624281406403
1.1349713369181560e+15 0.4906893181461818 -2.4288870394229889
1.1388334156119875e+15 0.4911749415778066 -2.4321280419826508
1.1427086361811708e+15 0.4916550805867882 -2.4353645741939545
1.1465970433448582e+15 0.4921346109326036 -2.4386040866374969
1.1504986819743735e+15 0.4926104569400767 -2.4418629705905914
1.1544135970937278e+15 0.4930853577649699 -2.4451352655887604
1.1583418338801445e+15 0.4935565697468901 -2.4484239518642426
1.1622834376645622e+15 0.4940272140445045 -2.4517245590686798
1.1662384539321858e+15 0.4944955942571063 -2.4550370872020721
1.1702069283229918e+15 0.4949622401410829 -2.4583645164966583
1.1741889066322610e+15 0.4954255350535590 -2.4617083370685577
1.1781844348111060e+15 0.4958872524608853 -2.4650655686855316
1.1821935589670018e+15 0.4963477387041524 -2.4684347212314606
1.1862163253643180e+15 0.4968001297273774 -2.4717889726161957
1.1902527804248522e+15 0.4972450445689595 -2.4751164019107819
1.1943029707283668e+15 0.4976880870332933 -2.4784542620182037
1.1983669430131242e+15 0.4981282707674994 -2.4818070232868195
1.2024447441764298e+15 0.4985665623759300 -2.4851717054843903
1.2065364212751690e+15 0.4990019101974133 -2.4885497987270355
1.2106420215263588e+15 0.4994341656906102 -2.4919442832469940
1.2147615923076702e+15 0.4998642725236516 -2.4953506886959076
1.2188951811580068e+15 0.5002920065601740 -2.4987690150737762
1.2230428357780315e+15 0.5007171421939730 -2.5022022426128387
1.2272046040307238e+15 0.5011395255172963 -2.5056459009647369
1.2313805339419308e+15 0.5015571449776128 -2.5090895593166351
1.2355706737009220e+15 0.5019669857588950 -2.5125049054622650
1.2397750716609450e+15 0.5023748095386188 -2.5159291923046112
1.2439937763397845e+15 0.5027790519695305 -2.5193698704242706
1.2482268364203205e+15 0.5031802269561486 -2.5228194892406464
1.2524743007510920e+15 0.5035795933268629 -2.5262795388698578
1.2567362183468588e+15 0.5039748340528718 -2.5297574698925018
1.2610126383891685e+15 0.5043676566746125 -2.5332428514957428
1.2653036102269288e+15 0.5047575953654572 -2.5367446243762970
1.2696091833769562e+15 0.5051431891832372 -2.5402583181858063
1.2739294075245788e+15 0.5055263361138864 -2.5437839329242706
1.2782643325241878e+15 0.5059058522099117 -2.5473169982433319
1.2826140083998195e+15 0.5062802914839162 -2.5508470833301544
1.2869784853457320e+15 0.5066522161346148 -2.5543875992298126
1.2913578137269842e+15 0.5070199981897825 -2.5579400360584259
1.2957520440800170e+15 0.5073850477284756 -2.5615043938159943
1.3001612271132365e+15 0.5077466104223297 -2.5650806725025177
1.3045854137076000e+15 0.5081038756071522 -2.5686733424663544
1.3090246549172015e+15 0.5084584265028599 -2.5722749531269073
1.3134790019698622e+15 0.5088108704074059 -2.5758855044841766
1.3179485062677218e+15 0.5091568411267161 -2.5795169174671173
1.3224332193878355e+15 0.5095023089911295 -2.5831513106822968
1.3269331930827492e+15 0.5098394438750182 -2.5867603719234467
1.3314484792811288e+15 0.5101679568376769 -2.5903306901454926
1.3359791300883368e+15 0.5104916083242965 -2.5939159095287323
1.3405251977870400e+15 0.5108140767117547 -2.5975070893764496
1.3450867348378132e+15 0.5111321667882396 -2.6011116802692413
1.3496637938797432e+15 0.5114465003795844 -2.6047252118587494
1.3542564277310372e+15 0.5117566624885559 -2.6083521544933319
1.3588646893896325e+15 0.5120629249423800 -2.6119880378246307
1.3634886320338072e+15 0.5123659444207390 -2.6156358420848846
1.3681283090227945e+15 0.5126652265026727 -2.6192955672740936
1.3727837738974040e+15 0.5129605887119714 -2.6229642331600189
1.3774550803806172e+15 0.5132499272800439 -2.6266165077686310
1.3821422823782405e+15 0.5135332911192262 -2.6302747428417206
1.3868454339795058e+15 0.5138152493067706 -2.6339359581470490
1.3915645894576992e+15 0.5140921445636462 -2.6376120746135712
1.3962998032707885e+15 0.5143643161593655 -2.6412986218929291
1.4010511300620500e+15 0.5146332046471067 -2.6449955999851227
1.4058186246607012e+15 0.5148973076369996 -2.6487015187740326
1.4106023420825320e+15 0.5151568344546871 -2.6524223387241364
1.4154023375305392e+15 0.5154136107294350 -2.6561476290225983
1.4202186663955652e+15 0.5156651693475580 -2.6598878204822540
1.4250513842569360e+15 0.5159118527929999 -2.6636131107807159
1.4299005468831028e+15 0.5161503981003825 -2.6672996580600739
1.4347662102322910e+15 0.5163856488305818 -2.6709951460361481
1.4396484304531240e+15 0.5166156626688293 -2.6747040450572968
1.4445472638853042e+15 0.5168408348588256 -2.6784189045429230
1.4494627670602418e+15 0.5170621535552697 -2.6821441948413849
1.4543949967017108e+15 0.5172792790753351 -2.6858784258365631
1.4593440097265058e+15 0.5174928507891544 -2.6896201074123383
1.4643098632450972e+15 0.5177011349228829 -2.6933737099170685
1.4692926145622912e+15 0.5179045665123246 -2.6971377432346344
1.4742923211778902e+15 0.5181052330466247 -2.7009062469005585
1.4793090407873578e+15 0.5182973528803293 -2.7046330273151398
1.4843428312824820e+15 0.5184823606312472 -2.7083732187747955
1.4893937507520468e+15 0.5186674052232452 -2.7121104300022125
1.4944618574824990e+15 0.5188467993163147 -2.7158625423908234
1.4995472099586298e+15 0.5190194420139117 -2.7196250855922699
1.5046498668642230e+15 0.5191887677500185 -2.7233920991420746
1.5097698870827705e+15 0.5193525374723635 -2.7271695435047150
1.5149073296981265e+15 0.5195127717366745 -2.7309544384479523
1.5200622539951955e+15 0.5196692836374408 -2.7347467839717865
1.5252347194606170e+15 0.5198187081751675 -2.7385495603084564
1.5304247857834512e+15 0.5199629174841486 -2.7423255145549774
1.5356325128558682e+15 0.5201005916788789 -2.7460969984531403
1.5408579607738392e+15 0.5202332845029112 -2.7498789131641388
1.5461011898378298e+15 0.5203649228313956 -2.7536593377590179
1.5513622605534958e+15 0.5204896133091835 -2.7574516832828522
1.5566412336323818e+15 0.5206075073782965 -2.7612589299678802
1.5619381699926210e+15 0.5207227615759816 -2.7650646865367889
1.5672531307596462e+15 0.5208315074876987 -2.7688823640346527
1.5725861772668675e+15 0.5209376977455669 -2.7727045118808746
1.5779373710564200e+15 0.5210364012015407 -2.7765385806560516
1.5833067738798475e+15 0.5211300704316579 -2.7803279459476471
1.5886944476988220e+15 0.5212179512975071 -2.7840979397296906
1.5941004546858590e+15 0.5213001503817237 -2.7878738939762115
1.5995248572250338e+15 0.5213769478888975 -2.7916587889194489
1.6049677179127028e+15 0.5214498743313598 -2.7954481542110443
1.6104290995582245e+15 0.5215174794453996 -2.7992419898509979
1.6159090651846855e+15 0.5215799779282405 -2.8030462563037872
1.6214076780296275e+15 0.5216376998626859 -2.8068549931049347
1.6269250015457828e+15 0.5216898370031154 -2.8106682002544403
1.6324610994017810e+15 0.5217360649152082 -2.8144933283329010
1.6380160354829228e+15 0.5217773679720027 -2.8182707726955414
1.6435898738918915e+15 0.5218132110110938 -2.8220169246196747
1.6491826789494990e+15 0.5218448055193162 -2.8257675468921661
1.6547945151954272e+15 0.5218699576156381 -2.8295315802097321
1.6604254473889742e+15 0.5218898848152549 -2.8332971036434174
1.6660755405098010e+15 0.5219052688049832 -2.8370641171932220
1.6717448597586805e+15 0.5219137823328914 -2.8408445417881012
1.6774334705582520e+15 0.5219191375180133 -2.8446279466152191
1.6831414385537732e+15 0.5219192992448078 -2.8484113514423370
1.6888688296138810e+15 0.5219132028285114 -2.8522051870822906
1.6946157098313490e+15 0.5219012316245354 -2.8560183942317963
1.7003821455238582e+15 0.5218833146151046 -2.8598465025424957
1.7061682032347350e+15 0.5218616968500315 -2.8636761009693146
1.7119739497337595e+15 0.5218319208366645 -2.8675146400928497
1.7177994520179095e+15 0.5217997980254139 -2.8713576495647430
1.7236447773121395e+15 0.5217626375814749 -2.8752021491527557
1.7295099930701578e+15 0.5217166782233946 -2.8790555894374847
1.7353951669752030e+15 0.5216668491258454 -2.8829164803028107
1.7413003669408270e+15 0.5216109009550775 -2.8867788612842560
1.7472256611116772e+15 0.5215493736811623 -2.8906472027301788
1.7531711178642840e+15 0.5214838709302807 -2.8944380581378937
1.7591368058078490e+15 0.5214123081478083 -2.8982348740100861
1.7651227937850372e+15 0.5213367472817977 -2.9020287096500397
1.7711291508727718e+15 0.5212542378478817 -2.9058359563350677
1.7771559463830368e+15 0.5211659776076140 -2.9096417129039764
1.7832032498636508e+15 0.5210730120938839 -2.9134549200534821
1.7892711310991098e+15 0.5209717193415696 -2.9172770678997040
1.7953596601113662e+15 0.5208686445767002 -2.9210962355136871
1.8014689071606430e+15 0.5207582096129850 -2.9249198734760284
1.8075989427462438e+15 0.5206438051004769 -2.9286764562129974
1.8137498376073675e+15 0.5205271038934113 -2.9323406517505646
1.8199216627239248e+15 0.5204057563238746 -2.9360078275203705
1.8261144893173558e+15 0.5202777247103336 -2.9396750032901764
1.8323283888514532e+15 0.5201461761812411 -2.9433466494083405
1.8385634330331868e+15 0.5200079686044888 -2.9470182955265045
1.8448196938135305e+15 0.5198643497597086 -2.9506959021091461
1.8510972433882930e+15 0.5197156897568675 -2.9543764889240265
1.8573961541989580e+15 0.5195618596503867 -2.9580540955066681
1.8637164989334910e+15 0.5194011058971647 -2.9617421329021454
1.8700583505272220e+15 0.5192349364082798 -2.9654420912265778
1.8764217821636580e+15 0.5190627909680893 -2.9691539704799652
1.8828068672753345e+15 0.5188852132108607 -2.9728688299655914
1.8892136795446635e+15 0.5187031280779141 -2.9765836894512177
1.8956422929047830e+15 0.5185122828369415 -2.9803089797496796
1.9020927815404105e+15 0.5183164170301024 -2.9840342700481415
1.9085652198886995e+15 0.5181149051336135 -2.9877595603466034
1.9150596826400982e+15 0.5179084052878821 -2.9914863407611847
1.9215762447392110e+15 0.5176975445081342 -2.9952146112918854
1.9281149813856718e+15 0.5174786550582330 -2.9989503324031830
1.9346759680349795e+15 0.5172519289205351 -3.0027098953723907
1.9412592803994175e+15 0.5170199743026979 -3.0064769089221954
1.9478649944488940e+15 0.5167802987768522 -3.0102439224720001
1.9544931864118280e+15 0.5165374158693490 -3.0140094459056854
1.9611439327760285e+15 0.5162881992250138 -3.0177779495716095
1.9678173102895768e+15 0.5160313261817205 -3.0215509235858917
1.9745133959617122e+15 0.5157703982177508 -3.0253283679485321
1.9812322670637220e+15 0.5155008557212356 -3.0291043221950531
1.9879740011298310e+15 0.5152276090362724 -3.0328817665576935
1.9947386759580980e+15 0.5149554792799271 -3.0365295708179474
2.0015263696113122e+15 0.5146800995659009 -3.0401624739170074
2.0083371604178958e+15 0.5144019180046708 -3.0437879264354706
2.0151711269728140e+15 0.5141138823399923 -3.0474252998828888
2.0220283481384508e+15 0.5138206359806371 -3.0510567128658295
2.0289089030455675e+15 0.5135241263343808 -3.0546911060810089
2.0358128710941832e+15 0.5132200563593062 -3.0583269894123077
2.0427403319544990e+15 0.5129092450701589 -3.0619658529758453
2.0496913655678182e+15 0.5125943752750549 -3.0656002461910248
2.0566660521474678e+15 0.5122752439843120 -3.0692063271999359
2.0636644721797248e+15 0.5119541987733530 -3.0727721750736237
2.0706867064247445e+15 0.5116257861323870 -3.0763484537601471
2.0777328359174930e+15 0.5112935732879099 -3.0799202620983124
2.0848029419686822e+15 0.5109549343339393 -3.0834935605525970
2.0918971061657075e+15 0.5106108065830576 -3.0870638787746429
2.0990154103735900e+15 0.5102597514715189 -3.0906371772289276
2.1061579367359295e+15 0.5099014084365924 -3.0942119657993317
2.1133247676758185e+15 0.5095391355839046 -3.0977867543697357
2.1205159858968438e+15 0.5091730686404337 -3.1013481318950653
2.1277316743840078e+15 0.5088048868105515 -3.1048662960529327
2.1349719164046938e+15 0.5084316714960134 -3.1083784997463226
2.1422367955096275e+15 0.5080528698760339 -3.1118981540203094
2.1495263955338408e+15 0.5076671688927400 -3.1154133379459381
2.1568408005976388e+15 0.5072746686779517 -3.1189315021038055
2.1641800951075718e+15 0.5068767920057297 -3.1224451959133148
2.1715443637574082e+15 0.5064737586174600 -3.1259588897228241
2.1789336915291125e+15 0.5060661987912949 -3.1294755637645721
2.1863481636938250e+15 0.5056491224413611 -3.1329892575740814
2.1937878658128475e+15 0.5052275910914161 -3.1365223228931427
2.2012528837386380e+15 0.5047964193934739 -3.1400613486766815
2.2087433036157660e+15 0.5043603404281131 -3.1436003744602203
2.2162592118819610e+15 0.5039172439055379 -3.1471408903598785
2.2238006952690735e+15 0.5034674926692296 -3.1506739556789398
2.2313678408040855e+15 0.5030144727335607 -3.1542114913463593
2.2389607358101130e+15 0.5025537351956459 -3.1577475368976593
2.2465794679074165e+15 0.5020861746448217 -3.1612791121006012
2.2542241250144095e+15 0.5016108857837410 -3.1648226082324982
2.2618947953486745e+15 0.5011472960150044 -3.1682319939136505
2.2695915674279810e+15 0.5006803370990690 -3.1716383993625641
2.2773145300713060e+15 0.5002076997229893 -3.1750388443470001
2.2850637723998690e+15 0.4997286372342546 -3.1784333288669586
2.2928393838381235e+15 0.4992416685498148 -3.1818322837352753
2.3006414541148445e+15 0.4987524935654503 -3.1852252781391144
2.3084700732641255e+15 0.4982549803899027 -3.1886227428913116
2.3163253316264290e+15 0.4977516986660475 -3.1920142471790314
2.3242073198496275e+15 0.4972415953112724 -3.1954072415828705
2.3321161288900500e+15 0.4967236741311818 -3.1988196074962616
2.3400518500135315e+15 0.4961986559390272 -3.2022349536418915
2.3480145747964660e+15 0.4956683694450779 -3.2056488096714020
2.3560043951268635e+15 0.4951315828662611 -3.2090641558170319
2.3640214032054115e+15 0.4945874814917761 -3.2124720513820648
2.3720656915465360e+15 0.4940356411757234 -3.2158814370632172
2.3801373529794725e+15 0.4934765014058519 -3.2192967832088470
2.3882364806493450e+15 0.4929173774505902 -3.2226987183094025
2.3963631680182015e+15 0.4923454965335353 -3.2261140644550323
2.4045175088661530e+15 0.4917884407661703 -3.2294072210788727
2.4126995972924150e+15 0.4912269633811391 -3.2326914370059967
2.4209095277164035e+15 0.4906602601651047 -3.2359741628170013
2.4291473948788245e+15 0.4900843403548883 -3.2392643392086029
2.4374132938427685e+15 0.4895063301899624 -3.2425336539745331
2.4457073199948060e+15 0.4889209533760800 -3.2458119094371796
2.4540295690460885e+15 0.4883275368279751 -3.2490916550159454
2.4623801370334535e+15 0.4877315256312132 -3.2523594796657562
2.4707591203205325e+15 0.4871287360872780 -3.2556258141994476
2.4791666155988630e+15 0.4865255057401844 -3.2588534057140350
2.4876027198890045e+15 0.4859201348798935 -3.2620646059513092
2.4960675305416680e+15 0.4853064618013911 -3.2652862370014191
2.5045611452387985e+15 0.4846887312879243 -3.2684899866580963
2.5130836619947635e+15 0.4840648021978280 -3.2717026770114899
2.5216351791574440e+15 0.4834326918854849 -3.2749064266681671
2.5302157954093790e+15 0.4827949354425942 -3.2781101763248444
2.5388256097689035e+15 0.4821528120223719 -3.2813049852848053
2.5474647215912930e+15 0.4815011052532980 -3.2845102250576019
2.5561332305699075e+15 0.4808375850574274 -3.2877542078495026
2.5648312367373450e+15 0.4801674977401691 -3.2909967005252838
2.5735588404665935e+15 0.4794868408512613 -3.2942406833171844
2.5823161424721900e+15 0.4787981624563368 -3.2974846661090851
2.5911032438113830e+15 0.4781078099097847 -3.3007241785526276
2.5999202458852985e+15 0.4774104968420128 -3.3039502799510956
2.6087672504401200e+15 0.4767045720895207 -3.3071853220462799
2.6176443595682220e+15 0.4759925119072489 -3.3104173839092255
2.6265516757094100e+15 0.4752830554438238 -3.3135943114757538
2.6354893016520610e+15 0.4745975706739583 -3.3166430890560150
2.6444573405343200e+15 0.4739075339939177 -3.3196888864040375
2.6534558958452905e+15 0.4732096623648644 -3.3227302134037018
2.6624850714262285e+15 0.4725053320372004 -3.3257685601711273
2.6715449714717410e+15 0.4717966570025289 -3.3288083970546722
2.6806357005309875e+15 0.4710802448144691 -3.3318392932415009
2.6897573635088885e+15 0.4703610644790208 -3.3348701894283295
2.6989100656673335e+15 0.4696354733659356 -3.3378891646862030
2.7080939126264095e+15 0.4688922095460921 -3.3409394323825836
2.7173090103655725e+15 0.4681447826220236 -3.3439986407756805
2.7265554652249400e+15 0.4673830825935642 -3.3470697700977325
2.7358333839064710e+15 0.4666151529665200 -3.3501379191875458
2.7451428734752110e+15 0.4658457132284278 -3.3531896770000458
2.7544840413605250e+15 0.4650712269325823 -3.3562384545803070
2.7638569953573405e+15 0.4642860245679115 -3.3592931926250458
2.7732618436273865e+15 0.4634942568893782 -3.3623389899730682
2.7826986947004475e+15 0.4626956517446547 -3.3653803169727325
2.7921676574756110e+15 0.4619104463801652 -3.3683486282825470
2.8016688412225270e+15 0.4611238750768828 -3.3712916076183319
2.8112023555826675e+15 0.4603333837497093 -3.3742271363735199
2.8207683105705935e+15 0.4595333798984922 -3.3771626651287079
2.8303668165752335e+15 0.4587305370883494 -3.3800937235355377
2.8399979843611130e+15 0.4579181948236585 -3.3830218017101288
2.8496619250697030e+15 0.4570990975864582 -3.3859439194202423
2.8593587502206525e+15 0.4562772459755045 -3.3888630568981171
2.8690885717130910e+15 0.4554520315124028 -3.3917672932147980
2.8788515018269180e+15 0.4546299648438229 -3.3946253359317780
2.8886476532240985e+15 0.4537996839619849 -3.3974818885326385
2.8984771389499640e+15 0.4529680669615737 -3.4003414213657379
2.9083400724345160e+15 0.4521258977800889 -3.4031830728054047
2.9182365674937350e+15 0.4512790553828920 -3.4060217440128326
2.9281667383308955e+15 0.4504260781962691 -3.4088529646396637
2.9381306995378820e+15 0.4495678418357191 -3.4116886556148529
2.9481285660965120e+15 0.4487026632954572 -3.4145168960094452
2.9581604533798755e+15 0.4478252405045510 -3.4173525869846344
2.9682264771536175e+15 0.4469389373149291 -3.4201927483081818
2.9783267535773455e+15 0.4460482918201593 -3.4230239689350128
2.9884613992059240e+15 0.4451508213579730 -3.4258507192134857
2.9986305309908300e+15 0.4442448089398652 -3.4286759793758392
3.0088342662815015e+15 0.4433371290864972 -3.4314937889575958
3.0190727228266945e+15 0.4424195911983019 -3.4343101084232330
3.0293460187758395e+15 0.4414934319992885 -3.4371159970760345
3.0396542726804060e+15 0.4405618195154485 -3.4399174153804779
3.0499976034952705e+15 0.4396450341746914 -3.4426607191562653
3.0603761305800880e+15 0.4387213713976568 -3.4453995525836945
3.0707899737006835e+15 0.4377834076277647 -3.4481354057788849
3.0812392530303710e+15 0.4368485192356509 -3.4508563578128815
3.0917240891514780e+15 0.4359030131782888 -3.4535802900791168
3.1022446030565605e+15 0.4349486184769966 -3.4562952816486359
3.1128009161499395e+15 0.4339883552496259 -3.4590117633342743
3.1233931502490365e+15 0.4330261280392952 -3.4617163240909576
3.1340214275857935e+15 0.4320623799078364 -3.4643881022930145
3.1446858708080840e+15 0.4311096684552521 -3.4670136868953705
3.1553866029811265e+15 0.4301482907149223 -3.4696392714977264
3.1661237475889060e+15 0.4291783276848384 -3.4722648561000824
3.1768974285355985e+15 0.4282047804284907 -3.4748785197734833
3.1877077701470010e+15 0.4272292044340779 -3.4774772822856903
3.1985548971719665e+15 0.4262325590682167 -3.4800954163074493
3.2094389347838560e+15 0.4252426243919671 -3.4826867282390594
3.2203600085819300e+15 0.4242383593715075 -3.4852869808673859
3.2313182445928795e+15 0.4232159035045875 -3.4879110753536224
3.2423137692722230e+15 0.4221794775984242 -3.4905381500720978
3.2533467095057840e+15 0.4211431653444629 -3.4931547939777374
3.2644171926111520e+15 0.4200990977018345 -3.4957699477672577
3.2755253463391525e+15 0.4190496232833847 -3.4983642399311066
3.2866712988753215e+15 0.4179903020974782 -3.5009630024433136
3.2978551788413840e+15 0.4169208565799908 -3.5035587847232819
3.3090771152967395e+15 0.4158447260166079 -3.5061500966548920
3.3203372377399505e+15 0.4147790585559249 -3.5087056457996368
3.3316356761102365e+15 0.4137008558369530 -3.5112522542476654
3.3429725607889750e+15 0.4126227203542677 -3.5137854516506195
3.3543480226012170e+15 0.4115331003132993 -3.5163111984729767
3.3657621928171460e+15 0.4104426230280670 -3.5188339650630951
3.3772152031536710e+15 0.4093344899363388 -3.5213597118854523
3.3887071857758935e+15 0.4082260874637988 -3.5238720476627350
3.4002382732986460e+15 0.4071087369946700 -3.5263754427433014
3.4118085987880240e+15 0.4059954084736085 -3.5288490355014801
3.4234182957629185e+15 0.4048935300703650 -3.5312689840793610
3.4350674981965590e+15 0.4037849990086795 -3.5336904227733612
3.4467563405180590e+15 0.4026723371395320 -3.5361118614673615
3.4584849576139665e+15 0.4015511248959785 -3.5385154187679291
3.4702534848298230e+15 0.4004191619787059 -3.5409219563007355
3.4820620579717210e+15 0.3992767743778321 -3.5433240234851837
3.4939108133078760e+15 0.3981357097243053 -3.5457096993923187
3.5057998875702100e+15 0.3969778112831545 -3.5481013357639313
3.5177294179558735e+15 0.3958167605601899 -3.5504810512065887
3.5296995421289135e+15 0.3946436541390159 -3.5528682172298431
3.5417103982218075e+15 0.3934730433424848 -3.5552285611629486
3.5537621248370680e+15 0.3922900025943576 -3.5575874149799347
3.5658548610488445e+15 0.3910952554553381 -3.5599477589130402
3.5779887464045285e+15 0.3898938297925847 -3.5622976720333099
3.5901639209263630e+15 0.3886842045641908 -3.5646505653858185
3.6023805251130575e+15 0.3874720128984883 -3.5669855773448944
3.6146386999414110e+15 0.3862596919012602 -3.5692907869815826
3.6269385868679385e+15 0.3850536557312438 -3.5715736448764801
3.6392803278305170e+15 0.3838336790179409 -3.5738594830036163
3.6516640652499500e+15 0.3826029300482261 -3.5761304199695587
3.6640899420317760e+15 0.3813765101020857 -3.5783939063549042
3.6765581015677065e+15 0.3801290247841146 -3.5806618630886078
3.6890686877374455e+15 0.3788726247951110 -3.5829238593578339
3.7016218449102765e+15 0.3776119938388507 -3.5851724445819855
3.7142177179467430e+15 0.3763359781437658 -3.5874344408512115
3.7268564522003185e+15 0.3750494283516689 -3.5896874964237213
3.7395381935190860e+15 0.3737556769753152 -3.5919360816478729
3.7522630882474195e+15 0.3724534271755819 -3.5941787064075470
3.7650312832276735e+15 0.3711390779412218 -3.5964153707027435
3.7778429258018785e+15 0.3698217568457128 -3.5986445844173431
3.7906981638134390e+15 0.3684967003007198 -3.6008588969707489
3.8035971456088565e+15 0.3671526185271585 -3.6030896008014679
3.8165400200393795e+15 0.3658276620673677 -3.6052577197551727
3.8295269364628140e+15 0.3645078496665471 -3.6073990166187286
3.8425580447451845e+15 0.3631933360842512 -3.6095224320888519
3.8556334952624795e+15 0.3618470793982206 -3.6116607487201691
3.8687534389023870e+15 0.3605165751811650 -3.6137722432613373
3.8819180270660350e+15 0.3591587866966823 -3.6158896982669830
3.8951274116697395e+15 0.3578015037223587 -3.6179952323436737
3.9083817451467565e+15 0.3564315616607612 -3.6200903356075287
3.9216811804490420e+15 0.3550533259230135 -3.6221913993358612
3.9350258710490170e+15 0.3536605868270922 -3.6242850124835968
3.9484159709413370e+15 0.3522565639837084 -3.6263801157474518
3.9618516346446720e+15 0.3508426450168616 -3.6284618079662323
3.9753330172035030e+15 0.3494216397457712 -3.6305405199527740
3.9888602741898475e+15 0.3479922082702533 -3.6326073110103607
4.0024335617051520e+15 0.3465429385955509 -3.6346785724163055
4.0160530363820290e+15 0.3450929083320050 -3.6367394030094147
4.0297188553860795e+15 0.3436377004013511 -3.6387853324413300
4.0434311764177075e+15 0.3421639812016646 -3.6408267915248871
4.0571901577139405e+15 0.3406791691511179 -3.6428682506084442
4.0709959580502535e+15 0.3392014939158628 -3.6448873579502106
4.0848487367424030e+15 0.3376970613176448 -3.6469198763370514
4.0987486536482650e+15 0.3361835784589581 -3.6489315330982208
4.1126958691696800e+15 0.3346603770366436 -3.6509491503238678
4.1266905442543025e+15 0.3331264883841850 -3.6529503762722015
4.1407328403974605e+15 0.3315998249222064 -3.6549247801303864
4.1548229196440350e+15 0.3300842823702854 -3.6568693816661835
4.1689609445902610e+15 0.3285497705829675 -3.6588124930858612
4.1831470783857075e+15 0.3270109642971631 -3.6607421934604645
4.1973814847350920e+15 0.3254654081639969 -3.6626584827899933
4.2116643279001860e+15 0.3239044354732997 -3.6645762622356415
4.2259957727017090e+15 0.3223336776233748 -3.6664910614490509
4.2403759845212350e+15 0.3207497146924539 -3.6683909595012665
4.2548051293030965e+15 0.3191647987116630 -3.6702848970890045
4.2692833735563005e+15 0.3175705945555758 -3.6721624433994293
4.2838108843564525e+15 0.3159691349574458 -3.6740295588970184
4.2983878293476805e+15 0.3143577088207545 -3.6758832633495331
4.3130143767445915e+15 0.3127275006356529 -3.6777518689632416
4.3276906953341205e+15 0.3111000891251040 -3.6795936524868011
4.3424169544776750e+15 0.3094391135377155 -3.6814413964748383
4.3571933241128410e+15 0.3077825496687704 -3.6832742393016815
4.3720199747555390e+15 0.3060931948300763 -3.6851175129413605
4.3868970775019030e+15 0.3043899146336725 -3.6869697272777557
4.4018248040302725e+15 0.3026797391940027 -3.6887876689434052
4.4168033266031740e+15 0.3009401378234457 -3.6906324326992035
4.4318328180693085e+15 0.2991912976018417 -3.6924548447132111
4.4469134518655460e+15 0.2974425799046265 -3.6942638456821442
4.4620454020189280e+15 0.2956661376904565 -3.6960817873477936
4.4772288431486745e+15 0.2938801470901169 -3.6978892982006073
4.4924639504681995e+15 0.2920962661274779 -3.6996819078922272
4.5077508997871510e+15 0.2903066263485701 -3.7014387547969818
4.5230898675133670e+15 0.2884954336499798 -3.7032060325145721
4.5384810306550220e+15 0.2866776734547931 -3.7049643695354462
4.5539245668225920e+15 0.2848498813321367 -3.7067107856273651
4.5694206542309300e+15 0.2830036470071744 -3.7084437906742096
4.5849694717013150e+15 0.2811431405452533 -3.7101872265338898
4.6005711986635200e+15 0.2792668008919753 -3.7119068205356598
4.6162260151578810e+15 0.2773839219433971 -3.7136293947696686
4.6319341018373760e+15 0.2754957573696670 -3.7153236567974091
4.6476956399697070e+15 0.2735842282913668 -3.7170238792896271
4.6635108114393940e+15 0.2716647284326209 -3.7187136709690094
4.6793797987498750e+15 0.2697176370232646 -3.7203989923000336
4.6953027850256080e+15 0.2677764255917965 -3.7220709025859833
4.7112799540142060e+15 0.2657980834446067 -3.7237428128719330
4.7273114900884840e+15 0.2638084870971213 -3.7254147231578827
4.7433975782486930e+15 0.2618196793280954 -3.7270598113536835
4.7595384041245870e+15 0.2597976759869707 -3.7287093698978424
4.7757341539775790e+15 0.2577658171376145 -3.7303455173969269
4.7919850147028940e+15 0.2557084930693431 -3.7319891154766083
4.8082911738317200e+15 0.2536446322929600 -3.7336163222789764
4.8246528195333800e+15 0.2515509476562808 -3.7352435290813446
4.8410701406174960e+15 0.2494494968229869 -3.7368483841419220
4.8575433265361740e+15 0.2473416145519617 -3.7384502589702606
4.8740725673861850e+15 0.2452540655642738 -3.7400178611278534
4.8906580539111620e+15 0.2431346407066305 -3.7415780127048492
4.9072999775038000e+15 0.2410082061063627 -3.7431322038173676
4.9239985302080850e+15 0.2388413675514237 -3.7446878850460052
4.9407539047214290e+15 0.2366690851416580 -3.7462390959262848
4.9575662943970160e+15 0.2344811885215158 -3.7477783858776093
4.9744358932459500e+15 0.2322688679483032 -3.7493102252483368
4.9913628959395190e+15 0.2300325236922984 -3.7508390843868256
5.0083474978114330e+15 0.2277788324229196 -3.7523560225963593
5.0253898948600880e+15 0.2255101515580432 -3.7538655102252960
5.0424902837508210e+15 0.2232043208395120 -3.7553794682025909
5.0596488618181820e+15 0.2208923846189579 -3.7568800151348114
5.0768658270682100e+15 0.2185376313827994 -3.7583835422992706
5.0941413781807180e+15 0.2161774837568858 -3.7598706781864166
5.1114757145116100e+15 0.2137868032339212 -3.7613533437252045
5.1288690360950720e+15 0.2113967087374253 -3.7628285586833954
5.1463215436461130e+15 0.2089647169416982 -3.7642993032932281
5.1638334385625880e+15 0.2065220345548968 -3.7657491862773895
5.1814049229277530e+15 0.2040535566375077 -3.7672095000743866
5.1990361995124900e+15 0.2015452537965793 -3.7686534225940704
5.2167274717776720e+15 0.1990284811688023 -3.7700913846492767
5.2344789438765060e+15 0.1964653829614056 -3.7715308368206024
5.2522908206568910e+15 0.1939281492572876 -3.7729434669017792
5.2701633076637840e+15 0.1913785498306957 -3.7743456661701202
5.2880966111415700e+15 0.1888096953613840 -3.7757404148578644
5.3060909380364400e+15 0.1862065048616149 -3.7771083414554596
5.3241464959987830e+15 0.1835649500876766 -3.7784971296787262
5.3422634933856010e+15 0.1809119141312232 -3.7798710167407990
5.3604421392628290e+15 0.1782235025979274 -3.7812389433383942
5.3786826434078740e+15 0.1755167983974319 -3.7825874984264374
5.3969852163119560e+15 0.1727730051529567 -3.7839420139789581
5.4153500691825490e+15 0.1700021095128984 -3.7852935492992401
5.4337774139458270e+15 0.1671951433488756 -3.7866316735744476
5.4522674632491040e+15 0.1643512258773739 -3.7879832088947296
5.4708204304632920e+15 0.1614949375789864 -3.7893049418926239
5.4894365296853600e+15 0.1585856417980151 -3.7906341254711151
5.5081159757408040e+15 0.1556533832373113 -3.7919469177722931
5.5268589841861320e+15 0.1526806580194714 -3.7932626903057098
5.5456657713113440e+15 0.1496464426975108 -3.7945829331874847
5.5645365541424320e+15 0.1465961745078533 -3.7958927452564240
5.5834715504439080e+15 0.1434930944664713 -3.7971995770931244
5.6024709787212230e+15 0.1403595608357665 -3.7985064089298248
5.6215350582234260e+15 0.1371846723650812 -3.7997953593730927
5.6406640089456040e+15 0.1339754868694848 -3.8010857999324799
5.6598580516314430e+15 0.1307108883902173 -3.8023762404918671
5.6791174077757770e+15 0.1275074338047031 -3.8036160171031952
5.6984422996271380e+15 0.1242482956440778 -3.8048617541790009
5.7178329501903300e+15 0.1209515197855864 -3.8060940802097321
5.7372895832289940e+15 0.1176185615339437 -3.8073219358921051
5.7568124232681940e+15 0.1142366067056834 -3.8085587322711945
5.7764016955970090e+15 0.1108187529858422 -3.8097672164440155
5.7960576262711310e+15 0.1073634162485849 -3.8109712302684784
5.8157804421154710e+15 0.1038762112231146 -3.8121767342090607
5.8355703707268080e+15 0.1003364096610050 -3.8133762776851654
5.8554276404763120e+15 0.0967562515282662 -3.8145653903484344
5.8753524805123260e+15 0.0931329247608217 -3.8157381117343903
5.8953451207629180e+15 0.0894723027562092 -3.8169257342815399
5.9154057919385490e+15 0.0857472095921793 -3.8180805742740631
5.9355347255347480e+15 0.0819775253600424 -3.8192577660083771
5.9557321538347700e+15 0.0781469067457437 -3.8204155862331390
5.9759983099122890e+15 0.0742641551127139 -3.8215689361095428
5.9963334276340770e+15 0.0703292028417688 -3.8227193057537079
6.0167377416627100e+15 0.0663364161411878 -3.8238622248172760
6.0372114874592730e+15 0.0622939584079481 -3.8249947130680084
6.0577549012861030e+15 0.0581885508618123 -3.8261406123638153
6.0783682202093890e+15 0.0540152576712873 -3.8272656500339508
6.0990516821021850e+15 0.0497615298273711 -3.8283981382846832
6.1198055256468020e+15 0.0455222942879732 -3.8294903934001923
6.1406299903378410e+15 0.0412411616670735 -3.8305841386318207
6.1615253164848280e+15 0.0368944315020337 -3.8316629827022552
6.1824917452150150e+15 0.0324834928952833 -3.8327477872371674
6.2035295184761620e+15 0.0280078619395189 -3.8338236510753632
6.2246388790393260e+15 0.0234507850159258 -3.8348935544490814
6.2458200705016680e+15 0.0188190259761620 -3.8359649479389191
6.2670733372892590e+15 0.0141366789314985 -3.8370169699192047
6.2883989246599030e+15 0.0093829647651913 -3.8380734622478485
6.3097970787059680e+15 0.0045201612574987 -3.8391210138797760
6.3312680463572480e+15 -0.0003907596269037 -3.8401596248149872
6.3528120753837150e+15 -0.0054027857415589 -3.8412056863307953
6.3744294143985280e+15 -0.0104837410650040 -3.8422293961048126
6.3961203128608010e+15 -0.0156447746284865 -3.8432501256465912
6.4178850210785070e+15 -0.0209323629620899 -3.8442902266979218
6.4397237902113660e+15 -0.0261612686305584 -3.8452722132205963
6.4616368722737450e+15 -0.0315187090464463 -3.8462646305561066
6.4836245201375650e+15 -0.0369509597380517 -3.8472540676593781
6.5056869875352180e+15 -0.0424999381249232 -3.8482360541820526
6.5278245290624970e+15 -0.0481420637485637 -3.8492165505886078
6.5500374001815330e+15 -0.0538884445471958 -3.8501895964145660
6.5723258572237440e+15 -0.0597144453427861 -3.8511507213115692
6.5946901573927910e+15 -0.0656784333440286 -3.8521163165569305
6.6171305587675750e+15 -0.0717590963568149 -3.8530729711055756
6.6396473203051060e+15 -0.0779326170834893 -3.8540326058864594
6.6622407018436520e+15 -0.0842338329509313 -3.8549758493900299
6.6849109641056350e+15 -0.0906537520826626 -3.8559190928936005
6.7076583687006600e+15 -0.0971937303692940 -3.8568593561649323
6.7304831781285370e+15 -0.1038762427573009 -3.8577891886234283
6.7533856557823110e+15 -0.1106223214116820 -3.8587026298046112
6.7763660659513000e+15 -0.1175204247185611 -3.8596309721469879
6.7994246738241440e+15 -0.1245166585682454 -3.8605220615863800
6.8225617454918690e+15 -0.1316747053024120 -3.8614340126514435
6.8457775479509530e+15 -0.1389600712264585 -3.8623191416263580
6.8690723491064110e+15 -0.1464131460668455 -3.8632117211818695
6.8924464177748820e+15 -0.1540243273907908 -3.8640923798084259
6.9159000236877650e+15 -0.1617999430010070 -3.8649775087833405
6.9394334374942140e+15 -0.1697365161256122 -3.8658417761325836
6.9630469307644340e+15 -0.1778517773907380 -3.8667134940624237
6.9867407759926980e+15 -0.1861325593110755 -3.8675658404827118
7.0105152466005240e+15 -0.1946259432193360 -3.8684479892253876
7.0343706169398270e+15 -0.2032978202311539 -3.8692958652973175
7.0583071622960890e+15 -0.2121752427124277 -3.8701467216014862
7.0823251588915290e+15 -0.2211922415462331 -3.8709796965122223
7.1064248838882980e+15 -0.2303655259082478 -3.8718052208423615
7.1306066153916710e+15 -0.2397442800989902 -3.8726262748241425
7.1548706324532620e+15 -0.2493689665535242 -3.8734428584575653
7.1792172150742690e+15 -0.2592237351812368 -3.8742609322071075
7.2036466442085600e+15 -0.2693285771118070 -3.8750611245632172
7.2281592017662400e+15 -0.2796752673383920 -3.8758553564548492
7.2527551706164880e+15 -0.2902254632475996 -3.8766540586948395
7.2774348345911520e+15 -0.3009622826687276 -3.8774438202381134
7.3021984784878690e+15 -0.3119624405843737 -3.8782037794589996
7.3270463880733880e+15 -0.3232804875112503 -3.8789801299571991
7.3519788500868620e+15 -0.3348830842041730 -3.8797490298748016
7.3769961522431610e+15 -0.3468107352228421 -3.8805119693279266
7.4020985832361920e+15 -0.3590358370398251 -3.8812644779682159
7.4272864327422270e+15 -0.3716539725826881 -3.8820214569568634
7.4525599914232480e+15 -0.3846830099929979 -3.8827665150165558
7.4779195509303030e+15 -0.3980956305274104 -3.8834996521472931
7.5033654039068980e+15 -0.4119129041626871 -3.8842447102069855
7.5288978439922560e+15 -0.4261390327768348 -3.8849838078022003
7.5545171658248870e+15 -0.4407748014995068 -3.8857124745845795
7.5802236650458630e+15 -0.4559210131909235 -3.8864366710186005
7.6060176383022670e+15 -0.4714897462569781 -3.8871653378009796
7.6318993832506090e+15 -0.4875125267201408 -3.8878612220287323
7.6578691985602660e+15 -0.5041026688919481 -3.8885764777660370
7.6839273839169250e+15 -0.5212400459711222 -3.8892857730388641
7.7100742400260450e+15 -0.5389204024977813 -3.8899786770343781
7.7363100686163240e+15 -0.5572403748786205 -3.8906686007976532
7.7626351724431810e+15 -0.5762098836746858 -3.8913659751415253
7.7890498552922540e+15 -0.5956710116969529 -3.8920350372791290
7.8155544219828970e+15 -0.6157666838710496 -3.8927040994167328
7.8421491783717400e+15 -0.6365907787617786 -3.8933627307415009
7.8688344313560820e+15 -0.6581978834796854 -3.8940317928791046
7.8956104888776300e+15 -0.6806152561797056 -3.8946874439716339
7.9224776599259210e+15 -0.7038820484488271 -3.8953267037868500
7.9494362545419220e+15 -0.7281472159451774 -3.8959793746471405
7.9764865838216050e+15 -0.7531219810941280 -3.8966111838817596
8.0036289599195420e+15 -0.7790409010079014 -3.8972400128841400
8.0308636960525020e+15 -0.8060585710197572 -3.8978807628154755
8.0581911065030680e+15 -0.8342055392373309 -3.8984902203083038
8.0856115066232630e+15 -0.8636310993057644 -3.8990981876850128
8.1131252128381900e+15 -0.8943466002018033 -3.8997136056423187
8.1407325426497160e+15 -0.9264999412379248 -3.9003096520900726
8.1684338146399690e+15 -0.9602149225568647 -3.9009176194667816
8.1962293484753820e+15 -0.9955693391955772 -3.9015121757984161
8.2241194649099140e+15 -1.0326891245071195 -3.9021067321300507
8.2521044857891190e+15 -1.0716923876419282 -3.9026953279972076
8.2801847340536940e+15 -1.1127634534271449 -3.9032749831676483
8.3083605337432370e+15 -1.1560454314115929 -3.9038650691509247
8.3366322099999870e+15 -1.2017204182295356 -3.9044179022312164
