2.1930977998254900e+15 2.610000000e-05 1.148002092e+06 4.664148377e+33 5.536999046e+33 2.862522057e+45 1.044841659e+00 4.915318183e+00
2.1730977998254900e+15 2.960000000e-05 1.147248393e+06 4.656976275e+33 5.525550327e+33 2.858488344e+45 1.033242100e+00 4.867608778e+00
2.1530977998254900e+15 3.340000000e-05 1.148314829e+06 4.649337069e+33 5.513374612e+33 2.851478743e+45 1.021386791e+00 4.823586784e+00
2.1330977998254900e+15 3.740000000e-05 1.148743260e+06 4.641724857e+33 5.501272487e+33 2.848153035e+45 1.009691782e+00 4.773923975e+00
2.1130977998254900e+15 4.170000000e-05 1.150141731e+06 4.633805519e+33 5.488709515e+33 2.842913582e+45 9.979301189e-01 4.727009443e+00
2.0930977998254900e+15 4.630000000e-05 1.151532202e+06 4.625899916e+33 5.476211165e+33 2.842283983e+45 9.862306687e-01 4.672626134e+00
2.0730977998254900e+15 5.140000000e-05 1.151424760e+06 4.617089587e+33 5.462292859e+33 2.832978640e+45 9.740597640e-01 4.630120585e+00
2.0530977998254900e+15 5.680000000e-05 1.153184866e+06 4.608397526e+33 5.448604409e+33 2.828422908e+45 9.621285139e-01 4.580772647e+00
2.0330977998254900e+15 6.260000000e-05 1.155357912e+06 4.599544818e+33 5.434706055e+33 2.824816837e+45 9.502395119e-01 4.529943545e+00
2.0130977998254900e+15 6.890000000e-05 1.156954814e+06 4.590366018e+33 5.420322872e+33 2.820633602e+45 9.382493050e-01 4.479417824e+00
1.9930977998254900e+15 7.580000000e-05 1.154788116e+06 4.580442633e+33 5.404805402e+33 2.809764667e+45 9.259548921e-01 4.437822026e+00
1.9730977998254900e+15 8.310000000e-05 1.156804329e+06 4.570820366e+33 5.389806181e+33 2.807373317e+45 9.140267934e-01 4.384385741e+00
1.9530977998254900e+15 9.110000000e-05 1.157223121e+06 4.560558908e+33 5.373847019e+33 2.799986023e+45 9.018326313e-01 4.337306168e+00
1.9330977998254900e+15 9.970000000e-05 1.159777229e+06 4.550215495e+33 5.357817238e+33 2.795198844e+45 8.897556974e-01 4.286551712e+00
1.9130977998254900e+15 1.090000000e-04 1.159895472e+06 4.539492682e+33 5.341234760e+33 2.788825987e+45 8.776324147e-01 4.237807608e+00
1.8930977998254900e+15 1.191000000e-04 1.160746493e+06 4.528319294e+33 5.323996975e+33 2.781160568e+45 8.654057672e-01 4.190286518e+00
1.8730977998254900e+15 1.301000000e-04 1.163658683e+06 4.516654368e+33 5.306043013e+33 2.770889000e+45 8.530487625e-01 4.145765436e+00
1.8530977998254900e+15 1.419000000e-04 1.165597354e+06 4.504965880e+33 5.288119421e+33 2.764332338e+45 8.408811906e-01 4.096324768e+00
1.8330977998254900e+15 1.547000000e-04 1.164949685e+06 4.492802789e+33 5.269507540e+33 2.754149388e+45 8.286279002e-01 4.051557965e+00
1.8130977998254900e+15 1.686000000e-04 1.167757434e+06 4.480358656e+33 5.250529056e+33 2.745189704e+45 8.163786816e-01 4.004693581e+00
1.7930977998254900e+15 1.835000000e-04 1.167551544e+06 4.468016289e+33 5.231786185e+33 2.742954701e+45 8.043998351e-01 3.949147321e+00
1.7730977998254900e+15 1.997000000e-04 1.169383482e+06 4.455062163e+33 5.212144209e+33 2.734210448e+45 7.922746189e-01 3.902058737e+00
1.7530977998254900e+15 2.173000000e-04 1.171172948e+06 4.441876967e+33 5.192210826e+33 2.725901887e+45 7.801921265e-01 3.854262953e+00
1.7330977998254900e+15 2.363000000e-04 1.175090538e+06 4.428512872e+33 5.172063699e+33 2.715775546e+45 7.682188875e-01 3.809264286e+00
2.2130977998254900e+15 2.290000000e-05 1.145922752e+06 4.670793346e+33 5.547630499e+33 2.862658181e+45 1.056073979e+00 4.967922888e+00
2.2330977998254900e+15 1.980000000e-05 1.145886379e+06 4.677491025e+33 5.558372162e+33 2.867159266e+45 1.067465987e+00 5.013629367e+00
2.2530977998254900e+15 1.680000000e-05 1.143857611e+06 4.684076998e+33 5.568958172e+33 2.872486341e+45 1.078899503e+00 5.057932375e+00
2.2730977998254900e+15 1.390000000e-05 1.143284335e+06 4.690388854e+33 5.579121174e+33 2.876741605e+45 1.090185214e+00 5.103280393e+00
2.2930977998254900e+15 1.110000000e-05 1.143619563e+06 4.696212824e+33 5.588524959e+33 2.878007644e+45 1.101104837e+00 5.152128960e+00
