1.2215000000000000e+15 2.000000000e-03 2.010000000e-03 1.154514961e+06 3.284020566e+33 -2.744921253e-01 3.284022488e+33 2.523812070e-04 -6.718999329e-04 -1.233953333e-13 7.090695758e+00
1.2213000000000000e+15 2.612000000e-02 2.613000000e-02 1.153307247e+06 3.262778097e+33 -2.725193988e-01 3.263092043e+33 3.233529898e-03 -8.589448910e-03 -1.688094606e-12 6.713066547e+00
1.2217000000000000e+15 4.649000000e-02 4.650000000e-02 1.152369676e+06 3.216785506e+33 -2.677464457e-01 3.217677627e+33 5.489172630e-03 -1.448525339e-02 -1.658828060e-12 7.560543555e+00
1.2219000000000000e+15 4.868000000e-02 4.869000000e-02 1.153560886e+06 3.210415202e+33 -2.666844039e-01 3.211367520e+33 5.684505355e-03 -1.496537865e-02 -6.809637817e-13 6.430595126e+00
1.2221000000000000e+15 5.040000000e-02 5.041000000e-02 1.153253521e+06 3.205240137e+33 -2.662116269e-01 3.206247714e+33 5.850765606e-03 -1.539480554e-02 -1.645863885e-12 7.749599409e+00
1.2223000000000000e+15 5.180000000e-02 5.181000000e-02 1.151952554e+06 3.200932416e+33 -2.661375896e-01 3.201992934e+33 5.998976970e-03 -1.579655617e-02 -2.088191968e-12 6.900609786e+00
1.2225000000000000e+15 5.300000000e-02 5.301000000e-02 1.151582977e+06 3.197155233e+33 -2.658371298e-01 3.198255395e+33 6.111843831e-03 -1.609022675e-02 -8.985205978e-13 6.240655574e+00
1.2227000000000000e+15 5.403000000e-02 5.404000000e-02 1.153090915e+06 3.193885647e+33 -2.650213328e-01 3.195004503e+33 6.176709953e-03 -1.622524705e-02 -1.646368433e-12 6.712930845e+00
1.2229000000000000e+15 5.495000000e-02 5.496000000e-02 1.154265772e+06 3.190920692e+33 -2.643430591e-01 3.192056892e+33 6.235211951e-03 -1.634958801e-02 -5.575601099e-13 5.959922636e+00
1.2231000000000000e+15 5.577000000e-02 5.578000000e-02 1.152745981e+06 3.188256881e+33 -2.645121070e-01 3.189429594e+33 6.327714484e-03 -1.661267294e-02 -1.676908434e-12 6.241508131e+00
1.2233000000000000e+15 5.651000000e-02 5.652000000e-02 1.151144578e+06 3.185841699e+33 -2.647349889e-01 3.187049780e+33 6.414381409e-03 -1.686349514e-02 -7.050380742e-13 5.957593961e+00
1.2235000000000000e+15 5.718000000e-02 5.719000000e-02 1.153127409e+06 3.183649413e+33 -2.638948879e-01 3.184858757e+33 6.433656919e-03 -1.687060729e-02 -1.437233553e-12 6.524481412e+00
1.2237000000000000e+15 5.779000000e-02 5.780000000e-02 1.152047161e+06 3.181644918e+33 -2.640028888e-01 3.182880796e+33 6.498831340e-03 -1.705654512e-02 -1.525898238e-12 6.052507875e+00
1.2239000000000000e+15 5.835000000e-02 5.836000000e-02 1.152879612e+06 3.179805034e+33 -2.635518793e-01 3.181048614e+33 6.526667257e-03 -1.710910216e-02 -1.097023609e-12 6.147317416e+00
1.2241000000000000e+15 5.888000000e-02 5.889000000e-02 1.151644863e+06 3.178048979e+33 -2.637327940e-01 3.179318071e+33 6.587095209e-03 -1.728527665e-02 -8.092073403e-13 6.334971291e+00
1.2243000000000000e+15 5.936000000e-02 5.937000000e-02 1.153039567e+06 3.176478238e+33 -2.631414240e-01 3.177746919e+33 6.597443077e-03 -1.728128005e-02 -1.583333669e-12 5.959026796e+00
1.2245000000000000e+15 5.980000000e-02 5.981000000e-02 1.151228165e+06 3.175043303e+33 -2.635305557e-01 3.176340219e+33 6.659560256e-03 -1.747547858e-02 -9.738997622e-13 6.805841494e+00
1.2247000000000000e+15 6.022000000e-02 6.023000000e-02 1.152195901e+06 3.173668834e+33 -2.630901898e-01 3.174967267e+33 6.671695828e-03 -1.748447983e-02 -1.006056327e-12 5.769915684e+00
1.2249000000000000e+15 6.061000000e-02 6.062000000e-02 1.153145901e+06 3.172401391e+33 -2.626667670e-01 3.173700342e+33 6.681213124e-03 -1.748717240e-02 -1.016123098e-12 5.864859426e+00
1.2251000000000000e+15 6.097000000e-02 6.098000000e-02 1.153427755e+06 3.171229759e+33 -2.624545095e-01 3.172534508e+33 6.699478756e-03 -1.752665079e-02 -1.293223949e-12 6.053534170e+00
1.2253000000000000e+15 6.131000000e-02 6.132000000e-02 1.151787375e+06 3.170150087e+33 -2.628295568e-01 3.171478635e+33 6.750145551e-03 -1.768768700e-02 -8.435527959e-13 5.675366193e+00
1.2255000000000000e+15 6.163000000e-02 6.164000000e-02 1.154359107e+06 3.169127469e+33 -2.619486917e-01 3.170438584e+33 6.724814128e-03 -1.756834306e-02 -1.015458693e-12 5.771533902e+00
1.2257000000000000e+15 6.192000000e-02 6.193000000e-02 1.152248408e+06 3.168227177e+33 -2.624818599e-01 3.169565000e+33 6.779201539e-03 -1.774963127e-02 -1.703238454e-12 5.769951997e+00
1.2259000000000000e+15 6.220000000e-02 6.221000000e-02 1.152815141e+06 3.167351999e+33 -2.622169698e-01 3.168690367e+33 6.785715654e-03 -1.775259330e-02 -1.518218564e-12 5.676138802e+00
1.2261000000000000e+15 6.246000000e-02 6.247000000e-02 1.150961461e+06 3.166562058e+33 -2.626873631e-01 3.167924280e+33 6.833781978e-03 -1.791211598e-02 -1.003041297e-12 5.768971546e+00
1.2263000000000000e+15 6.270000000e-02 6.271000000e-02 1.151467849e+06 3.165837626e+33 -2.624562067e-01 3.167199696e+33 6.837936733e-03 -1.791075807e-02 -1.158854968e-12 5.486630244e+00
1.2265000000000000e+15 6.292000000e-02 6.293000000e-02 1.151960110e+06 3.165199186e+33 -2.622392910e-01 3.166560681e+33 6.840713347e-03 -1.790672369e-02 -1.598492775e-12 5.581252080e+00
2.6641743532116560e+15 3.480000000e-03 3.490000000e-03 1.013978678e+06 4.070204743e+33 -4.533761958e-01 4.070206507e+33 -1.846810810e-04 7.501072852e-04 -1.765821219e-12 5.475699976e+00
2.6621743532116560e+15 6.040000000e-03 6.050000000e-03 1.013987581e+06 4.069981975e+33 -4.533301981e-01 4.069987249e+33 -3.193288086e-04 1.296993573e-03 -1.405711746e-12 5.001042406e+00
2.6601743532116560e+15 7.800000000e-03 7.810000000e-03 1.014564155e+06 4.069763518e+33 -4.528714315e-01 4.069772200e+33 -4.100394175e-04 1.662922963e-03 -5.547764601e-13 4.811651324e+00
2.6581743532116560e+15 9.240000000e-03 9.250000000e-03 1.013934088e+06 4.069542392e+33 -4.532891987e-01 4.069554573e+33 -4.853041788e-04 1.971189875e-03 -1.063885191e-12 4.811139036e+00
2.6561743532116560e+15 1.048000000e-02 1.049000000e-02 1.015240708e+06 4.069315271e+33 -4.522992851e-01 4.069330620e+33 -5.456633614e-04 2.209000740e-03 -1.087880875e-12 4.717269055e+00
2.6541743532116560e+15 1.160000000e-02 1.161000000e-02 1.014253159e+06 4.069089223e+33 -4.529752865e-01 4.069108087e+33 -6.041852464e-04 2.451902913e-03 -3.763154090e-13 4.811391252e+00
2.6521743532116560e+15 1.263000000e-02 1.264000000e-02 1.015739865e+06 4.068858658e+33 -4.518560867e-01 4.068880512e+33 -6.515147519e-04 2.633960247e-03 -1.447122889e-12 4.622749291e+00
2.6501743532116560e+15 1.360000000e-02 1.361000000e-02 1.015133340e+06 4.068619302e+33 -4.522518148e-01 4.068644602e+33 -7.005156744e-04 2.836080251e-03 -1.043582103e-12 4.527334941e+00
2.6481743532116560e+15 1.451000000e-02 1.452000000e-02 1.015661396e+06 4.068390141e+33 -4.518283657e-01 4.068418547e+33 -7.427700634e-04 3.003082273e-03 -2.022779505e-12 4.527764714e+00
2.6461743532116560e+15 1.537000000e-02 1.538000000e-02 1.016008740e+06 4.068139981e+33 -4.515324035e-01 4.068171469e+33 -7.823634361e-04 3.160302923e-03 -1.169567507e-12 4.622966577e+00
2.6441743532116560e+15 1.619000000e-02 1.620000000e-02 1.016761167e+06 4.067899650e+33 -4.509467322e-01 4.067934007e+33 -8.179922715e-04 3.297915496e-03 -1.287476569e-12 4.528661038e+00
2.6421743532116560e+15 1.698000000e-02 1.699000000e-02 1.016301773e+06 4.067648996e+33 -4.512328584e-01 4.067686614e+33 -8.554625076e-04 3.452778481e-03 -1.117309717e-12 4.528281523e+00
2.6401743532116560e+15 1.774000000e-02 1.775000000e-02 1.017101556e+06 4.067403804e+33 -4.506128694e-01 4.067444125e+33 -8.865394519e-04 3.571002076e-03 -1.132415588e-12 4.528938500e+00
2.6381743532116560e+15 1.848000000e-02 1.849000000e-02 1.016354089e+06 4.067144895e+33 -4.511045294e-01 4.067188533e+33 -9.214576227e-04 3.718349231e-03 -6.404222281e-13 4.623243005e+00
2.6361743532116560e+15 1.920000000e-02 1.921000000e-02 1.017237172e+06 4.066895079e+33 -4.504242502e-01 4.066941238e+33 -9.487485960e-04 3.819919657e-03 -1.857870262e-12 4.434131382e+00
2.6341743532116560e+15 1.990000000e-02 1.991000000e-02 1.017336681e+06 4.066631486e+33 -4.503055144e-01 4.066680451e+33 -9.774030443e-04 3.933048610e-03 -1.278618235e-12 4.718956255e+00
2.6321743532116560e+15 2.060000000e-02 2.061000000e-02 1.017695989e+06 4.066367000e+33 -4.500007588e-01 4.066418607e+33 -1.003874581e-03 4.035885454e-03 -6.559010300e-13 4.434516832e+00
2.6301743532116560e+15 2.130000000e-02 2.131000000e-02 1.018266112e+06 4.066092702e+33 -4.495428189e-01 4.066146775e+33 -1.028269313e-03 4.128366733e-03 -1.596005195e-12 4.434978212e+00
2.6281743532116560e+15 2.201000000e-02 2.202000000e-02 1.017082646e+06 4.065810049e+33 -4.503414336e-01 4.065867577e+33 -1.059049422e-03 4.264540798e-03 -1.139326644e-11 4.908547728e+00
2.6261743532116560e+15 2.273000000e-02 2.274000000e-02 1.019042032e+06 4.065509332e+33 -4.488842184e-01 4.065568377e+33 -1.075606653e-03 4.309224370e-03 -1.094495433e-12 4.530521765e+00
2.6241743532116560e+15 2.353000000e-02 2.354000000e-02 1.018669439e+06 4.065194798e+33 -4.490941649e-01 4.065256850e+33 -1.102101512e-03 4.419886491e-03 -1.325773755e-12 4.720037241e+00
