1.8538469794088500e+15 1.060000000e-05 1.070000000e-05 3.952929997e+33 1.924810750e+45 2.117765703e+00 -7.742385292e+02 1.723719666e+01 1.391192239e+01 8.996083999e+00 -6.408646370e+01
1.8238469794088500e+15 6.660000000e-05 6.670000000e-05 3.914102783e+33 1.894125055e+45 2.106589522e+00 6.477015477e+02 2.123869849e+01 1.844195171e+01 1.881436030e+01 7.838721071e+01
1.7938469794088500e+15 1.074000000e-04 1.075000000e-04 3.870055434e+33 1.859263606e+45 2.147598137e+00 -4.083713983e+03 2.678889010e+01 2.420732853e+01 3.272620266e+00 -3.647376193e+02
1.7638469794088500e+15 1.484000000e-04 1.485000000e-04 3.824190317e+33 1.823129227e+45 2.081486975e+00 6.474587663e+03 3.220885918e+01 3.122211169e+01 5.577709559e+01 6.212714359e+02
1.7338469794088500e+15 1.928000000e-04 1.929000000e-04 3.776364829e+33 1.785698981e+45 2.085909211e+00 5.001391809e+03 3.856796212e+01 3.821587045e+01 5.670940134e+01 4.820440891e+02
1.7038469794088500e+15 2.422000000e-04 2.423000000e-04 3.726487102e+33 1.746792888e+45 2.110131141e+00 1.922700468e+03 4.638337353e+01 4.603973635e+01 4.960609609e+01 2.156362556e+02
1.6738469794088500e+15 2.977000000e-04 2.978000000e-04 3.674537146e+33 1.706517801e+45 2.098874702e+00 2.279131187e+03 5.517356313e+01 5.581895093e+01 6.230531640e+01 2.450361977e+02
1.6438469794088500e+15 3.605000000e-04 3.606000000e-04 3.620328468e+33 1.665123403e+45 2.110792597e+00 -5.946044581e+02 6.678650431e+01 6.701533377e+01 6.006225491e+01 3.598132276e+00
1.6138469794088500e+15 4.315000000e-04 4.316000000e-04 3.563868943e+33 1.622222133e+45 2.134964218e+00 -1.459695379e+04 8.204832752e+01 8.027906889e+01 2.459707963e+01 -1.237966799e+03
1.5838469794088500e+15 5.199000000e-04 5.200000000e-04 3.499440365e+33 1.574366949e+45 2.061523933e+00 9.678156585e+03 1.047566814e+02 1.081450163e+02 1.430673734e+02 8.727143555e+02
1.5538469794088500e+15 6.230000000e-04 0.000000000e+00 3.431352284e+33 1.523449430e+45 2.102759341e+00 1.898076968e+02 1.586326527e+02 1.563940352e+02 1.466737953e+02 1.454189649e+02
1.5538469794088500e+15 6.230000000e-04 6.231000000e-04 3.431307088e+33 1.524083180e+45 2.076859080e+00 1.287429069e+04 1.579766708e+02 1.571152657e+02 1.912661968e+02 1.183225384e+03
1.5488469794088500e+15 6.415000000e-04 0.000000000e+00 3.419811700e+33 1.515904910e+45 2.107747652e+00 1.509665571e+02 1.734156690e+02 1.725256681e+02 1.618681517e+02 1.560355840e+02
1.5438469794088500e+15 6.605000000e-04 0.000000000e+00 3.408138369e+33 1.507029475e+45 2.102254177e+00 2.189940643e+02 1.966114251e+02 1.909471460e+02 1.786991707e+02 1.761995389e+02
1.5388469794088500e+15 6.799000000e-04 0.000000000e+00 3.396412891e+33 1.498261038e+45 2.097439830e+00 -7.442631990e+02 2.278417562e+02 2.147543218e+02 1.962233767e+02 1.167377705e+02
1.5338469794088500e+15 6.997000000e-04 0.000000000e+00 3.384645748e+33 1.490035531e+45 2.100146148e+00 3.328163248e+02 2.712724571e+02 2.583571198e+02 2.409675807e+02 2.402503993e+02
1.5288469794088500e+15 7.199000000e-04 0.000000000e+00 3.372851519e+33 1.482002910e+45 2.107024234e+00 2.819621959e+02 3.417592425e+02 3.309981631e+02 3.076129820e+02 2.952479689e+02
1.5238469794088500e+15 7.406000000e-04 7.407000000e-04 3.360894639e+33 1.473174861e+45 2.083517270e+00 3.201517885e+03 5.104536858e+02 4.789945198e+02 4.558831460e+02 6.158395060e+02
1.5238469794088500e+15 7.406000000e-04 0.000000000e+00 3.360932617e+33 1.473372707e+45 2.106716270e+00 -1.899741254e+02 5.039430332e+02 4.759766671e+02 4.379844942e+02 3.774590335e+02
1.5188469794088500e+15 7.618000000e-04 0.000000000e+00 3.348909201e+33 1.463801636e+45 2.106262743e+00 -4.601336409e+03 1.131249951e+03 1.023489275e+03 9.228121530e+02 4.715613613e+02
1.5138469794088500e+15 7.833000000e-04 0.000000000e+00 3.336961832e+33 1.456332473e+45 2.135808708e+00 -4.056792858e+03 -2.974188699e+03 -2.677545842e+03 -2.436764852e+03 -2.451698513e+03
1.5088469794088500e+15 8.054000000e-04 0.000000000e+00 3.324830425e+33 1.447122305e+45 2.102350421e+00 -6.775758505e+02 -5.108679161e+02 -4.399683986e+02 -4.002837082e+02 -4.057827449e+02
1.5038469794088500e+15 8.279000000e-04 0.000000000e+00 3.312701206e+33 1.438661891e+45 2.099555568e+00 3.149293187e+02 -2.511805613e+02 -2.078639876e+02 -1.836103268e+02 -1.403811414e+02
1.4988469794088500e+15 8.509000000e-04 0.000000000e+00 3.300486331e+33 1.429662112e+45 2.099854390e+00 -4.528833894e+02 -1.443935005e+02 -1.116468091e+02 -9.948405072e+01 -1.200119257e+02
1.4938469794088500e+15 8.743000000e-04 8.744000000e-04 3.288241374e+33 1.421436091e+45 2.102448809e+00 1.267387892e+02 -9.088952654e+01 -6.308392192e+01 -5.185518112e+01 -3.673069131e+01
1.4938469794088500e+15 8.743000000e-04 0.000000000e+00 3.288285465e+33 1.421637061e+45 2.107032604e+00 -1.029621264e+02 -9.399032335e+01 -6.577449699e+01 -5.458029582e+01 -5.393326101e+01
1.4888469794088500e+15 8.982000000e-04 0.000000000e+00 3.276018485e+33 1.413198791e+45 2.109995938e+00 -4.607064838e+01 -6.034857398e+01 -3.393234109e+01 -2.438220005e+01 -2.250010195e+01
1.4838469794088500e+15 9.226000000e-04 0.000000000e+00 3.263680308e+33 1.404582884e+45 2.110693901e+00 -1.350896472e+01 -3.411325767e+01 -9.613672707e+00 -1.893418734e+00 4.582457157e-01
