8.7071000000000000e+14 2.390000000e-03 2.400000000e-03 3.750810615e+33 2.638082662e+45 2.010761364e+00 -1.258420669e+05 1.213218719e+02 1.200098918e+02 2.015502480e+02 2.913572573e+02
8.7084959263392862e+14 1.515000000e-02 0.000000000e+00 3.745513210e+33 2.631787141e+45 2.013757748e+00 4.070808571e+05 1.246848202e+02 1.274211816e+02 2.917343462e+02 4.099516673e+02
8.7099270089285712e+14 2.122000000e-02 0.000000000e+00 3.740287120e+33 2.625596562e+45 2.010325362e+00 4.484296316e+05 1.223825373e+02 1.237029007e+02 2.170663427e+02 3.926170518e+02
8.7113580915178575e+14 2.578000000e-02 0.000000000e+00 3.735207482e+33 2.619584377e+45 2.014103695e+00 -6.338875569e+05 1.255521634e+02 1.071438992e+02 3.092305261e+01 6.602434962e+01
8.7127891741071425e+14 2.951000000e-02 0.000000000e+00 3.730319912e+33 2.613829187e+45 2.009929904e+00 -1.013317173e+06 1.229061421e+02 1.187454244e+02 2.061024263e+02 2.388514397e+02
8.7142202566964288e+14 3.272000000e-02 0.000000000e+00 3.725583191e+33 2.608237518e+45 2.014370224e+00 -9.575422483e+05 1.268549321e+02 1.007565459e+02 3.663142849e+01 -5.196313635e+00
8.7156513392857138e+14 3.555000000e-02 0.000000000e+00 3.720998539e+33 2.602840163e+45 2.015333957e+00 -9.195617624e+05 1.279902864e+02 9.904175579e+01 2.557680484e+01 -2.928571923e+01
8.7170824218750000e+14 3.809000000e-02 0.000000000e+00 3.716561477e+33 2.597636642e+45 2.009113352e+00 7.744652811e+06 1.247366323e+02 1.710368785e+02 2.231411023e+02 3.024456046e+02
8.7185135044642862e+14 4.040000000e-02 0.000000000e+00 3.712253845e+33 2.592596272e+45 2.010645794e+00 4.787977355e+06 1.268757386e+02 1.756359400e+02 1.774173179e+03 3.290516164e+04
8.7199445870535712e+14 4.252000000e-02 0.000000000e+00 3.708081556e+33 2.587711221e+45 2.010063978e+00 5.919363774e+06 1.268881962e+02 1.789016378e+02 4.016005367e+02 4.232665630e+02
8.7213756696428575e+14 4.448000000e-02 0.000000000e+00 3.704028815e+33 2.582986580e+45 2.014682072e+00 -1.581134132e+06 1.296021789e+02 8.961697306e+01 -6.263000193e+02 -1.198526494e+02
8.7228067522321425e+14 4.630000000e-02 0.000000000e+00 3.700108168e+33 2.578416027e+45 2.012183407e+00 4.078606496e+06 1.306571284e+02 1.922101391e+02 1.801787428e+03 2.651088488e+04
8.7242378348214288e+14 4.801000000e-02 0.000000000e+00 3.696277411e+33 2.573961773e+45 2.011909014e+00 -3.616823652e+06 1.283519871e+02 8.096799162e+01 6.018110212e+01 -1.865111574e+01
8.7256689174107138e+14 4.961000000e-02 0.000000000e+00 3.692568687e+33 2.569659501e+45 2.014358295e+00 -2.143134849e+06 1.306552916e+02 8.079858180e+01 -8.623509639e+02 -1.243386342e+02
8.7271000000000000e+14 5.111000000e-02 5.112000000e-02 3.688965093e+33 2.565493942e+45 2.012516354e+00 3.242827261e+06 1.321286058e+02 1.841606327e+02 1.497284614e+03 2.114699718e+04
8.7271000000000000e+14 5.111000000e-02 0.000000000e+00 3.688980218e+33 2.565505575e+45 2.015152290e+00 -1.789591050e+06 1.319359061e+02 8.491369113e+01 -7.384326194e+02 -1.094012588e+04
8.7471000000000000e+14 6.606000000e-02 6.607000000e-02 3.647524618e+33 2.518029502e+45 2.019751585e+00 8.972705697e+05 1.454287943e+02 1.676476453e+02 6.172227488e+02 5.000870604e+03
8.7671000000000000e+14 7.493000000e-02 7.494000000e-02 3.618438069e+33 2.485370290e+45 0.000000000e+00 0.000000000e+00 0.000000000e+00 0.000000000e+00 0.000000000e+00 0.000000000e+00
8.7871000000000000e+14 8.081000000e-02 8.082000000e-02 3.597837300e+33 2.462632262e+45 0.000000000e+00 0.000000000e+00 0.000000000e+00 0.000000000e+00 0.000000000e+00 0.000000000e+00
8.8071000000000000e+14 8.484000000e-02 8.485000000e-02 3.583676917e+33 2.447249888e+45 0.000000000e+00 0.000000000e+00 0.000000000e+00 0.000000000e+00 0.000000000e+00 0.000000000e+00
