8.1920000000000000e+14 7.860000000e-05 7.870000000e-05 1.035646565e+06 1.418801598e+33 -1.137402073e-01 1.418795097e+33 9.099320544e-04 -2.490647671e-05 -3.182726255e-13 6.669385593e+01
8.1820000000000000e+14 3.282000000e-04 3.283000000e-04 1.035278277e+06 1.411712738e+33 -1.131143509e-01 1.411586819e+33 3.773726615e-03 -1.472820815e-04 -4.991805891e-13 5.873504782e+01
8.1720000000000000e+14 4.592000000e-04 4.593000000e-04 1.037651144e+06 1.404642023e+33 -1.121589862e-01 1.404338822e+33 5.245403102e-03 -3.390650843e-04 -1.891172756e-12 5.774186963e+01
8.1620000000000000e+14 5.618000000e-04 5.619000000e-04 1.034857437e+06 1.397593191e+33 -1.118314069e-01 1.397148410e+33 6.377619828e-03 -4.075602649e-04 -5.849356590e-13 5.674508102e+01
8.1520000000000000e+14 6.495000000e-04 6.496000000e-04 1.036432472e+06 1.390566731e+33 -1.109813162e-01 1.389885014e+33 7.324745744e-03 -6.231045948e-04 -4.110347558e-13 5.873598015e+01
8.1420000000000000e+14 7.278000000e-04 7.279000000e-04 1.034030916e+06 1.383563070e+33 -1.106086538e-01 1.382711385e+33 8.156796248e-03 -7.054315588e-04 -7.983641522e-13 5.773938057e+01
8.1320000000000000e+14 7.994000000e-04 7.995000000e-04 1.036308076e+06 1.376580091e+33 -1.096812022e-01 1.375404236e+33 8.899273379e-03 -9.891544182e-04 -1.481961257e-12 5.774095135e+01
8.1220000000000000e+14 8.661000000e-04 8.662000000e-04 1.030872148e+06 1.369615447e+33 -1.096724062e-01 1.368361991e+33 9.584653935e-03 -9.318358623e-04 -5.551331977e-13 5.574736889e+01
8.1120000000000000e+14 9.288000000e-04 9.289000000e-04 1.031787939e+06 1.362674140e+33 -1.089102656e-01 1.361097217e+33 1.021096765e-02 -1.177098330e-03 -7.094306505e-13 5.674286752e+01
8.1020000000000000e+14 9.884000000e-04 9.885000000e-04 1.031952105e+06 1.355753221e+33 -1.082411807e-01 1.353858569e+33 1.079511724e-02 -1.396366724e-03 -8.059539321e-13 5.475334448e+01
8.0920000000000000e+14 1.045400000e-03 1.045500000e-03 1.028453918e+06 1.348852142e+33 -1.080028524e-01 1.346804326e+33 1.134819759e-02 -1.423832258e-03 -5.743782707e-13 5.475078525e+01
8.0820000000000000e+14 1.100200000e-03 1.100300000e-03 1.027124047e+06 1.341975283e+33 -1.075115576e-01 1.339661503e+33 1.186716366e-02 -1.569982386e-03 -8.740227802e-13 5.574466770e+01
8.0720000000000000e+14 1.153100000e-03 1.153200000e-03 1.034948358e+06 1.335116900e+33 -1.059676849e-01 1.331999184e+33 1.234027730e-02 -2.250759368e-03 -7.990726432e-13 5.674511209e+01
8.0620000000000000e+14 1.204300000e-03 1.204400000e-03 1.025848128e+06 1.328287126e+33 -1.063806390e-01 1.325343603e+33 1.282079679e-02 -1.942721743e-03 -1.032736597e-12 5.474886913e+01
8.0520000000000000e+14 1.254200000e-03 1.254300000e-03 1.023699569e+06 1.321473070e+33 -1.059824905e-01 1.318266851e+33 1.326997164e-02 -2.063142419e-03 -8.933537772e-13 5.375246922e+01
8.0420000000000000e+14 1.302700000e-03 1.302800000e-03 1.028058930e+06 1.314683265e+33 -1.048494412e-01 1.310777308e+33 1.368108594e-02 -2.586468457e-03 -1.955453618e-12 5.574525646e+01
8.0320000000000000e+14 1.350100000e-03 1.350200000e-03 1.027551958e+06 1.307918839e+33 -1.042749406e-01 1.303617095e+33 1.408566813e-02 -2.814134878e-03 -1.505664909e-12 5.276038845e+01
8.0220000000000000e+14 1.396500000e-03 1.396600000e-03 1.026967236e+06 1.301176014e+33 -1.037182190e-01 1.296495620e+33 1.447222564e-02 -3.024784949e-03 -1.368747505e-13 5.375492009e+01
8.0120000000000000e+14 1.442100000e-03 1.442200000e-03 1.025147852e+06 1.294447855e+33 -1.032905971e-01 1.289432286e+33 1.485109985e-02 -3.184501511e-03 -1.062077781e-12 5.275865526e+01
8.0020000000000000e+14 1.486800000e-03 1.486900000e-03 1.031801351e+06 1.287746874e+33 -1.019342270e-01 1.281774238e+33 1.518362210e-02 -3.882885206e-03 -3.493113844e-13 5.276350650e+01
7.9920000000000000e+14 1.530700000e-03 1.530800000e-03 1.021148216e+06 1.281072392e+33 -1.024916728e-01 1.275449694e+33 1.556460717e-02 -3.451570640e-03 -1.380313892e-12 5.574035240e+01
7.9820000000000000e+14 1.574000000e-03 1.574100000e-03 1.017345725e+06 1.274415715e+33 -1.022937341e-01 1.268642591e+33 1.590999974e-02 -3.456962610e-03 -5.384996504e-12 5.275279135e+01
7.9720000000000000e+14 1.616600000e-03 1.616700000e-03 1.021798621e+06 1.267788690e+33 -1.011823072e-01 1.261132143e+33 1.621346712e-02 -4.058301557e-03 -1.248291907e-12 5.275613713e+01
7.9620000000000000e+14 1.658700000e-03 1.658800000e-03 1.022295359e+06 1.261177903e+33 -1.005159635e-01 1.253981448e+33 1.651944162e-02 -4.373997147e-03 -9.468800441e-13 5.275649857e+01
7.9520000000000000e+14 1.700200000e-03 1.700300000e-03 1.026036531e+06 1.254595222e+33 -9.950648066e-02 1.246586517e+33 1.679805514e-02 -4.908434797e-03 -6.043766335e-13 5.474906582e+01
7.9420000000000000e+14 1.741300000e-03 1.741400000e-03 1.012502824e+06 1.248029589e+33 -1.003632410e-01 1.240712582e+33 1.714763172e-02 -4.233886282e-03 -3.220736030e-12 5.175434015e+01
7.9320000000000000e+14 1.781900000e-03 1.782000000e-03 1.024138788e+06 1.241489583e+33 -9.850302056e-02 1.232594336e+33 1.737081226e-02 -5.360223007e-03 -1.872686411e-12 5.176297876e+01
7.9220000000000000e+14 1.822100000e-03 1.822200000e-03 1.023137196e+06 1.234971959e+33 -9.801034074e-02 1.225633951e+33 1.764384360e-02 -5.583452355e-03 -2.125937029e-12 5.176224133e+01
7.9120000000000000e+14 1.861900000e-03 1.862000000e-03 1.013797316e+06 1.228478775e+33 -9.840147991e-02 1.219442673e+33 1.795420556e-02 -5.220837839e-03 -1.864244841e-13 5.076030584e+01
7.9020000000000000e+14 1.901300000e-03 1.901400000e-03 1.021827854e+06 1.222012835e+33 -9.696013650e-02 1.211727374e+33 1.816009773e-02 -6.076622757e-03 -1.172801340e-12 5.375101188e+01
7.8920000000000000e+14 1.940300000e-03 1.940400000e-03 1.020697733e+06 1.215572883e+33 -9.648775964e-02 1.204848590e+33 1.840861727e-02 -6.293707462e-03 -2.110068308e-12 5.176039758e+01
7.8820000000000000e+14 1.979100000e-03 1.979200000e-03 1.021678617e+06 1.209149657e+33 -9.580092928e-02 1.197813406e+33 1.863670594e-02 -6.648654888e-03 -1.524626795e-12 5.076625896e+01
7.8720000000000000e+14 2.017600000e-03 2.017700000e-03 1.015317843e+06 1.202752575e+33 -9.586909641e-02 1.191418159e+33 1.890658049e-02 -6.516546066e-03 -2.654339396e-12 5.673098730e+01
7.8620000000000000e+14 2.055700000e-03 2.055800000e-03 1.018321063e+06 1.196386839e+33 -9.497847417e-02 1.184251533e+33 1.910615819e-02 -7.016466260e-03 -1.661062023e-12 5.076373593e+01
7.8520000000000000e+14 2.093600000e-03 2.093700000e-03 1.014971187e+06 1.190038706e+33 -9.473961281e-02 1.177651347e+33 1.934298543e-02 -7.086010296e-03 -8.617602131e-13 5.175613780e+01
7.8420000000000000e+14 2.131300000e-03 2.131400000e-03 1.011300799e+06 1.183709117e+33 -9.454397987e-02 1.171168103e+33 1.957382838e-02 -7.095961397e-03 -8.064744214e-12 5.075866240e+01
7.8320000000000000e+14 2.168700000e-03 2.168800000e-03 1.010930074e+06 1.177411972e+33 -9.399434036e-02 1.164296879e+33 1.978057311e-02 -7.403036205e-03 -6.734191038e-13 4.976325759e+01
7.8220000000000000e+14 2.205900000e-03 2.206000000e-03 1.013494455e+06 1.171136536e+33 -9.316379500e-02 1.157260523e+33 1.995528174e-02 -7.872334326e-03 -1.263562458e-12 5.175500790e+01
7.8120000000000000e+14 2.242800000e-03 2.242900000e-03 1.012797130e+06 1.164899439e+33 -9.266612725e-02 1.150553790e+33 2.014767114e-02 -8.116762498e-03 -1.773487804e-12 5.274955372e+01
7.8020000000000000e+14 2.279600000e-03 2.279700000e-03 1.009421083e+06 1.158673005e+33 -9.243332382e-02 1.144072530e+33 2.035765234e-02 -8.190040684e-03 -4.043413134e-12 5.075706255e+01
7.7920000000000000e+14 2.316200000e-03 2.316300000e-03 1.005423594e+06 1.152469963e+33 -9.226866701e-02 1.137713808e+33 2.056620273e-02 -8.197976458e-03 -2.163857839e-12 5.075394223e+01
7.7820000000000000e+14 2.352600000e-03 2.352700000e-03 1.012100988e+06 1.146298451e+33 -9.104677174e-02 1.130429677e+33 2.068070056e-02 -8.945853888e-03 -1.082256566e-12 5.075902301e+01
7.7720000000000000e+14 2.388800000e-03 2.388900000e-03 1.014045274e+06 1.140156575e+33 -9.030379103e-02 1.123626942e+33 2.082653903e-02 -9.352761556e-03 -1.879242254e-12 4.877067441e+01
7.7620000000000000e+14 2.424800000e-03 2.424900000e-03 1.011014726e+06 1.134041064e+33 -9.004351755e-02 1.117229457e+33 2.101267417e-02 -9.451620877e-03 -1.111270605e-12 5.175324023e+01
7.7520000000000000e+14 2.460700000e-03 2.460800000e-03 1.012118875e+06 1.127949316e+33 -8.938914533e-02 1.110556317e+33 2.115502037e-02 -9.800761547e-03 -2.059206855e-12 5.274893934e+01
7.7420000000000000e+14 2.496500000e-03 2.496600000e-03 1.006392861e+06 1.121870824e+33 -8.938740306e-02 1.104399070e+33 2.135929429e-02 -9.734551138e-03 -6.683597543e-13 5.075487877e+01
7.7320000000000000e+14 2.532000000e-03 2.532100000e-03 1.013085057e+06 1.115841537e+33 -8.821208239e-02 1.097412412e+33 2.143405684e-02 -1.040977550e-02 -1.897977993e-12 5.075980925e+01
7.7220000000000000e+14 2.567500000e-03 2.567600000e-03 1.011136857e+06 1.109821668e+33 -8.785801783e-02 1.091059602e+33 2.159094195e-02 -1.056451677e-02 -2.668620769e-13 4.876841161e+01
7.7120000000000000e+14 2.602800000e-03 2.602900000e-03 1.012823953e+06 1.103836839e+33 -8.716620155e-02 1.084500480e+33 2.170478684e-02 -1.093009124e-02 -5.696358213e-13 4.976470279e+01
7.7020000000000000e+14 2.638000000e-03 2.638100000e-03 1.009840981e+06 1.097872305e+33 -8.690849619e-02 1.078254469e+33 2.186467884e-02 -1.103732453e-02 -8.703870799e-13 4.976237121e+01
7.6920000000000000e+14 2.673000000e-03 2.673100000e-03 1.002430002e+06 1.091950897e+33 -8.706152720e-02 1.072335978e+33 2.206944619e-02 -1.089387586e-02 -3.851568357e-13 4.876186132e+01
7.6820000000000000e+14 2.708000000e-03 2.708100000e-03 1.007282374e+06 1.086036567e+33 -8.608485740e-02 1.065661304e+33 2.213477447e-02 -1.143593911e-02 -1.352967858e-12 5.075545460e+01
7.6720000000000000e+14 2.742800000e-03 2.742900000e-03 1.006578866e+06 1.080161370e+33 -8.562499259e-02 1.059389827e+33 2.225649203e-02 -1.166033682e-02 -1.159318725e-12 5.075496370e+01
7.6620000000000000e+14 2.777400000e-03 2.777500000e-03 1.006102172e+06 1.074327006e+33 -8.514955517e-02 1.053164296e+33 2.237040234e-02 -1.188911099e-02 -1.404717078e-12 4.876466983e+01
7.6520000000000000e+14 2.812000000e-03 2.812100000e-03 1.006439406e+06 1.068503991e+33 -8.460232764e-02 1.046911100e+33 2.247094653e-02 -1.215979884e-02 -9.705282802e-13 4.876485338e+01
7.6420000000000000e+14 2.846400000e-03 2.846500000e-03 1.006826170e+06 1.062723915e+33 -8.405422919e-02 1.040704359e+33 2.256607546e-02 -1.243209060e-02 -7.956212826e-13 4.976020323e+01
7.6320000000000000e+14 2.880800000e-03 2.880900000e-03 1.006397795e+06 1.056957292e+33 -8.358135743e-02 1.034562398e+33 2.266737466e-02 -1.266029871e-02 -1.088913358e-12 4.677492357e+01
7.6220000000000000e+14 2.915000000e-03 2.915100000e-03 1.007246648e+06 1.051234921e+33 -8.300191673e-02 1.028429746e+33 2.274734849e-02 -1.293967674e-02 -1.380269610e-12 4.777054882e+01
7.6120000000000000e+14 2.949100000e-03 2.949200000e-03 1.003270193e+06 1.045539756e+33 -8.284605937e-02 1.022528584e+33 2.288586355e-02 -1.299676773e-02 -7.143960302e-13 5.174744806e+01
7.6020000000000000e+14 2.983200000e-03 2.983300000e-03 1.002539007e+06 1.039859015e+33 -8.240788238e-02 1.016512725e+33 2.297916641e-02 -1.320256622e-02 -1.432989581e-12 5.174698364e+01
7.5920000000000000e+14 3.017000000e-03 3.017100000e-03 1.006205152e+06 1.034240657e+33 -8.159816828e-02 1.010425832e+33 2.300808884e-02 -1.358870793e-02 -1.346009915e-12 4.975960537e+01
7.5820000000000000e+14 3.050800000e-03 3.050900000e-03 1.006444344e+06 1.028636656e+33 -8.108608418e-02 1.004484837e+33 2.307907808e-02 -1.382440162e-02 -1.596546523e-12 4.776989894e+01
7.5720000000000000e+14 3.084700000e-03 3.084800000e-03 1.001483837e+06 1.023029638e+33 -8.101535615e-02 9.987058208e+32 2.321867079e-02 -1.384602930e-02 -3.950939183e-13 4.876113291e+01
7.5620000000000000e+14 3.118800000e-03 3.118900000e-03 1.005806406e+06 1.017409165e+33 -8.015833765e-02 9.926549447e+32 2.322536869e-02 -1.423844656e-02 -1.482883869e-12 5.373935318e+01
7.5520000000000000e+14 3.152800000e-03 3.152900000e-03 1.007306452e+06 1.011815157e+33 -7.954598508e-02 9.867371599e+32 2.326636802e-02 -1.450725189e-02 -1.399349450e-12 4.777058722e+01
7.5420000000000000e+14 3.186700000e-03 3.186800000e-03 1.008136180e+06 1.006256241e+33 -7.899704608e-02 9.809013830e+32 2.331206701e-02 -1.473663564e-02 -6.076963527e-13 4.478629887e+01
7.5320000000000000e+14 3.220400000e-03 3.220500000e-03 1.010910137e+06 1.000749323e+33 -7.829427449e-02 9.751026980e+32 2.332432024e-02 -1.502580180e-02 -1.161511544e-12 4.677832232e+01
7.5220000000000000e+14 3.254100000e-03 3.254200000e-03 1.006367332e+06 9.952595027e+32 -7.818937134e-02 9.694282600e+32 2.344246399e-02 -1.507541894e-02 -1.819331851e-12 4.677480323e+01
7.5120000000000000e+14 3.287600000e-03 3.287700000e-03 1.004992081e+06 9.898192851e+32 -7.782812685e-02 9.637601646e+32 2.350971375e-02 -1.523055491e-02 -1.294582352e-12 5.274376133e+01
7.5020000000000000e+14 3.320900000e-03 3.321000000e-03 1.007182885e+06 9.844316240e+32 -7.718915349e-02 9.581476632e+32 2.351737755e-02 -1.547660126e-02 -7.485669190e-13 4.478555276e+01
7.4920000000000000e+14 3.354100000e-03 3.354200000e-03 1.001997562e+06 9.790782302e+32 -7.714260673e-02 9.526300106e+32 2.363554379e-02 -1.550315011e-02 -4.790076686e-13 4.378654275e+01
7.4820000000000000e+14 3.387100000e-03 3.387200000e-03 1.006256896e+06 9.737775410e+32 -7.634484973e-02 9.471041646e+32 2.360283979e-02 -1.580915083e-02 -1.371962128e-12 4.577987231e+01
7.4720000000000000e+14 3.420000000e-03 3.420100000e-03 1.005465771e+06 9.685075514e+32 -7.595500038e-02 9.416621450e+32 2.364444835e-02 -1.595832135e-02 -1.528657993e-12 4.577922708e+01
7.4620000000000000e+14 3.452700000e-03 3.452800000e-03 1.000255860e+06 9.632937595e+32 -7.591742500e-02 9.362965112e+32 2.375280363e-02 -1.598260590e-02 -5.008906933e-13 4.478017010e+01
7.4520000000000000e+14 3.485200000e-03 3.485300000e-03 1.004119178e+06 9.581294872e+32 -7.517126843e-02 9.309793451e+32 2.371130851e-02 -1.624788936e-02 -7.474898903e-13 4.478317304e+01
7.4420000000000000e+14 3.517400000e-03 3.517500000e-03 1.005183410e+06 9.530355830e+32 -7.465366936e-02 9.257635709e+32 2.370948815e-02 -1.642480306e-02 -1.172718894e-12 4.378907292e+01
7.4320000000000000e+14 3.549300000e-03 3.549400000e-03 9.985235282e+05 9.480094554e+32 -7.474460317e-02 9.206259475e+32 2.382880117e-02 -1.639241751e-02 -2.123459181e-12 4.975350409e+01
