1.1011015356798400e+15 2.951400000e-03 1.278265052e+06 3.977799053e+33 4.556776700e+33 2.621699999e+45 4.872359167e-01 2.502685623e+00
1.0811015356798400e+15 3.438400000e-03 1.277640219e+06 3.895961231e+33 4.445150826e+33 2.532711513e+45 4.606125303e-01 2.449063362e+00
1.0611015356798400e+15 3.950200000e-03 1.272907482e+06 3.812036443e+33 4.331649569e+33 2.443083334e+45 4.346650878e-01 2.395887799e+00
1.0411015356798400e+15 4.488900000e-03 1.267432797e+06 3.726565841e+33 4.217055205e+33 2.353556749e+45 4.095662898e-01 2.343416736e+00
1.0211015356798400e+15 5.057900000e-03 1.265395120e+06 3.639805053e+33 4.101724565e+33 2.264544423e+45 3.853764566e-01 2.291681888e+00
1.0011015356798400e+15 5.659200000e-03 1.264144317e+06 3.552450271e+33 3.986612517e+33 2.177047380e+45 3.622548301e-01 2.240764945e+00
9.8110153567984000e+14 6.289200000e-03 1.261124429e+06 3.466614528e+33 3.874467849e+33 2.093689192e+45 3.406674699e-01 2.191131547e+00
1.1211015356798400e+15 2.481700000e-03 1.280860231e+06 4.057749198e+33 4.666747482e+33 2.710153283e+45 5.145835682e-01 2.556890073e+00
1.1411015356798400e+15 2.021100000e-03 1.286948568e+06 4.135669366e+33 4.774820201e+33 2.797781486e+45 5.425912598e-01 2.611614069e+00
1.1611015356798400e+15 1.555200000e-03 1.285735432e+06 4.211336200e+33 4.880636337e+33 2.884225561e+45 5.711492942e-01 2.666677035e+00
1.1811015356798400e+15 1.043400000e-03 1.291470841e+06 4.285036398e+33 4.984532164e+33 2.969698356e+45 6.003349292e-01 2.722270468e+00
1.2011015356798400e+15 2.135000000e-04 1.293377741e+06 4.356415973e+33 5.085961364e+33 3.053690878e+45 6.299716932e-01 2.778087763e+00
