2.0953000000000000e+15 1.582000000e-02 1.049046564e+06 4.330039557e+33 5.305941327e+33 2.317540039e+45 7.589949249e-01 4.410233906e+00
2.0972027004910415e+15 6.683000000e-02 1.050295026e+06 4.311074694e+33 5.275005423e+33 2.299077011e+45 7.496298567e-01 4.390796957e+00
2.0982027004910415e+15 7.905000000e-02 1.048565246e+06 4.303115374e+33 5.262063962e+33 2.291419567e+45 7.457803418e-01 4.382847018e+00
2.0992027004910415e+15 8.844000000e-02 1.049472581e+06 4.296136835e+33 5.250727588e+33 2.284754681e+45 7.424501822e-01 4.376004301e+00
2.1002027004910415e+15 9.603000000e-02 1.048685740e+06 4.289944495e+33 5.240664370e+33 2.278870573e+45 7.395309351e-01 4.370052787e+00
2.1012027004910415e+15 1.023800000e-01 1.049837722e+06 4.284425941e+33 5.231726629e+33 2.273667488e+45 7.369660178e-01 4.364861910e+00
2.1022027004910415e+15 1.078100000e-01 1.050500935e+06 4.279449665e+33 5.223659595e+33 2.268996874e+45 7.346811958e-01 4.360286482e+00
2.1032027004910415e+15 1.125300000e-01 1.050221222e+06 4.274966269e+33 5.216417408e+33 2.264821833e+45 7.326536423e-01 4.356268780e+00
2.1042027004910415e+15 1.166800000e-01 1.050373459e+06 4.270881404e+33 5.209798302e+33 2.261028759e+45 7.308284741e-01 4.352706372e+00
2.1052027004910415e+15 1.203600000e-01 1.047580664e+06 4.267184095e+33 5.203822544e+33 2.257620918e+45 7.292037997e-01 4.349585781e+00
2.1062027004910415e+15 1.236600000e-01 1.049440505e+06 4.263798606e+33 5.198366739e+33 2.254514365e+45 7.277377307e-01 4.346822267e+00
2.1072027004910415e+15 1.266300000e-01 1.050368536e+06 4.260711076e+33 5.193390398e+33 2.251696502e+45 7.264235137e-01 4.344402332e+00
2.1082027004910415e+15 1.293100000e-01 1.050298941e+06 4.257885057e+33 5.188819069e+33 2.249125702e+45 7.252403493e-01 4.342284033e+00
2.1092027004910415e+15 1.317500000e-01 1.049822483e+06 4.255304935e+33 5.184662239e+33 2.246795536e+45 7.241829743e-01 4.340449979e+00
2.1102027004910415e+15 1.339700000e-01 1.050366453e+06 4.252940136e+33 5.180855873e+33 2.244669908e+45 7.232332460e-01 4.338862576e+00
2.1112027004910415e+15 1.360000000e-01 1.049383332e+06 4.250778053e+33 5.177369556e+33 2.242732334e+45 7.223850392e-01 4.337518062e+00
2.1122027004910415e+15 1.378500000e-01 1.050202454e+06 4.248808744e+33 5.174200870e+33 2.240980999e+45 7.216334318e-01 4.336391341e+00
2.1132027004910415e+15 1.395500000e-01 1.050529472e+06 4.247017636e+33 5.171336718e+33 2.239395855e+45 7.209715597e-01 4.335480739e+00
2.1142027004910415e+15 1.411000000e-01 1.048322718e+06 4.245367873e+33 5.168665863e+33 2.237930830e+45 7.203763613e-01 4.334737390e+00
2.1152027004910415e+15 1.425200000e-01 1.050311713e+06 4.243885004e+33 5.166271548e+33 2.236626376e+45 7.198657426e-01 4.334191162e+00
2.1162027004910415e+15 1.438200000e-01 1.050632986e+06 4.242554990e+33 5.164136390e+33 2.235464497e+45 7.194315081e-01 4.333828039e+00
2.1172027004910415e+15 1.450000000e-01 1.050646259e+06 4.241374888e+33 5.162240801e+33 2.234437745e+45 7.190714317e-01 4.333649402e+00
2.1182027004910415e+15 1.460500000e-01 1.051221359e+06 4.240348767e+33 5.160593131e+33 2.233550392e+45 7.187863055e-01 4.333652031e+00
2.1192027004910415e+15 1.469900000e-01 1.050680302e+06 4.239462900e+33 5.159167044e+33 2.232784152e+45 7.185693306e-01 4.333830622e+00
