9.7831563968421000e+14 4.287600000e-03 1.207292614e+06 3.661305463e+33 4.191112196e+33 2.215409655e+45 3.777610432e-01 2.296218030e+00
9.5831563968421000e+14 5.047800000e-03 1.199566647e+06 3.538586104e+33 4.026530482e+33 2.089479397e+45 3.459322292e-01 2.229476659e+00
9.3831563968421000e+14 5.842400000e-03 1.190149057e+06 3.414404765e+33 3.861981633e+33 1.965858676e+45 3.160061662e-01 2.164677790e+00
9.1831563968421000e+14 6.692200000e-03 1.183021893e+06 3.286704753e+33 3.694813153e+33 1.842790210e+45 2.874445617e-01 2.100526659e+00
8.9831563968421000e+14 7.603400000e-03 1.180000006e+06 3.156515160e+33 3.526490338e+33 1.721786558e+45 2.604513835e-01 2.037029664e+00
9.9831563968421000e+14 3.555800000e-03 1.213917316e+06 3.782134034e+33 4.355132010e+33 2.343067201e+45 4.114705862e-01 2.364852446e+00
1.0183156396842100e+15 2.840500000e-03 1.221127928e+06 3.900755137e+33 4.518096149e+33 2.471965438e+45 4.470462186e-01 2.435342395e+00
1.0383156396842100e+15 2.160000000e-03 1.229109891e+06 4.010070889e+33 4.670034036e+33 2.593918055e+45 4.821944372e-01 2.503317536e+00
1.0583156396842100e+15 1.423000000e-03 1.235019977e+06 4.115901020e+33 4.818773305e+33 2.714871499e+45 5.185671231e-01 2.572205715e+00
1.0783156396842100e+15 1.700000000e-05 1.240399886e+06 4.218936240e+33 4.965171635e+33 2.835386480e+45 5.563746267e-01 2.642439481e+00
