2.1103500000000000e+15 9.360000000e-03 9.944195314e+05 4.103720334e+33 5.021099157e+33 2.003334340e+45 6.169740388e-01 4.147280906e+00
2.1110000000000000e+15 4.193000000e-02 9.945938189e+05 4.095197653e+33 5.007353657e+33 1.995419286e+45 6.133512957e-01 4.139282997e+00
2.1123167495517850e+15 6.788000000e-02 9.943024107e+05 4.080699305e+33 4.984003286e+33 1.982058589e+45 6.072745120e-01 4.125898725e+00
2.1133167495517850e+15 8.013000000e-02 9.929273076e+05 4.071490402e+33 4.969196086e+33 1.973633240e+45 6.034721223e-01 4.117567802e+00
2.1143167495517850e+15 8.950000000e-02 9.941677584e+05 4.063451305e+33 4.956313405e+33 1.966323406e+45 6.001945431e-01 4.110428438e+00
2.1153167495517850e+15 9.707000000e-02 9.932939780e+05 4.056327694e+33 4.944881528e+33 1.959877612e+45 5.973235236e-01 4.104220301e+00
2.1163167495517850e+15 1.033900000e-01 9.936539133e+05 4.049982601e+33 4.934720223e+33 1.954172717e+45 5.947986408e-01 4.098802757e+00
2.1173167495517850e+15 1.087700000e-01 9.939604707e+05 4.044288854e+33 4.925623152e+33 1.949074462e+45 5.925586680e-01 4.094047923e+00
2.1183167495517850e+15 1.134500000e-01 9.935845525e+05 4.039127695e+33 4.917402553e+33 1.944471164e+45 5.905511928e-01 4.089837397e+00
2.1193167495517850e+15 1.175600000e-01 9.926284388e+05 4.034450142e+33 4.909910003e+33 1.940318363e+45 5.887544038e-01 4.086120526e+00
2.1203167495517850e+15 1.212000000e-01 9.928040203e+05 4.030214532e+33 4.903176680e+33 1.936577750e+45 5.871499414e-01 4.082856178e+00
2.1213167495517850e+15 1.244600000e-01 9.936167487e+05 4.026331288e+33 4.896972634e+33 1.933161735e+45 5.856965582e-01 4.079946607e+00
2.1223167495517850e+15 1.273900000e-01 9.933145003e+05 4.022783607e+33 4.891331771e+33 1.930045406e+45 5.843860955e-01 4.077390864e+00
2.1233167495517850e+15 1.300400000e-01 9.932149330e+05 4.019548429e+33 4.886199901e+33 1.927225159e+45 5.832107697e-01 4.075145096e+00
2.1243167495517850e+15 1.324400000e-01 9.923848513e+05 4.016579406e+33 4.881465962e+33 1.924638252e+45 5.821470715e-01 4.073179990e+00
2.1253167495517850e+15 1.346300000e-01 9.934204405e+05 4.013839423e+33 4.877096060e+33 1.922255468e+45 5.811793062e-01 4.071449336e+00
2.1263167495517850e+15 1.366300000e-01 9.933458077e+05 4.011371758e+33 4.873182193e+33 1.920127366e+45 5.803302912e-01 4.070007414e+00
2.1273167495517850e+15 1.384600000e-01 9.929277701e+05 4.009078858e+33 4.869535309e+33 1.918147583e+45 5.795514441e-01 4.068740305e+00
2.1283167495517850e+15 1.401300000e-01 9.934060070e+05 4.007015349e+33 4.866247265e+33 1.916379650e+45 5.788709233e-01 4.067711870e+00
2.1293167495517850e+15 1.416500000e-01 9.925860805e+05 4.005137281e+33 4.863279064e+33 1.914771538e+45 5.782667509e-01 4.066879048e+00
2.1303167495517850e+15 1.430500000e-01 9.934299892e+05 4.003425497e+33 4.860551485e+33 1.913309709e+45 5.777321216e-01 4.066223418e+00
2.1313167495517850e+15 1.443200000e-01 9.931221720e+05 4.001891235e+33 4.858136993e+33 1.912000693e+45 5.772705811e-01 4.065756621e+00
2.1323167495517850e+15 1.454700000e-01 9.931050356e+05 4.000543138e+33 4.855979071e+33 1.910862891e+45 5.768882864e-01 4.065483399e+00
2.1333167495517850e+15 1.465100000e-01 9.937638258e+05 3.999357545e+33 4.854117406e+33 1.909862653e+45 5.765727519e-01 4.065387764e+00
