9.8574786602456475e+14 1.000000000e-03 1.010000000e-03 1.145061663e+06 2.792526647e+33 -2.248657801e-01 2.792527821e+33 2.720178912e-04 -4.052752533e-04 -2.036600152e-12 6.378430890e+01
9.8774786602456475e+14 4.882000000e-02 4.883000000e-02 1.140549559e+06 2.723476768e+33 -2.190805537e-01 2.726003422e+33 1.274859559e-02 -1.884461238e-02 -8.881963254e-13 6.079839531e+01
9.8974786602456475e+14 6.229000000e-02 6.230000000e-02 1.141156907e+06 2.679845671e+33 -2.146070877e-01 2.683605476e+33 1.574207949e-02 -2.301538594e-02 -8.567271377e-13 5.085586768e+01
9.9174786602456475e+14 7.004000000e-02 7.005000000e-02 1.136877715e+06 2.650344701e+33 -2.126935297e-01 2.654903688e+33 1.736293632e-02 -2.539762399e-02 -1.050957810e-12 4.985834235e+01
9.9374786602456475e+14 7.504000000e-02 7.505000000e-02 1.137298460e+06 2.630205873e+33 -2.106059605e-01 2.635157195e+33 1.820346608e-02 -2.648563292e-02 -8.828890829e-13 4.687570229e+01
9.9574786602456475e+14 7.833000000e-02 7.834000000e-02 1.133997325e+06 2.617202110e+33 -2.100874249e-01 2.622477599e+33 1.876456548e-02 -2.737400889e-02 -3.273436039e-12 4.488444143e+01
2.2264313026497515e+15 4.530000000e-03 4.540000000e-03 1.038669124e+06 4.361196922e+33 -4.885562472e-01 4.361202560e+33 -3.667636674e-04 1.200062979e-03 -2.112448251e-12 3.983612858e+01
2.2244313026497515e+15 7.860000000e-03 7.870000000e-03 1.039060360e+06 4.360425431e+33 -4.880986791e-01 4.360442194e+33 -6.327606709e-04 2.066937926e-03 -1.926967919e-12 3.585722705e+01
2.2224313026497515e+15 1.016000000e-02 1.017000000e-02 1.038813932e+06 4.359651522e+33 -4.881486288e-01 4.359679357e+33 -8.150973237e-04 2.664078824e-03 -2.092587551e-12 4.282065634e+01
2.2204313026497515e+15 1.203000000e-02 1.204000000e-02 1.038922170e+06 4.358868319e+33 -4.879146681e-01 4.358906958e+33 -9.606097262e-04 3.137459466e-03 -8.655215807e-13 3.685190400e+01
2.2184313026497515e+15 1.365000000e-02 1.366000000e-02 1.039373027e+06 4.358079545e+33 -4.874071240e-01 4.358128621e+33 -1.083528258e-03 3.532017525e-03 -9.975971260e-13 3.386787621e+01
2.2164313026497515e+15 1.511000000e-02 1.512000000e-02 1.039661269e+06 4.357274621e+33 -4.870269706e-01 4.357334012e+33 -1.192645329e-03 3.882633693e-03 -1.501108927e-12 3.287332587e+01
2.2144313026497515e+15 1.644000000e-02 1.645000000e-02 1.040449911e+06 4.356470259e+33 -4.862508377e-01 4.356539338e+33 -1.288064711e-03 4.179983290e-03 -2.037544639e-12 3.287397881e+01
2.2124313026497515e+15 1.769000000e-02 1.770000000e-02 1.041042237e+06 4.355648500e+33 -4.856289300e-01 4.355727182e+33 -1.376092562e-03 4.455334915e-03 -9.827466304e-13 3.287447074e+01
2.2104313026497515e+15 1.886000000e-02 1.887000000e-02 1.040798592e+06 4.354825401e+33 -4.856668561e-01 4.354914056e+33 -1.460327657e-03 4.730431312e-03 -7.334434440e-13 3.187946590e+01
2.2084313026497515e+15 1.997000000e-02 1.998000000e-02 1.041549749e+06 4.353991571e+33 -4.849184815e-01 4.354089099e+33 -1.533759222e-03 4.953179409e-03 -1.298977442e-12 3.188011011e+01
2.2064313026497515e+15 2.104000000e-02 2.105000000e-02 1.041471427e+06 4.353144123e+33 -4.848212451e-01 4.353251108e+33 -1.606400916e-03 5.187430552e-03 -1.656326559e-12 3.188004220e+01
2.2044313026497515e+15 2.208000000e-02 2.209000000e-02 1.042005845e+06 4.352277888e+33 -4.842395249e-01 4.352393516e+33 -1.671595583e-03 5.386583836e-03 -1.654193684e-12 3.387006395e+01
2.2024313026497515e+15 2.309000000e-02 2.310000000e-02 1.042031268e+06 4.351397083e+33 -4.840546455e-01 4.351521655e+33 -1.735342499e-03 5.589516923e-03 -2.171100493e-12 3.585967145e+01
2.2004313026497515e+15 2.408000000e-02 2.409000000e-02 1.042349655e+06 4.350499815e+33 -4.836380026e-01 4.350632741e+33 -1.793823183e-03 5.768758694e-03 -2.774171592e-12 3.088599721e+01
2.1984313026497515e+15 2.508000000e-02 2.509000000e-02 1.041910502e+06 4.349561809e+33 -4.838058855e-01 4.349703981e+33 -1.854084381e-03 5.969754617e-03 -1.161827584e-12 3.188041061e+01
2.1964313026497515e+15 2.610000000e-02 2.611000000e-02 1.042090119e+06 4.348583779e+33 -4.834831732e-01 4.348734250e+33 -1.908282453e-03 6.137792382e-03 -1.368589809e-11 3.188055462e+01
2.1944313026497515e+15 2.721000000e-02 2.722000000e-02 1.042939380e+06 4.347511759e+33 -4.826191374e-01 4.347669582e+33 -1.957384255e-03 6.274033826e-03 -1.495501900e-12 3.287606908e+01
3.8453939044398710e+15 1.750000000e-03 1.760000000e-03 9.474080580e+05 4.328518170e+33 -5.674580698e-01 4.328518397e+33 6.450358664e-05 -2.972714730e-04 -9.429429320e-13 3.180054151e+01
3.8433939044398710e+15 3.020000000e-03 3.030000000e-03 9.475177897e+05 4.328760979e+33 -5.673944085e-01 4.328761664e+33 1.108635286e-04 -5.106627227e-04 -1.427782149e-12 3.180065232e+01
3.8413939044398710e+15 3.910000000e-03 3.920000000e-03 9.477497960e+05 4.328997756e+33 -5.671943074e-01 4.328998898e+33 1.429478856e-04 -6.579729926e-04 -4.565537848e-13 2.781979279e+01
3.8393939044398710e+15 4.620000000e-03 4.630000000e-03 9.481604957e+05 4.329241056e+33 -5.667969613e-01 4.329242637e+33 1.681446532e-04 -7.725237118e-04 -5.019719953e-13 2.682489512e+01
3.8373939044398710e+15 5.240000000e-03 5.250000000e-03 9.480093785e+05 4.329475232e+33 -5.670216464e-01 4.329477260e+33 1.903188384e-04 -8.750561013e-04 -1.315063017e-12 2.782003234e+01
3.8353939044398710e+15 5.800000000e-03 5.810000000e-03 9.481544989e+05 4.329717625e+33 -5.669191843e-01 4.329720092e+33 2.098951157e-04 -9.647806477e-04 -1.285092331e-12 2.483437784e+01
3.8333939044398710e+15 6.300000000e-03 6.310000000e-03 9.482386843e+05 4.329952837e+33 -5.668828889e-01 4.329955730e+33 2.273078610e-04 -1.044295783e-03 -2.107046761e-12 2.682496620e+01
3.8313939044398710e+15 6.770000000e-03 6.780000000e-03 9.484473604e+05 4.330194558e+33 -5.667099195e-01 4.330197871e+33 2.433196360e-04 -1.117050262e-03 -2.618857663e-12 2.582989118e+01
3.8293939044398710e+15 7.210000000e-03 7.220000000e-03 9.483791461e+05 4.330433504e+33 -5.668438296e-01 4.330437244e+33 2.584463232e-04 -1.187051718e-03 -1.831417091e-12 2.483457365e+01
3.8273939044398710e+15 7.630000000e-03 7.640000000e-03 9.488094898e+05 4.330675309e+33 -5.664251037e-01 4.330679450e+33 2.720761642e-04 -1.247855229e-03 -1.398925147e-12 2.981121942e+01
3.8253939044398710e+15 8.020000000e-03 8.030000000e-03 9.476134921e+05 4.330913643e+33 -5.678131339e-01 4.330918261e+33 2.867198539e-04 -1.321843240e-03 -5.842883178e-12 2.383864189e+01
3.8233939044398710e+15 8.390000000e-03 8.400000000e-03 9.488602930e+05 4.331153615e+33 -5.664849734e-01 4.331158560e+33 2.973706875e-04 -1.363306974e-03 -1.454076995e-12 2.483499881e+01
3.8213939044398710e+15 8.750000000e-03 8.760000000e-03 9.491468134e+05 4.331395583e+33 -5.662264051e-01 4.331400909e+33 3.087254956e-04 -1.413815886e-03 -7.998474001e-13 2.383999680e+01
3.8193939044398710e+15 9.100000000e-03 9.110000000e-03 9.490291245e+05 4.331635968e+33 -5.664150616e-01 4.331641698e+33 3.201316296e-04 -1.467262567e-03 -1.584985713e-12 2.284463842e+01
3.8173939044398710e+15 9.430000000e-03 9.440000000e-03 9.492208924e+05 4.331878312e+33 -5.662612881e-01 4.331884411e+33 3.304077187e-04 -1.512852030e-03 -2.345572673e-12 2.682582504e+01
3.8153939044398710e+15 9.760000000e-03 9.770000000e-03 9.488446127e+05 4.332121761e+33 -5.667377180e-01 4.332128278e+33 3.412502679e-04 -1.565851117e-03 -8.466364299e-13 2.284447318e+01
3.8133939044398710e+15 1.007000000e-02 1.008000000e-02 9.491242332e+05 4.332361975e+33 -5.664859181e-01 4.332368842e+33 3.504629179e-04 -1.605897455e-03 -1.784310569e-12 2.284472057e+01
3.8113939044398710e+15 1.038000000e-02 1.039000000e-02 9.490656879e+05 4.332610032e+33 -5.666112958e-01 4.332617279e+33 3.599337880e-04 -1.650291063e-03 -1.896453215e-12 2.184941798e+01
3.8093939044398710e+15 1.068000000e-02 1.069000000e-02 9.494520628e+05 4.332855249e+33 -5.662424124e-01 4.332862825e+33 3.682328668e-04 -1.685841320e-03 -1.878379274e-12 2.284501026e+01
3.8073939044398710e+15 1.098000000e-02 1.099000000e-02 9.496293858e+05 4.333103417e+33 -5.661063775e-01 4.333111341e+33 3.766678933e-04 -1.723663038e-03 -1.549320789e-12 2.384041467e+01
3.8053939044398710e+15 1.127000000e-02 1.128000000e-02 9.495878068e+05 4.333354611e+33 -5.662132811e-01 4.333362896e+33 3.851862596e-04 -1.762372571e-03 -1.382107704e-12 2.284513315e+01
3.8033939044398710e+15 1.156000000e-02 1.157000000e-02 9.494276178e+05 4.333613348e+33 -5.664539071e-01 4.333622006e+33 3.936491618e-04 -1.802416922e-03 -1.313680185e-12 2.384023795e+01
3.8013939044398710e+15 1.185000000e-02 1.186000000e-02 9.499410630e+05 4.333871209e+33 -5.659478754e-01 4.333880162e+33 4.005899276e-04 -1.830787344e-03 -1.124658064e-12 2.185019878e+01
3.7993939044398710e+15 1.213000000e-02 1.214000000e-02 9.503318428e+05 4.334127596e+33 -5.655778836e-01 4.334136842e+33 4.073947225e-04 -1.858465494e-03 -1.401549874e-12 2.384104495e+01
3.7973939044398710e+15 1.242000000e-02 1.243000000e-02 9.503387271e+05 4.334390215e+33 -5.656339401e-01 4.334399800e+33 4.146605521e-04 -1.893040670e-03 -1.892003925e-12 2.583153961e+01
3.7953939044398710e+15 1.270000000e-02 1.271000000e-02 9.498918115e+05 4.334656205e+33 -5.661925945e-01 4.334666172e+33 4.224944830e-04 -1.932754021e-03 -2.102036795e-12 2.384065551e+01
3.7933939044398710e+15 1.298000000e-02 1.299000000e-02 9.498285584e+05 4.334926191e+33 -5.663293933e-01 4.334936486e+33 4.293500632e-04 -1.964787761e-03 -7.676465387e-12 2.284536902e+01
3.7913939044398710e+15 1.326000000e-02 1.327000000e-02 9.505775750e+05 4.335193047e+33 -5.655645823e-01 4.335203554e+33 4.343557014e-04 -1.980696664e-03 -1.487552735e-12 2.284601404e+01
3.7893939044398710e+15 1.356000000e-02 1.357000000e-02 9.508146688e+05 4.335475672e+33 -5.653714624e-01 4.335486456e+33 4.401208136e-04 -2.006187212e-03 -1.561104494e-12 2.583195138e+01
3.7873939044398710e+15 1.387000000e-02 1.388000000e-02 9.509623521e+05 4.335770166e+33 -5.652801051e-01 4.335781229e+33 4.459328650e-04 -2.031162424e-03 -1.064140741e-12 2.284635222e+01
