2.1438000000000000e+15 4.000000000e-03 1.161002880e+06 4.717111771e+33 5.622290281e+33 2.952111452e+45 1.065487732e+00 4.860329376e+00
2.1445000000000000e+15 3.604000000e-02 1.161225016e+06 4.712826497e+33 5.615428587e+33 2.948003128e+45 1.062804635e+00 4.854846441e+00
2.1467891951651465e+15 6.951000000e-02 1.161956341e+06 4.701166178e+33 5.596770881e+33 2.937031805e+45 1.055652533e+00 4.840189244e+00
2.1487891951651465e+15 8.556000000e-02 1.162013278e+06 4.693122621e+33 5.583926835e+33 2.929654073e+45 1.050873409e+00 4.830410700e+00
2.1507891951651465e+15 9.701000000e-02 1.163269114e+06 4.686499471e+33 5.573366634e+33 2.923730748e+45 1.047058236e+00 4.822624632e+00
2.1527891951651465e+15 1.058400000e-01 1.162406284e+06 4.680952960e+33 5.564531787e+33 2.918874970e+45 1.043969286e+00 4.816396445e+00
2.1547891951651465e+15 1.129200000e-01 1.163284804e+06 4.676261581e+33 5.557074274e+33 2.914863861e+45 1.041451921e+00 4.811394276e+00
2.1567891951651465e+15 1.187500000e-01 1.164741410e+06 4.672262760e+33 5.550715003e+33 2.911521914e+45 1.039393889e+00 4.807398166e+00
2.1587891951651465e+15 1.236500000e-01 1.165458121e+06 4.668852134e+33 5.545307108e+33 2.908742749e+45 1.037726897e+00 4.804273881e+00
2.1607891951651465e+15 1.278200000e-01 1.164666993e+06 4.665907163e+33 5.540624285e+33 2.906382862e+45 1.036362617e+00 4.801853578e+00
2.1627891951651465e+15 1.313900000e-01 1.166068351e+06 4.663395090e+33 5.536635983e+33 2.904423441e+45 1.035282880e+00 4.800086867e+00
2.1647891951651465e+15 1.344700000e-01 1.164504977e+06 4.661258965e+33 5.533262505e+33 2.902804150e+45 1.034449748e+00 4.798899565e+00
2.1667891951651465e+15 1.371200000e-01 1.166400986e+06 4.659444456e+33 5.530388333e+33 2.901461228e+45 1.033823310e+00 4.798213259e+00
2.1687891951651465e+15 1.394000000e-01 1.165716479e+06 4.657921052e+33 5.527968761e+33 2.900357573e+45 1.033383729e+00 4.797998120e+00
2.1707891951651465e+15 1.413400000e-01 1.165186809e+06 4.656691278e+33 5.526028247e+33 2.899500978e+45 1.033134937e+00 4.798260103e+00
2.1727891951651465e+15 1.429400000e-01 1.165539750e+06 4.655736318e+33 5.524517719e+33 2.898849317e+45 1.033059170e+00 4.798986784e+00
8.3700000000000000e+15 1.141000000e-02 9.640278905e+05 4.141522631e+33 4.655813468e+33 1.778302995e+45 1.744773521e+00 1.321244826e+01
8.3500000000000000e+15 1.518000000e-02 9.644978306e+05 4.143682100e+33 4.659441231e+33 1.781167166e+45 1.744722108e+00 1.319081353e+01
8.3300000000000000e+15 1.822000000e-02 9.637202222e+05 4.145873074e+33 4.663115917e+33 1.784077185e+45 1.744691817e+00 1.316906928e+01
8.3100000000000000e+15 2.087000000e-02 9.656614613e+05 4.148108804e+33 4.666870153e+33 1.787045622e+45 1.744696302e+00 1.314722812e+01
8.2900000000000000e+15 2.327000000e-02 9.646275962e+05 4.150379508e+33 4.670680976e+33 1.790069561e+45 1.744709936e+00 1.312512126e+01
8.2700000000000000e+15 2.551000000e-02 9.657545143e+05 4.152728835e+33 4.674629825e+33 1.793205303e+45 1.744796941e+00 1.310282300e+01
8.2500000000000000e+15 2.767000000e-02 9.665389942e+05 4.155157973e+33 4.678699923e+33 1.796450702e+45 1.744926404e+00 1.308012241e+01
8.2300000000000000e+15 2.986000000e-02 9.659722563e+05 4.157776626e+33 4.683102956e+33 1.799950575e+45 1.745209512e+00 1.305680714e+01
