2.1438000000000000e+15 4.090000000e-03 4.100000000e-03 1.160849609e+06 4.717115390e+33 -4.625464221e-01 4.717116474e+33 7.012218151e-04 -1.232437218e-03 -1.113143039e-12 5.186484768e+01
2.1458000000000000e+15 5.841000000e-02 5.842000000e-02 1.161402628e+06 4.705815838e+33 -4.603901717e-01 4.706029178e+33 9.860405220e-03 -1.726645258e-02 -1.741120764e-12 6.081300035e+01
2.1478000000000000e+15 7.840000000e-02 7.841000000e-02 1.161674045e+06 4.696891913e+33 -4.588016745e-01 4.697264696e+33 1.307528427e-02 -2.283716095e-02 -1.828866250e-12 5.285964214e+01
2.1498000000000000e+15 9.176000000e-02 9.177000000e-02 1.162860993e+06 4.689613646e+33 -4.568893588e-01 4.690106432e+33 1.511364041e-02 -2.629256888e-02 -1.266035631e-12 5.484886288e+01
2.1518000000000000e+15 1.017400000e-01 1.017500000e-01 1.163487578e+06 4.683563192e+33 -4.555371676e-01 4.684152281e+33 1.658161755e-02 -2.877144596e-02 -8.070356259e-13 5.683770358e+01
2.1538000000000000e+15 1.096000000e-01 1.096100000e-01 1.163704473e+06 4.678476519e+33 -4.546019578e-01 4.679145171e+33 1.770144718e-02 -3.066631804e-02 -1.006006774e-12 5.385531785e+01
2.1558000000000000e+15 1.160000000e-01 1.160100000e-01 1.164368257e+06 4.674155541e+33 -4.535032251e-01 4.674886321e+33 1.856340954e-02 -3.208672201e-02 -1.179728405e-12 5.286163770e+01
2.1578000000000000e+15 1.213400000e-01 1.213500000e-01 1.164744331e+06 4.670453854e+33 -4.526879046e-01 4.671237200e+33 1.926001445e-02 -3.323880578e-02 -2.600191974e-13 4.987938637e+01
2.1598000000000000e+15 1.258400000e-01 1.258500000e-01 1.164424851e+06 4.667303630e+33 -4.523986136e-01 4.668135394e+33 1.984515393e-02 -3.424564474e-02 -1.176637665e-12 4.987915190e+01
2.1618000000000000e+15 1.296900000e-01 1.297000000e-01 1.165156378e+06 4.664593514e+33 -4.515154104e-01 4.665458135e+33 2.029172227e-02 -3.494561241e-02 -9.187759206e-13 5.385641708e+01
2.1638000000000000e+15 1.330000000e-01 1.330100000e-01 1.165334398e+06 4.662269109e+33 -4.510409626e-01 4.663164465e+33 2.067368244e-02 -3.557241332e-02 -2.672986706e-12 4.987981685e+01
2.1658000000000000e+15 1.358600000e-01 1.358700000e-01 1.166041206e+06 4.660293373e+33 -4.502906783e-01 4.661209649e+33 2.096882844e-02 -3.601491635e-02 -6.630498836e-13 4.789201770e+01
2.1678000000000000e+15 1.383200000e-01 1.383300000e-01 1.165316273e+06 4.658635853e+33 -4.504878570e-01 4.659580603e+33 2.125683167e-02 -3.654684120e-02 -1.356434255e-12 4.888564432e+01
2.1698000000000000e+15 1.404300000e-01 1.404400000e-01 1.166396093e+06 4.657253855e+33 -4.495968127e-01 4.658207138e+33 2.142895971e-02 -3.675475174e-02 -1.730190343e-12 4.988063713e+01
2.1718000000000000e+15 1.422000000e-01 1.422100000e-01 1.166394090e+06 4.656157331e+33 -4.494296396e-01 4.657124802e+33 2.159388357e-02 -3.702926789e-02 -3.357361820e-13 4.590396181e+01
8.3900000000000000e+15 5.590000000e-03 5.600000000e-03 9.633874101e+05 4.139385791e+33 -5.082478229e-01 4.139386006e+33 -2.242572674e-04 5.337765273e-04 -7.381110492e-13 4.574665814e+01
8.3700000000000000e+15 1.141000000e-02 1.142000000e-02 9.640551643e+05 4.141525378e+33 -5.080921901e-01 4.141526270e+33 -4.535565174e-04 1.078232712e-03 -5.867712774e-13 3.778570224e+01
8.3500000000000000e+15 1.518000000e-02 1.519000000e-02 9.637342103e+05 4.143685753e+33 -5.088458801e-01 4.143687316e+33 -5.991410465e-04 1.426746329e-03 -9.701715702e-13 3.679025874e+01
8.3300000000000000e+15 1.822000000e-02 1.823000000e-02 9.640476295e+05 4.145869486e+33 -5.090241123e-01 4.145871699e+33 -7.125717700e-04 1.696594027e-03 -7.132928654e-13 3.579534064e+01
8.3100000000000000e+15 2.087000000e-02 2.088000000e-02 9.646941290e+05 4.148103199e+33 -5.089081754e-01 4.148106037e+33 -8.074329192e-04 1.920553923e-03 -9.534943501e-13 3.778620613e+01
8.2900000000000000e+15 2.327000000e-02 2.328000000e-02 9.645371164e+05 4.150385801e+33 -5.095387253e-01 4.150389266e+33 -8.914880192e-04 2.123140833e-03 -2.346412707e-12 3.878129683e+01
8.2700000000000000e+15 2.551000000e-02 2.552000000e-02 9.657007535e+05 4.152726123e+33 -5.089706536e-01 4.152730156e+33 -9.635458055e-04 2.288803486e-03 -2.053816739e-12 3.480153534e+01
8.2500000000000000e+15 2.767000000e-02 2.768000000e-02 9.660749345e+05 4.155158837e+33 -5.091462171e-01 4.155163445e+33 -1.030349743e-03 2.446774656e-03 -1.424654978e-12 3.579701448e+01
8.2300000000000000e+15 2.986000000e-02 2.987000000e-02 9.672598469e+05 4.157776623e+33 -5.086192474e-01 4.157781763e+33 -1.090248100e-03 2.582659124e-03 -8.620005631e-13 3.579798891e+01
1.9444185349999040e+16 1.440000000e-03 1.450000000e-03 9.142658492e+05 3.762837725e+33 -4.724179145e-01 3.762837716e+33 2.302648453e-05 -5.538316765e-05 -9.051474638e-13 3.575425745e+01
1.9424185349999040e+16 3.230000000e-03 3.240000000e-03 9.137131255e+05 3.763352690e+33 -4.730007390e-01 3.763352694e+33 5.142076854e-05 -1.238809498e-04 -8.948257166e-13 3.177208550e+01
1.9404185349999040e+16 4.340000000e-03 4.350000000e-03 9.142241569e+05 3.763881728e+33 -4.726715324e-01 3.763881743e+33 6.869734122e-05 -1.652997674e-04 -1.420658311e-12 2.978166467e+01
1.9384185349999040e+16 5.220000000e-03 5.230000000e-03 9.141910043e+05 3.764398774e+33 -4.728082291e-01 3.764398800e+33 8.227092617e-05 -1.980243426e-04 -1.255804053e-12 2.878621053e+01
1.9364185349999040e+16 5.970000000e-03 5.980000000e-03 9.141005723e+05 3.764927151e+33 -4.729963692e-01 3.764927185e+33 9.371769182e-05 -2.256225712e-04 -1.583787867e-12 2.978155360e+01
1.9344185349999040e+16 6.640000000e-03 6.650000000e-03 9.144030237e+05 3.765457054e+33 -4.728463108e-01 3.765457098e+33 1.036905857e-04 -2.494613185e-04 -1.381757004e-12 2.779095904e+01
1.9324185349999040e+16 7.250000000e-03 7.260000000e-03 9.142873853e+05 3.765986169e+33 -4.730570318e-01 3.765986222e+33 1.127224539e-04 -2.713396102e-04 -1.528754021e-12 2.779085595e+01
1.9304185349999040e+16 7.820000000e-03 7.830000000e-03 9.142134638e+05 3.766521007e+33 -4.732323342e-01 3.766521069e+33 1.209658302e-04 -2.914662139e-04 -8.626867279e-13 2.878623217e+01
1.9284185349999040e+16 8.340000000e-03 8.350000000e-03 9.140702254e+05 3.767054741e+33 -4.734676149e-01 3.767054812e+33 1.285059837e-04 -3.095874740e-04 -1.225326756e-12 2.878610296e+01
1.9264185349999040e+16 8.840000000e-03 8.850000000e-03 9.149148218e+05 3.767594759e+33 -4.728526421e-01 3.767594838e+33 1.352237916e-04 -3.250836955e-04 -1.210137544e-12 2.779140055e+01
1.9244185349999040e+16 9.320000000e-03 9.330000000e-03 9.147648256e+05 3.768139618e+33 -4.730956872e-01 3.768139706e+33 1.417753637e-04 -3.412804072e-04 -1.866287391e-12 2.878670289e+01
1.9224185349999040e+16 9.770000000e-03 9.780000000e-03 9.140356328e+05 3.768686368e+33 -4.738392136e-01 3.768686465e+33 1.481240824e-04 -3.572127578e-04 -1.504620692e-12 2.679521047e+01
1.9204185349999040e+16 1.021000000e-02 1.022000000e-02 9.148009848e+05 3.769231469e+33 -4.732936295e-01 3.769231573e+33 1.535621647e-04 -3.697310589e-04 -1.255123704e-12 2.779128573e+01
1.9184185349999040e+16 1.063000000e-02 1.064000000e-02 9.143590798e+05 3.769783344e+33 -4.737896574e-01 3.769783456e+33 1.591311767e-04 -3.835613555e-04 -1.498546857e-12 2.679549126e+01
1.9164185349999040e+16 1.104000000e-02 1.105000000e-02 9.145830745e+05 3.770341378e+33 -4.737131893e-01 3.770341497e+33 1.641419997e-04 -3.954110628e-04 -2.020397245e-12 2.580025904e+01
1.9144185349999040e+16 1.144000000e-02 1.145000000e-02 9.141241781e+05 3.770906716e+33 -4.742281728e-01 3.770906844e+33 1.691633609e-04 -4.080175835e-04 -8.232333369e-13 2.679528892e+01
1.9124185349999040e+16 1.184000000e-02 1.185000000e-02 9.150452389e+05 3.771479051e+33 -4.735530337e-01 3.771479185e+33 1.733097128e-04 -4.172705057e-04 -1.547025727e-12 2.679610092e+01
1.9104185349999040e+16 1.223000000e-02 1.224000000e-02 9.145484994e+05 3.772054862e+33 -4.741019519e-01 3.772055004e+33 1.778508235e-04 -4.288204962e-04 -3.174541957e-12 2.580023172e+01
1.9084185349999040e+16 1.262000000e-02 1.263000000e-02 9.156042772e+05 3.772649818e+33 -4.733156461e-01 3.772649965e+33 1.815162763e-04 -4.362838143e-04 -1.230544478e-12 2.580115244e+01
