1.0278000000000000e+15 7.594000000e-02 1.172510421e+06 2.697805915e+33 2.967819273e+33 1.283415259e+45 1.743229569e-01 1.829099720e+00
1.0154000000000000e+15 4.610000000e-03 1.176240022e+06 2.855624750e+33 3.164213211e+33 1.411097881e+45 1.946286705e-01 1.857375336e+00
1.0164000000000000e+15 3.188000000e-02 1.172779484e+06 2.827868887e+33 3.129485935e+33 1.387870268e+45 1.908544072e-01 1.851839395e+00
1.0170000000000000e+15 3.905000000e-02 1.173581454e+06 2.813615006e+33 3.111677424e+33 1.376052822e+45 1.889426137e-01 1.849033635e+00
1.0173803763601532e+15 4.265000000e-02 1.170163008e+06 2.805368237e+33 3.101388536e+33 1.369254696e+45 1.878456438e-01 1.847425299e+00
1.0183803763601532e+15 5.007000000e-02 1.172097568e+06 2.786047161e+33 3.077304172e+33 1.353432828e+45 1.853012106e-01 1.843705486e+00
1.0193803763601532e+15 5.561000000e-02 1.170806935e+06 2.769622240e+33 3.056861293e+33 1.340106433e+45 1.831688323e-01 1.840612141e+00
1.0203803763601532e+15 5.997000000e-02 1.170072457e+06 2.755534242e+33 3.039347238e+33 1.328771212e+45 1.813643275e-01 1.838026028e+00
1.0213803763601532e+15 6.350000000e-02 1.168601685e+06 2.743440450e+33 3.024339006e+33 1.319117958e+45 1.798358997e-01 1.835873517e+00
1.0223803763601532e+15 6.642000000e-02 1.169332095e+06 2.733003782e+33 3.011388948e+33 1.310842285e+45 1.785333587e-01 1.834082768e+00
1.0233803763601532e+15 6.888000000e-02 1.167094676e+06 2.723960598e+33 3.000180874e+33 1.303719260e+45 1.774195621e-01 1.832598890e+00
1.0243803763601532e+15 7.095000000e-02 1.167209699e+06 2.716239718e+33 2.990618785e+33 1.297675836e+45 1.764821117e-01 1.831405321e+00
1.0253803763601532e+15 7.272000000e-02 1.169682508e+06 2.709603436e+33 2.982409252e+33 1.292515221e+45 1.756889306e-01 1.830453627e+00
2.5481560378569990e+15 5.150000000e-03 1.022537538e+06 4.063823764e+33 4.813335068e+33 1.953786339e+45 6.276467104e-01 4.326016643e+00
2.5471560378569990e+15 6.310000000e-03 1.022995992e+06 4.063659544e+33 4.813083490e+33 1.953973374e+45 6.274196804e-01 4.324037917e+00
2.5461560378569990e+15 7.290000000e-03 1.023089578e+06 4.063493914e+33 4.812822651e+33 1.954157263e+45 6.271918628e-01 4.322061096e+00
2.5451560378569990e+15 8.160000000e-03 1.023188938e+06 4.063334839e+33 4.812582886e+33 1.954346542e+45 6.269681789e-01 4.320101219e+00
2.5441560378569990e+15 8.940000000e-03 1.023466880e+06 4.063159282e+33 4.812296559e+33 1.954520495e+45 6.267348619e-01 4.318109209e+00
2.5431560378569990e+15 9.660000000e-03 1.023201894e+06 4.063005619e+33 4.812069678e+33 1.954723791e+45 6.265143568e-01 4.316141026e+00
2.5421560378569990e+15 1.033000000e-02 1.023070790e+06 4.062826033e+33 4.811776515e+33 1.954895750e+45 6.262792329e-01 4.314141708e+00
2.5411560378569990e+15 1.096000000e-02 1.023776398e+06 4.062659746e+33 4.811519675e+33 1.955083786e+45 6.260517361e-01 4.312159815e+00
2.5401560378569990e+15 1.156000000e-02 1.023697860e+06 4.062491197e+33 4.811255992e+33 1.955267493e+45 6.258231901e-01 4.310180619e+00
2.5391560378569990e+15 1.212000000e-02 1.024302509e+06 4.062317914e+33 4.810979206e+33 1.955455600e+45 6.255917680e-01 4.308172296e+00
2.5381560378569990e+15 1.267000000e-02 1.023655027e+06 4.062143955e+33 4.810702606e+33 1.955633025e+45 6.253604370e-01 4.306188508e+00
2.5371560378569990e+15 1.319000000e-02 1.024261335e+06 4.061987092e+33 4.810469777e+33 1.955841791e+45 6.251387947e-01 4.304202816e+00
2.5361560378569990e+15 1.370000000e-02 1.024088093e+06 4.061802851e+33 4.810175459e+33 1.956009073e+45 6.249021463e-01 4.302205481e+00
2.5351560378569990e+15 1.418000000e-02 1.024402404e+06 4.061640949e+33 4.809931348e+33 1.956215989e+45 6.246777681e-01 4.300205828e+00
2.5341560378569990e+15 1.466000000e-02 1.024043591e+06 4.061454233e+33 4.809624644e+33 1.956377088e+45 6.244397832e-01 4.298213601e+00
2.5331560378569990e+15 1.512000000e-02 1.024803478e+06 4.061285911e+33 4.809372463e+33 1.956573453e+45 6.242125262e-01 4.296218101e+00
2.5321560378569990e+15 1.556000000e-02 1.024769077e+06 4.061116757e+33 4.809113606e+33 1.956779524e+45 6.239845916e-01 4.294197037e+00
2.5311560378569990e+15 1.600000000e-02 1.025024085e+06 4.060929066e+33 4.808812616e+33 1.956947707e+45 6.237464422e-01 4.292189210e+00
2.5301560378569990e+15 1.642000000e-02 1.024467125e+06 4.060754612e+33 4.808540795e+33 1.957145947e+45 6.235158239e-01 4.290167658e+00
2.5291560378569990e+15 1.684000000e-02 1.024071018e+06 4.060576751e+33 4.808257509e+33 1.957331242e+45 6.232833479e-01 4.288162097e+00
2.5281560378569990e+15 1.725000000e-02 1.024795310e+06 4.060394248e+33 4.807973959e+33 1.957516105e+45 6.230487836e-01 4.286143494e+00
2.5271560378569990e+15 1.765000000e-02 1.025027343e+06 4.060212712e+33 4.807691769e+33 1.957705435e+45 6.228146986e-01 4.284118793e+00
2.5261560378569990e+15 1.804000000e-02 1.025529847e+06 4.060045372e+33 4.807438410e+33 1.957917999e+45 6.225885114e-01 4.282097991e+00
2.5251560378569990e+15 1.843000000e-02 1.024631548e+06 4.059856259e+33 4.807141230e+33 1.958099698e+45 6.223505879e-01 4.280064378e+00
2.5241560378569990e+15 1.881000000e-02 1.024714534e+06 4.059670442e+33 4.806848201e+33 1.958289647e+45 6.221144025e-01 4.278025073e+00
2.5231560378569990e+15 1.918000000e-02 1.024717496e+06 4.059490218e+33 4.806567313e+33 1.958493233e+45 6.218812839e-01 4.275977478e+00
2.5221560378569990e+15 1.955000000e-02 1.025939782e+06 4.059301434e+33 4.806268542e+33 1.958685878e+45 6.216437304e-01 4.273923689e+00
2.5211560378569990e+15 1.992000000e-02 1.024627212e+06 4.059116724e+33 4.805984934e+33 1.958882585e+45 6.214087500e-01 4.271879136e+00
2.5201560378569990e+15 2.028000000e-02 1.025981683e+06 4.058927956e+33 4.805691734e+33 1.959082850e+45 6.211714259e-01 4.269811128e+00
2.5191560378569990e+15 2.064000000e-02 1.026901266e+06 4.058732997e+33 4.805375911e+33 1.959272830e+45 6.209305902e-01 4.267741810e+00
2.5181560378569990e+15 2.100000000e-02 1.026698232e+06 4.058545522e+33 4.805095660e+33 1.959480268e+45 6.206947223e-01 4.265669030e+00
2.5171560378569990e+15 2.136000000e-02 1.026952989e+06 4.058355341e+33 4.804806128e+33 1.959683452e+45 6.204572960e-01 4.263595236e+00
2.5161560378569990e+15 2.171000000e-02 1.026917455e+06 4.058162089e+33 4.804502540e+33 1.959892972e+45 6.202176811e-01 4.261493055e+00
2.5151560378569990e+15 2.206000000e-02 1.027517453e+06 4.057956005e+33 4.804175098e+33 1.960091305e+45 6.199713064e-01 4.259369195e+00
2.5141560378569990e+15 2.242000000e-02 1.027245043e+06 4.057755441e+33 4.803865808e+33 1.960295864e+45 6.197284126e-01 4.257256153e+00
2.5131560378569990e+15 2.277000000e-02 1.026216069e+06 4.057549951e+33 4.803539767e+33 1.960510635e+45 6.194824298e-01 4.255100170e+00
2.5121560378569990e+15 2.313000000e-02 1.026402817e+06 4.057349277e+33 4.803235514e+33 1.960731469e+45 6.192394763e-01 4.252952315e+00
2.5111560378569990e+15 2.349000000e-02 1.028260745e+06 4.057136148e+33 4.802902285e+33 1.960953861e+45 6.189896332e-01 4.250754253e+00
2.5101560378569990e+15 2.386000000e-02 1.026935288e+06 4.056910108e+33 4.802542663e+33 1.961169696e+45 6.187326921e-01 4.248522155e+00
2.5091560378569990e+15 2.425000000e-02 1.028587709e+06 4.056684278e+33 4.802194461e+33 1.961398592e+45 6.184760998e-01 4.246264668e+00
2.5081560378569990e+15 2.465000000e-02 1.026932187e+06 4.056451578e+33 4.801832369e+33 1.961650033e+45 6.182153350e-01 4.243930288e+00
