2.2300112135607400e+15 1.080000000e-05 1.090000000e-05 4.021671461e+33 1.991593890e+45 2.115267054e+00 7.701124382e+00 1.600397623e+01 1.307196179e+01 1.175771970e+01 1.095270592e+01
2.1900112135607400e+15 3.650000000e-05 3.660000000e-05 3.997007592e+33 1.975480677e+45 2.121422185e+00 1.677082971e+01 1.990254635e+01 1.749014053e+01 1.596185510e+01 1.549968955e+01
2.1500112135607400e+15 5.640000000e-05 5.650000000e-05 3.971037103e+33 1.958345894e+45 2.117759943e+00 1.034267568e+01 2.368437545e+01 2.179787197e+01 2.005575221e+01 1.850841739e+01
2.1100112135607400e+15 7.710000000e-05 7.720000000e-05 3.943506183e+33 1.940275209e+45 2.124904820e+00 1.535161511e+01 2.809249187e+01 2.715473559e+01 2.518682316e+01 2.351518000e+01
2.0700112135607400e+15 9.970000000e-05 9.980000000e-05 3.914747278e+33 1.920209341e+45 2.114295120e+00 4.217557587e+01 3.286603864e+01 3.191358717e+01 2.979257859e+01 3.011760129e+01
2.0300112135607400e+15 1.251000000e-04 1.252000000e-04 3.884525421e+33 1.900601061e+45 2.124331537e+00 2.414916898e+01 3.789360820e+01 3.870324381e+01 3.626102680e+01 3.411585022e+01
1.9900112135607400e+15 1.543000000e-04 1.544000000e-04 3.852449543e+33 1.879004834e+45 2.122886036e+00 3.144996158e+01 4.410313150e+01 4.556253434e+01 4.283944088e+01 4.060500413e+01
1.9500112135607400e+15 1.879000000e-04 1.880000000e-04 3.818713941e+33 1.856155707e+45 2.120891501e+00 3.545805906e+01 5.167124349e+01 5.362067562e+01 5.045843609e+01 4.771116701e+01
1.9100112135607400e+15 2.265000000e-04 2.266000000e-04 3.783302003e+33 1.832445442e+45 2.123095143e+00 4.080997552e+01 6.065076362e+01 6.377753372e+01 6.021742815e+01 5.686682273e+01
1.8700112135607400e+15 2.707000000e-04 2.708000000e-04 3.746419816e+33 1.807585148e+45 2.123540343e+00 5.348882994e+01 7.272449659e+01 7.697242012e+01 7.275904923e+01 6.908424704e+01
1.8300112135607400e+15 3.228000000e-04 3.229000000e-04 3.706902376e+33 1.780890165e+45 2.116606076e+00 6.550279144e+01 9.466582705e+01 9.667215317e+01 9.080475468e+01 8.603096925e+01
1.7900112135607400e+15 3.828000000e-04 3.829000000e-04 3.665638532e+33 1.753557983e+45 2.119704548e+00 1.205287635e+02 1.403488808e+02 1.425721781e+02 1.334682825e+02 1.281609822e+02
1.7900112135607400e+15 3.828000000e-04 3.829000000e-04 3.665638532e+33 1.753557983e+45 2.119704548e+00 1.205287635e+02 1.403488808e+02 1.425721781e+02 1.334682825e+02 1.281609822e+02
1.7777889913385178e+15 4.028000000e-04 4.029000000e-04 3.652803740e+33 1.744489263e+45 2.108856160e+00 2.812988915e+02 1.745685110e+02 1.694516926e+02 1.582241114e+02 1.642600613e+02
1.7655667691162955e+15 4.238000000e-04 4.239000000e-04 3.639590545e+33 1.735826027e+45 2.114422923e+00 4.420383476e+02 2.442112673e+02 2.384443668e+02 2.223965713e+02 2.340402284e+02
1.7533445468940732e+15 4.456000000e-04 4.457000000e-04 3.626386020e+33 1.727028285e+45 2.118661094e+00 -8.439732392e+02 4.945489918e+02 4.688075929e+02 4.268566368e+02 3.060193998e+02
1.7500112135607400e+15 4.517000000e-04 4.518000000e-04 3.622771445e+33 1.724796448e+45 2.107431676e+00 9.484607313e+02 7.374048970e+02 6.915824438e+02 6.376696743e+02 6.397644799e+02
1.7411223246718510e+15 4.683000000e-04 4.684000000e-04 3.613089129e+33 1.718675013e+45 2.121192609e+00 -1.343756978e+02 -1.376120913e+03 -1.224242574e+03 -1.103449391e+03 -9.815220439e+02
1.7289001024496290e+15 4.921000000e-04 4.922000000e-04 3.599554255e+33 1.709695013e+45 2.121040559e+00 -4.270842699e+02 -2.003782692e+02 -1.684118701e+02 -1.501238117e+02 -1.650324864e+02
1.7166778802274068e+15 5.174000000e-04 5.175000000e-04 3.585659504e+33 1.700645830e+45 2.116969540e+00 -1.939023122e+01 -7.703258197e+01 -5.473182787e+01 -4.516758716e+01 -4.013775788e+01
1.7100112135607400e+15 5.316000000e-04 5.317000000e-04 3.578124236e+33 1.695891766e+45 2.120630566e+00 5.577491997e+00 -4.935300105e+01 -2.834851154e+01 -2.058254657e+01 -1.677196600e+01
1.7044556580051845e+15 5.437000000e-04 5.438000000e-04 3.571792018e+33 1.691715654e+45 2.118883601e+00 2.227688150e+01 -3.092382838e+01 -1.106534654e+01 -4.869307484e+00 -1.915332792e+00
1.6922334357829622e+15 5.712000000e-04 5.713000000e-04 3.557685693e+33 1.682203135e+45 2.113011652e+00 1.390955498e+02 1.325996699e+00 1.688543032e+01 2.060598845e+01 3.180867950e+01
1.6800112135607400e+15 5.996000000e-04 5.997000000e-04 3.543921053e+33 1.674143765e+45 2.121055144e+00 -8.756453427e+00 1.727547123e+01 3.491121150e+01 3.730178954e+01 3.317787753e+01
