2.8000000000000012e+14 0.5368772762619549 -1.5309311449527740
2.8095278356298347e+14 0.5349607476317096 -1.5341006219387054
2.8190880925638788e+14 0.5330646743293750 -1.5372581779956818
2.8286808811252962e+14 0.5311858097115701 -1.5404097735881805
2.8383063120126581e+14 0.5293260873649733 -1.5435524284839630
2.8479644963012206e+14 0.5274840014311413 -1.5466861426830292
2.8576555454442062e+14 0.5256627254428793 -1.5498064458370209
2.8673795712741019e+14 0.5238531772141920 -1.5529297292232513
2.8771366860039025e+14 0.5220520085428395 -1.5560589730739594
2.8869270022284769e+14 0.5202723673221628 -1.5591733157634735
2.8967506329258200e+14 0.5185080195941310 -1.5622846782207489
2.9066076914583675e+14 0.5167646536839848 -1.5653796494007111
2.9164982915743050e+14 0.5150380484994350 -1.5684671700000763
2.9264225474088800e+14 0.5133301174726402 -1.5715442597866058
2.9363805734857188e+14 0.5116401937480975 -1.5746094286441803
2.9463724847181506e+14 0.5099693214655933 -1.5776626765727997
2.9563983964105281e+14 0.5083035848361782 -1.5807293355464935
2.9664584242595650e+14 0.5066489510157715 -1.5837959945201874
2.9765526843556650e+14 0.5050144993280347 -1.5868492424488068
2.9866812931842769e+14 0.5034009885681918 -1.5898846089839935
2.9968443676271906e+14 0.5018009147266888 -1.5929169952869415
3.0070420249639562e+14 0.5002195835887123 -1.5959359705448151
3.0172743828731912e+14 0.4986561509065744 -1.5989415347576141
3.0275415594339494e+14 0.4971106651476549 -1.6019351780414581
3.0378436731270838e+14 0.4955762809638841 -1.6049303114414215
3.0481808428366138e+14 0.4940537981277737 -1.6079224646091461
3.0585531878510975e+14 0.4925487946756348 -1.6109026968479156
3.0689608278650075e+14 0.4910604053582340 -1.6138724982738495
3.0794038829801131e+14 0.4895885387787519 -1.6168318688869476
3.0898824737068650e+14 0.4881351693055491 -1.6197748482227325
3.1003967209657869e+14 0.4866976410709637 -1.6227073967456818
3.1109467460888712e+14 0.4852760205415700 -1.6256295144557953
3.1215326708209912e+14 0.4838688789558025 -1.6285426914691925
3.1321546173212544e+14 0.4824728064653678 -1.6314543783664703
3.1428127081644906e+14 0.4810920533745551 -1.6343571245670319
3.1535070663426125e+14 0.4797272609170806 -1.6372479498386383
3.1642378152660525e+14 0.4783799895165330 -1.6401223838329315
3.1750050787651800e+14 0.4770472183982475 -1.6429878771305084
3.1858089810917375e+14 0.4757318472166079 -1.6458369791507721
3.1966496469202694e+14 0.4744311965751052 -1.6486756503582001
3.2075272013495625e+14 0.4731446293894413 -1.6515053808689117
3.2184417699040906e+14 0.4718644940291976 -1.6543410718441010
3.2293934785354606e+14 0.4706006926467158 -1.6571633517742157
3.2403824536238681e+14 0.4693527904457914 -1.6599707305431366
3.2514088219795688e+14 0.4681193042176746 -1.6627676784992218
3.2624727108442875e+14 0.4669022432172209 -1.6655497252941132
3.2735742478927662e+14 0.4656981843941976 -1.6683213412761688
3.2847135612341869e+14 0.4645126146462604 -1.6710735857486725
3.2958907794136600e+14 0.4633366961053879 -1.6738228499889374
3.3071060314137088e+14 0.4621703162546298 -1.6765706241130829
3.3183594466557588e+14 0.4610191975413218 -1.6793049871921539
3.3296511550016306e+14 0.4598855160345651 -1.6820199787616730
3.3409812867550381e+14 0.4587633329447732 -1.6847275197505951
3.3523499726630919e+14 0.4576558812893377 -1.6874201595783234
3.3637573439178100e+14 0.4565625306142930 -1.6900993883609772
3.3752035321576288e+14 0.4554843253215374 -1.6927637159824371
3.3866886694689256e+14 0.4544129942005190 -1.6954310238361359
3.3982128883875538e+14 0.4533552936556962 -1.6980864107608795
3.4097763219003175e+14 0.4523104377380326 -1.7007298767566681
3.4213791034465900e+14 0.4512785872462753 -1.7033614218235016
3.4330213669197994e+14 0.4502629858951769 -1.7059735953807831
3.4447032466689844e+14 0.4492580626992601 -1.7085783183574677
3.4564248775003469e+14 0.4482679113539081 -1.7111666500568390
3.4681863946788075e+14 0.4472875420106543 -1.7137490212917328
3.4799879339295662e+14 0.4463187880891663 -1.7163224518299103
3.4918296314396681e+14 0.4453632765647725 -1.7188824713230133
3.5037116238595744e+14 0.4444180012600595 -1.7214350402355194
3.5156340483047425e+14 0.4434884377806894 -1.7239667475223541
3.5275970423572044e+14 0.4425714830042266 -1.7264850437641144
3.5396007440671712e+14 0.4416651804608639 -1.7289943993091583
3.5516452919545669e+14 0.4407728172018439 -1.7314873635768890
3.5637308250107150e+14 0.4398882099909938 -1.7339788377285004
3.5758574826998838e+14 0.4390185862826546 -1.7364509403705597
3.5880254049609100e+14 0.4381571258231917 -1.7389185726642609
3.6002347322088150e+14 0.4373105250300016 -1.7413653433322906
3.6124856053364231e+14 0.4364748878727415 -1.7438016831874847
3.6247781657159894e+14 0.4356502503562568 -1.7462261021137238
3.6371125552008288e+14 0.4348374015812813 -1.7486371099948883
3.6494889161269562e+14 0.4340337958834679 -1.7510436475276947
3.6619073913147262e+14 0.4332387222984626 -1.7534427344799042
3.6743681240704831e+14 0.4324575761960288 -1.7558239400386810
3.6868712581882125e+14 0.4316848864122619 -1.7581991851329803
3.6994169379512188e+14 0.4309245919870843 -1.7605580389499664
3.7120053081337262e+14 0.4301767292909579 -1.7629005014896393
3.7246365140026431e+14 0.4294375428364602 -1.7652355134487152
3.7373107013191762e+14 0.4287075291564773 -1.7675645649433136
3.7500280163405281e+14 0.4279871005137359 -1.7698831856250763
3.7627886058215862e+14 0.4272777813314563 -1.7721869051456451
3.7755926170166144e+14 0.4265782876350899 -1.7744816839694977
3.7884401976809525e+14 0.4258908498933545 -1.7767600715160370
3.8013314960727231e+14 0.4252127225083455 -1.7790265381336212
3.8142666609545406e+14 0.4245452450287333 -1.7812810838222504
3.8272458415952294e+14 0.4238867905049994 -1.7835251986980438
3.8402691877715444e+14 0.4232402422862778 -1.7857544124126434
3.8533368497699175e+14 0.4226018649752488 -1.7879731953144073
3.8664489783881275e+14 0.4219737702192021 -1.7901800572872162
3.8796057249371344e+14 0.4213567428144163 -1.7923705279827118
3.8928072412427638e+14 0.4207493391800483 -1.7945490777492523
3.9060536796474731e+14 0.4201481319629009 -1.7967261373996735
3.9193451930121112e+14 0.4195554438591730 -1.7988942563533783
3.9326819347176819e+14 0.4189736996036033 -1.8010474741458893
3.9460640586671119e+14 0.4184009088637387 -1.8031887710094452
3.9594917192870312e+14 0.4178379021548572 -1.8053181469440460
3.9729650715295500e+14 0.4172828367132438 -1.8074385821819305
3.9864842708740512e+14 0.4167379395063538 -1.8095441162586212
4.0000494733289812e+14 0.4161999159869137 -1.8116436898708344
4.0136608354336525e+14 0.4156712182408639 -1.8137313425540924
4.0273185142600662e+14 0.4151517572862441 -1.8158070743083954
4.0410226674146569e+14 0.4146400112799625 -1.8178738653659821
4.0547734530402131e+14 0.4141377380951304 -1.8199272453784943
4.0685710298176344e+14 0.4136447401795778 -1.8219657242298126
4.0824155569677788e+14 0.4131584202843669 -1.8240012228488922
4.0963071942533019e+14 0.4126796617046207 -1.8260292708873749
4.1102461019804975e+14 0.4122091475029923 -1.8280453979969025
4.1242324410011525e+14 0.4117473497311445 -1.8300496041774750
4.1382663727143975e+14 0.4112930061322263 -1.8320448696613312
4.1523480590685725e+14 0.4108484263297749 -1.8340252339839935
4.1664776625630950e+14 0.4104102942035703 -1.8359996378421783
4.1806553462503356e+14 0.4099789247877232 -1.8379665911197662
4.1948812737375156e+14 0.4095552845683739 -1.8399231135845184
4.2091556091885294e+14 0.4091414084345612 -1.8418632447719574
4.2234785173259362e+14 0.4087343708628215 -1.8437974154949188
4.2378501634327981e+14 0.4083351495863792 -1.8457196652889252
4.2522707133546019e+14 0.4079445745507544 -1.8476270139217377
4.2667403335011719e+14 0.4075638015306659 -1.8495120108127594
4.2812591908485938e+14 0.4071895330924767 -1.8513910472393036
4.2958274529411356e+14 0.4068224099321928 -1.8532581627368927
4.3104452878931894e+14 0.4064633995864317 -1.8551148474216461
4.3251128643912019e+14 0.4061101878681324 -1.8569640815258026
4.3398303516956294e+14 0.4057641486100417 -1.8588043749332428
4.3545979196428862e+14 0.4054256902922979 -1.8606327474117279
4.3694157386473044e+14 0.4050936205118049 -1.8624521791934967
4.3842839797031219e+14 0.4047679993962526 -1.8642641603946686
4.3992028143863800e+14 0.4044503155769858 -1.8660642206668854
4.4141724148570138e+14 0.4041391426504408 -1.8678553402423859
4.4291929538607644e+14 0.4038287644789146 -1.8696628510951996
4.4442646047311938e+14 0.4035228355324864 -1.8714807927608490
4.4593875413916812e+14 0.4032233404105449 -1.8732927739620209
4.4745619383574338e+14 0.4029306831872007 -1.8750928342342377
4.4897879707374975e+14 0.4026432679048124 -1.8768899142742157
4.5050658142367794e+14 0.4023624479767671 -1.8786765635013580
4.5203956451580756e+14 0.4020891316400562 -1.8804527819156647
4.5357776404041044e+14 0.4018218994144069 -1.8822215497493744
4.5512119774795488e+14 0.4015611314548804 -1.8839813768863678
4.5666988344931225e+14 0.4013062981090630 -1.8857337534427643
4.5822383901595519e+14 0.4010576192171054 -1.8874786794185638
4.5978308238017494e+14 0.4008147895034171 -1.8892176449298859
4.6134763153528081e+14 0.4005766822570320 -1.8909566104412079
4.6291750453580975e+14 0.4003448101966876 -1.8926881253719330
4.6449271949773469e+14 0.4001191399636773 -1.8944106996059418
4.6607329459867350e+14 0.3998989764235681 -1.8961273133754730
4.6765924807809888e+14 0.3996855161283116 -1.8978334963321686
4.6925059823754875e+14 0.3994758388834492 -1.8995396792888641
4.7084736344083744e+14 0.3992736071609889 -1.9012324512004852
4.7244956211426769e+14 0.3990767624769984 -1.9029192626476288
4.7405721274684325e+14 0.3988854374041880 -1.9046001136302948
4.7567033389048212e+14 0.3986994680656042 -1.9062735140323639
4.7728894416023281e+14 0.3985193213068479 -1.9079394638538361
4.7891306223448119e+14 0.3983439729782184 -1.9096039235591888
4.8054270685517775e+14 0.3981738855934937 -1.9112609326839447
4.8217789682804606e+14 0.3980093244721641 -1.9129119813442230
4.8381865102280188e+14 0.3978503109792350 -1.9145570695400238
4.8546498837337081e+14 0.3976964965315781 -1.9161947071552277
4.8711692787810669e+14 0.3975473485594225 -1.9178278744220734
4.8877448860001100e+14 0.3974029937841940 -1.9194550812244415
4.9043768966695269e+14 0.3972640524983710 -1.9210763275623322
4.9210655027188912e+14 0.3971304364284646 -1.9226916134357452
4.9378108967308731e+14 0.3970014657332705 -1.9243009388446808
4.9546132719434625e+14 0.3968767897547202 -1.9259162247180939
4.9714728222522219e+14 0.3967540702993452 -1.9275508821010590
4.9883897422124369e+14 0.3966369963113671 -1.9291780889034271
5.0053642270414894e+14 0.3965263126820028 -1.9307963550090790
5.0223964726210250e+14 0.3964188094583435 -1.9324146211147308
5.0394866754992350e+14 0.3963164622150671 -1.9340269267559052
5.0566350328931250e+14 0.3962184282380682 -1.9356347620487213
5.0738417426907906e+14 0.3961259614299827 -1.9372366368770599
5.0911070034536994e+14 0.3960379883877498 -1.9388340413570404
5.1084310144189856e+14 0.3959544090077679 -1.9404284656047821
5.1258139755017450e+14 0.3958760717438202 -1.9420169293880463
5.1432560872973462e+14 0.3958000990008725 -1.9436202943325043
5.1607575510837425e+14 0.3957292881193065 -1.9452176988124847
5.1783185688238162e+14 0.3956635194364271 -1.9468106329441071
5.1959393431676256e+14 0.3956014882864123 -1.9484020769596100
5.2136200774548706e+14 0.3955441457596590 -1.9499875605106354
5.2313609757171525e+14 0.3954908238429987 -1.9515715539455414
5.2491622426803519e+14 0.3954427369090262 -1.9531495869159698
5.2670240837669894e+14 0.3953980411811295 -1.9547261297702789
5.2849467050985988e+14 0.3953572045230691 -1.9562996923923492
5.3029303134981019e+14 0.3953216059242854 -1.9578687846660614
5.3209751164921988e+14 0.3952888348466366 -1.9594483077526093
5.3390813223137600e+14 0.3952608690807654 -1.9610233604907990
5.3572491399042306e+14 0.3952362192407065 -1.9625984132289886
5.3754787789160431e+14 0.3952154432010196 -1.9641704857349396
5.3937704497150319e+14 0.3951998653985320 -1.9657365977764130
5.4121243633828888e+14 0.3951870357211256 -1.9673041999340057
5.4305407317195062e+14 0.3951790079449256 -1.9688673317432404
5.4490197672455556e+14 0.3951738371126680 -1.9704304635524750
5.4675616832048519e+14 0.3951730047205935 -1.9719906151294708
5.4861666935668344e+14 0.3951760346307789 -1.9735507667064667
5.5048350130290381e+14 0.3951822772586083 -1.9751198589801788
5.5235668570195712e+14 0.3951922309211282 -1.9766874611377716
5.5423624416995994e+14 0.3952061938288068 -1.9782535731792450
5.5612219839658406e+14 0.3952240082864994 -1.9798167049884796
5.5801457014530700e+14 0.3952447162140943 -1.9813798367977142
5.5991338125366294e+14 0.3952690951112502 -1.9829429686069489
5.6181865363349475e+14 0.3952961333138949 -1.9845075905323029
5.6373040927120700e+14 0.3953271093960198 -1.9860692322254181
5.6564867022802175e+14 0.3953622415096206 -1.9876278936862946
5.6757345864022400e+14 0.3954004451297637 -1.9891850650310516
5.6950479671943112e+14 0.3954410928989279 -1.9907437264919281
5.7144270675283988e+14 0.3954853219243136 -1.9922994077205658
5.7338721110348562e+14 0.3955317186044257 -1.9938595592975616
5.7533833221050088e+14 0.3955828344003177 -1.9954137504100800
5.7729609258937375e+14 0.3956354478178447 -1.9969739019870758
5.7926051483220825e+14 0.3956923809671862 -1.9985295832157135
5.8123162160798462e+14 0.3957513891055792 -2.0000882446765900
5.8320943566282125e+14 0.3958131002148768 -2.0016483962535858
5.8519397982023675e+14 0.3958795402076713 -2.0032204687595367
5.8718527698141362e+14 0.3959472144668931 -2.0048074424266815
5.8918335012546500e+14 0.3960193752313720 -2.0063929259777069
5.9118822230969000e+14 0.3960936460732850 -2.0079813897609711
5.9319991666985425e+14 0.3961715221671132 -2.0095683634281158
5.9521845642044762e+14 0.3962516953349686 -2.0111583173274994
5.9724386485495375e+14 0.3963335456041027 -2.0127527415752411
5.9927616534611950e+14 0.3964187692579297 -2.0143471658229828
6.0131538134622475e+14 0.3965072648390571 -2.0159415900707245
6.0336153638735250e+14 0.3965975827168065 -2.0175360143184662
6.0541465408166050e+14 0.3966887463904658 -2.0191349089145660
6.0747475812165425e+14 0.3967842053883170 -2.0207308232784271
6.0954187228045988e+14 0.3968809637495919 -2.0223312079906464
6.1161602041209888e+14 0.3969800536825564 -2.0239345729351044
6.1369722645176538e+14 0.3970810020789548 -2.0255424082279205
6.1578551441609288e+14 0.3971860704758189 -2.0271472632884979
6.1788090840344612e+14 0.3972911517541425 -2.0287610590457916
6.1998343259418900e+14 0.3973990127890445 -2.0303748548030853
6.2209311125096662e+14 0.3975090821554129 -2.0319961011409760
6.2420996871898475e+14 0.3976211255805669 -2.0336218178272247
6.2633402942629125e+14 0.3977350391661691 -2.0352505147457123
6.2846531788405725e+14 0.3978514366090951 -2.0368821918964386
6.3060385868686088e+14 0.3979679822298161 -2.0385228097438812
6.3274967651297062e+14 0.3980882619550757 -2.0401604473590851
6.3490279612462988e+14 0.3982091010234908 -2.0418070256710052
6.3706324236834300e+14 0.3983325860813012 -2.0434536039829254
6.3923104017516250e+14 0.3984566513879903 -2.0451135933399200
6.4140621456097800e+14 0.3985844663244798 -2.0467825233936310
6.4358879062679612e+14 0.3987130275320453 -2.0484589040279388
6.4577879355904450e+14 0.3988417123860179 -2.0501442253589630
6.4797624862985262e+14 0.3989729907127000 -2.0518310368061066
6.5018118119734588e+14 0.3991060635881009 -2.0535223186016083
6.5239361670593850e+14 0.3992412319476324 -2.0552180707454681
6.5461358068662662e+14 0.3993764492352142 -2.0569212734699249
6.5684109875728338e+14 0.3995129897583086 -2.0586304366588593
6.5907619662295425e+14 0.3996515215789235 -2.0603545010089874
6.6131890007615400e+14 0.3997908410385733 -2.0620860159397125
6.6356923499716388e+14 0.3999318453736827 -2.0638234913349152
6.6582722735433075e+14 0.4000732294506603 -2.0655669271945953
6.6809290320436638e+14 0.4002162888426596 -2.0673163235187531
6.7036628869265112e+14 0.4003600385777266 -2.0690731704235077
6.7264741005352425e+14 0.4005045153843486 -2.0708374679088593
6.7493629361060400e+14 0.4006495395246785 -2.0726092159748077
6.7723296577707925e+14 0.4007946362106531 -2.0743809640407562
6.7953745305601800e+14 0.4009412542460341 -2.0761571824550629
6.8184978204067275e+14 0.4010875202636490 -2.0779438316822052
6.8416997941478750e+14 0.4012348774901653 -2.0797349512577057
6.8649807195290562e+14 0.4013822380079911 -2.0815365016460419
6.8883408652067875e+14 0.4015301499583517 -2.0833440124988556
6.9117805007517712e+14 0.4016786347014585 -2.0851589739322662
6.9352998966520038e+14 0.4018271739289151 -2.0869828760623932
6.9588993243158962e+14 0.4019755512260370 -2.0888127386569977
6.9825790560754400e+14 0.4021238108872017 -2.0906515419483185
7.0063393651892262e+14 0.4022733539700569 -2.0924948155879974
7.0301805258457812e+14 0.4024226691885166 -2.0943485200405121
7.0541028131666088e+14 0.4025705114522558 -2.0962141454219818
7.0781065032093925e+14 0.4027194472538098 -2.0980842411518097
7.1021918729711900e+14 0.4028680964259806 -2.0999647676944733
7.1263592003916225e+14 0.4030160533267912 -2.1018557250499725
7.1506087643560800e+14 0.4031640771661492 -2.1037511527538300
7.1749408446989475e+14 0.4033112115158775 -2.1056555211544037
7.1993557222068300e+14 0.4034580486861150 -2.1075703203678131
7.2238536786217900e+14 0.4036046750715490 -2.1094940602779388
7.2484349966446025e+14 0.4037505376644133 -2.1114267408847809
7.2730999599380475e+14 0.4038947691739889 -2.1133728325366974
7.2978488531300600e+14 0.4040401608816088 -2.1153248846530914
7.3226819618172000e+14 0.4041831663232713 -2.1172858774662018
7.3475995725678212e+14 0.4043252991063668 -2.1192468702793121
7.3726019729254150e+14 0.4044653013218209 -2.1212212741374969
7.3976894514119212e+14 0.4046062059453061 -2.1232016384601593
7.4228622975310662e+14 0.4047431604008421 -2.1251998841762543
7.4481208017716950e+14 0.4048819451666298 -2.1272011101245880
7.4734652556111325e+14 0.4050187227176285 -2.1292157471179962
7.4988959515185375e+14 0.4051531404491938 -2.1312437951564789
7.5244131829582838e+14 0.4052871908001886 -2.1332837641239166
7.5500172443933475e+14 0.4054201793567487 -2.1353341639041901
7.5757084312887000e+14 0.4055509095244662 -2.1373979747295380
7.6014870401147538e+14 0.4056785651948649 -2.1394751965999603
7.6273533683506538e+14 0.4058065958421569 -2.1415613591670990
7.6533077144879050e+14 0.4059355837205305 -2.1436549723148346
7.6793503780336825e+14 0.4060581252483387 -2.1457679569721222
7.7054816595143262e+14 0.4061809271354004 -2.1478869020938873
7.7317018604788075e+14 0.4063006161288617 -2.1500192582607269
7.7580112835022075e+14 0.4064189046889818 -2.1521635353565216
7.7844102321892075e+14 0.4065342682039951 -2.1543197333812714
7.8108990111775975e+14 0.4066479566578582 -2.1564878523349762
7.8374779261417862e+14 0.4067591436141688 -2.1586693823337555
7.8641472837963312e+14 0.4068691817671971 -2.1608613431453705
7.8909073918994788e+14 0.4069740762008910 -2.1630682051181793
7.9177585592567125e+14 0.4070769275877785 -2.1652720868587494
7.9447010957243538e+14 0.4071787243191221 -2.1674863994121552
7.9717353122130038e+14 0.4072762979638266 -2.1697171032428741
7.9988615206913262e+14 0.4073715072285617 -2.1719597280025482
8.0260800341895212e+14 0.4074631509653541 -2.1742157638072968
8.0533911668029662e+14 0.4075518526554068 -2.1764867007732391
8.0807952336958412e+14 0.4076370868381381 -2.1787725389003754
8.1082925511047688e+14 0.4077206543436676 -2.1810822188854218
8.1358834363424575e+14 0.4078007407117532 -2.1834082901477814
8.1635682078013700e+14 0.4078767637123419 -2.1857492625713348
8.1913471849573925e+14 0.4079500002088137 -2.1881051361560822
8.2192206883735262e+14 0.4080197698990771 -2.1904729306697845
8.2471890397035788e+14 0.4080857306192655 -2.1928571164608002
8.2752525616959200e+14 0.4081485860741653 -2.1952517330646515
8.3034115781970612e+14 0.4082054525016477 -2.1976254880428314
8.3316664141556025e+14 0.4082590246343461 -2.2000156342983246
8.3600173956258450e+14 0.4083096798677056 -2.2024147212505341
8.3884648497715850e+14 0.4083555306568555 -2.2048316895961761
8.4170091048698912e+14 0.4083962085280671 -2.2072635591030121
8.4456504903148950e+14 0.4084319304144359 -2.2097133100032806
8.4743893366215888e+14 0.4084663178356339 -2.2121720016002655
8.5032259754296400e+14 0.4084953649453675 -2.2146545350551605
8.5321607395072200e+14 0.4085187965475035 -2.2171549499034882
8.5611939627548425e+14 0.4085370107385842 -2.2196702659130096
8.5903259802092175e+14 0.4085516101816747 -2.2221989929676056
8.6195571280471525e+14 0.4085619121480133 -2.2247441112995148
8.6488877435892925e+14 0.4085669654008586 -2.2273026406764984
8.6783181653042212e+14 0.4085662466063295 -2.2298671305179596
8.7078487328122262e+14 0.4085597940322732 -2.2324241697788239
8.7374797868892575e+14 0.4085481048292364 -2.2349961102008820
8.7672116694708550e+14 0.4085312936779714 -2.2375844419002533
8.7970447236560962e+14 0.4085103181951713 -2.2401861846446991
8.8269792937115562e+14 0.4084828225139163 -2.2428028285503387
8.8570157250752800e+14 0.4084510911913418 -2.2454358637332916
8.8871543643607688e+14 0.4084112136318271 -2.2480912506580353
8.9173955593609775e+14 0.4083652548195080 -2.2507645189762115
8.9477396590523338e+14 0.4083135195581705 -2.2534556686878204
8.9781870135987600e+14 0.4082582210447275 -2.2561587393283844
9.0087379743557512e+14 0.4081942010806778 -2.2588811814785004
9.0393928938742862e+14 0.4081243321076977 -2.2616200149059296
9.0701521259051150e+14 0.4080474119628150 -2.2643752396106720
9.1010160254026888e+14 0.4079642087373142 -2.2671319544315338
9.1319849485293025e+14 0.4078757485328086 -2.2699035704135895
9.1630592526591950e+14 0.4077789337383501 -2.2726945579051971
9.1942392963826800e+14 0.4076776266056025 -2.2754974663257599
9.2255254395102838e+14 0.4075659875661228 -2.2783242166042328
9.2569180430768912e+14 0.4074462048048351 -2.2811688482761383
9.2884174693459175e+14 0.4073244271480563 -2.2839970886707306
9.3200240818134900e+14 0.4071946885923395 -2.2868268191814423
9.3517382452126350e+14 0.4070566249728371 -2.2896744310855865
9.3835603255174975e+14 0.4069106612318986 -2.2925399243831635
9.4154906899475912e+14 0.4067569267951915 -2.2954218089580536
9.4475297069718938e+14 0.4065977727855384 -2.2983156144618988
9.4796777463133212e+14 0.4064288190212778 -2.3012302815914154
9.5119351789528438e+14 0.4062506152465084 -2.3041747510433197
9.5443023771338050e+14 0.4060642810054483 -2.3071341216564178
9.5767797143662188e+14 0.4058706451268291 -2.3101113736629486
9.6093675654310775e+14 0.4056662297667104 -2.3131065070629120
9.6420663063846775e+14 0.4054553483530428 -2.3161180317401886
9.6748763145629588e+14 0.4052342008308966 -2.3191474378108978
9.7077979685858600e+14 0.4050054470784870 -2.3221649229526520
9.7408316483616875e+14 0.4047707868187317 -2.3251898586750031
9.7739777350915375e+14 0.4045250100162085 -2.3282341659069061
9.8072366112735388e+14 0.4042698262566361 -2.3312948644161224
9.8406086607075025e+14 0.4040057766107154 -2.3343749344348907
9.8740942684991938e+14 0.4037329682079540 -2.3374684154987335
9.9076938210648150e+14 0.4034496733261674 -2.3405827581882477
9.9414077061354662e+14 0.4031557263119948 -2.3437134921550751
9.9752363127616150e+14 0.4028510517307204 -2.3468650877475739
1.0009180031317592e+15 0.4025382101092709 -2.3500300943851471
1.0043239253506095e+15 0.4022141682635531 -2.3532144725322723
1.0077414372362700e+15 0.4018776029849916 -2.3564197123050690
1.0111705782260412e+15 0.4015368033961795 -2.3596145212650299
1.0146113878914202e+15 0.4011840359506503 -2.3628003895282745
1.0180639059385582e+15 0.4008254857138130 -2.3659996688365936
1.0215281722087228e+15 0.4004536867687399 -2.3692168295383453
1.0250042266787402e+15 0.4000698291588488 -2.3724533617496490
1.0284921094614829e+15 0.3996751005407115 -2.3757062852382660
1.0319918608063149e+15 0.3992688073035727 -2.3789770901203156
1.0355035210995608e+15 0.3988526675913058 -2.3822642862796783
1.0390271308649716e+15 0.3984235994792965 -2.3855693638324738
1.0425627307641926e+15 0.3979827340804165 -2.3888923227787018
1.0461103615972324e+15 0.3975274460593646 -2.3922361433506012
1.0496700643029339e+15 0.3970614679214295 -2.3955948650836945
1.0532418799594464e+15 0.3965835001530576 -2.3989684879779816
1.0568258497847000e+15 0.3960949368007972 -2.4023406207561493
1.0604220151368812e+15 0.3955960058769452 -2.4057276546955109
1.0640304175149101e+15 0.3950825449880999 -2.4091340601444244
1.0676510985589235e+15 0.3945561399477202 -2.4125598371028900
1.0712841000507380e+15 0.3940159985301434 -2.4160034954547882
1.0749294639143585e+15 0.3934617169710191 -2.4194650352001190
1.0785872322164445e+15 0.3928935555509996 -2.4229444563388824
1.0822574471667999e+15 0.3923140891087086 -2.4264387786388397
1.0859401511188600e+15 0.3917165076692813 -2.4299569427967072
1.0896353865701804e+15 0.3911054431155065 -2.4334929883480072
1.0933431961629270e+15 0.3904821483161556 -2.4370424449443817
1.0970636226843689e+15 0.3898489448507535 -2.4405784904956818
1.1007967090673710e+15 0.3892073671443854 -2.4440921843051910
1.1045424983908909e+15 0.3885524274377333 -2.4476207792758942
1.1083010338804744e+15 0.3878825651331442 -2.4511672556400299
1.1120723589087556e+15 0.3871970429582192 -2.4547316133975983
1.1158565169959615e+15 0.3864964184444502 -2.4583138525485992
1.1196535518103958e+15 0.3857804740911353 -2.4619124829769135
1.1234635071689702e+15 0.3850481293171820 -2.4655289947986603
1.1272864270376925e+15 0.3842996267109585 -2.4691633880138397
1.1311223555321772e+15 0.3835363504560987 -2.4728141725063324
1.1349713369181560e+15 0.3827550239671319 -2.4764828383922577
1.1388334156119875e+15 0.3819578106802251 -2.4801723659038544
1.1427086361811708e+15 0.3811459191259167 -2.4838574230670929
1.1465970433448582e+15 0.3803237282165065 -2.4875469505786896
1.1504986819743735e+15 0.3794792235006085 -2.4912618100643158
1.1544135970937278e+15 0.3786202233574738 -2.4949915707111359
1.1583418338801445e+15 0.3777386434184962 -2.4987421929836273
1.1622834376645622e+15 0.3768430666953951 -2.5025077164173126
1.1662384539321858e+15 0.3759288866412086 -2.5062881410121918
1.1702069283229918e+15 0.3749969813648349 -2.5100894272327423
1.1741889066322610e+15 0.3740430143349510 -2.5139085948467255
1.1781844348111060e+15 0.3730716157897684 -2.5177456438541412
1.1821935589670018e+15 0.3720836601200611 -2.5215961039066315
1.1862163253643180e+15 0.3710820234636207 -2.5254331529140472
1.1902527804248522e+15 0.3700732338578528 -2.5292389094829559
1.1943029707283668e+15 0.3690467525675543 -2.5330610573291779
1.1983669430131242e+15 0.3679992292346830 -2.5368981063365936
1.2024447441764298e+15 0.3669334272955420 -2.5407530367374420
1.2065364212751690e+15 0.3658461178264354 -2.5446258485317230
1.2106420215263588e+15 0.3647364993178209 -2.5485165417194366
1.2147615923076702e+15 0.3636073725858527 -2.5524236261844635
1.2188951811580068e+15 0.3624578329014135 -2.5563456118106842
1.2230428357780315e+15 0.3612868135402768 -2.5602869689464569
1.2272046040307238e+15 0.3600938614219844 -2.5642417371273041
1.2313805339419308e+15 0.3588827477186535 -2.5681979954242706
1.2355706737009220e+15 0.3576658979215256 -2.5721214711666107
1.2397750716609450e+15 0.3564297389679486 -2.5760583579540253
1.2439937763397845e+15 0.3551688307783541 -2.5800161063671112
1.2482268364203205e+15 0.3538847736113978 -2.5839872658252716
1.2524743007510920e+15 0.3525813458752618 -2.5879703462123871
1.2567362183468588e+15 0.3512508635987757 -2.5919742882251740
1.2610126383891685e+15 0.3498986179040952 -2.5959916412830353
1.2653036102269288e+15 0.3485228834713365 -2.6000268757343292
1.2696091833769562e+15 0.3471184681757213 -2.6040799915790558
1.2739294075245788e+15 0.3456916038884537 -2.6081480085849762
1.2782643325241878e+15 0.3442422338048992 -2.6122249662876129
1.2826140083998195e+15 0.3427741572712961 -2.6163004338741302
1.2869784853457320e+15 0.3412829721545010 -2.6203893125057220
1.2913578137269842e+15 0.3397629504981211 -2.6244960725307465
1.2957520440800170e+15 0.3382184387080526 -2.6286162436008453
1.3001612271132365e+15 0.3366466230869810 -2.6327542960643768
1.3045854137076000e+15 0.3350446505011619 -2.6369102299213409
1.3090246549172015e+15 0.3334173687533755 -2.6410795748233795
1.3134790019698622e+15 0.3317666550678400 -2.6452623307704926
1.3179485062677218e+15 0.3300774046910084 -2.6494689285755157
1.3224332193878355e+15 0.3283696620559384 -2.6536829769611359
1.3269331930827492e+15 0.3266498213228364 -2.6578672230243683
1.3314484792811288e+15 0.3249230715527845 -2.6620112359523773
1.3359791300883368e+15 0.3231634248358211 -2.6661731302738190
1.3405251977870400e+15 0.3213830324344933 -2.6703424751758575
1.3450867348378132e+15 0.3195708541537698 -2.6745297014713287
1.3496637938797432e+15 0.3177286315162135 -2.6787303388118744
1.3542564277310372e+15 0.3158545162023466 -2.6829473674297333
1.3588646893896325e+15 0.3139488517613132 -2.6871763169765472
1.3634886320338072e+15 0.3120140142090567 -2.6914231479167938
1.3681283090227945e+15 0.3100478123033113 -2.6956848800182343
1.3727837738974040e+15 0.3080488277971855 -2.6999585330486298
1.3774550803806172e+15 0.3060331748913394 -2.7042143046855927
1.3821422823782405e+15 0.3039842015428852 -2.7084790170192719
1.3868454339795058e+15 0.3019111663203743 -2.7127496898174286
1.3915645894576992e+15 0.2998005628577512 -2.7170412242412567
1.3962998032707885e+15 0.2976531780179864 -2.7213446795940399
1.4010511300620500e+15 0.2954739445216009 -2.7256630361080170
1.4058186246607012e+15 0.2932569574741255 -2.7299948036670685
1.4106023420825320e+15 0.2910019398013899 -2.7343444526195526
1.4154023375305392e+15 0.2887160414105144 -2.7387030422687531
1.4202186663955652e+15 0.2863892020462514 -2.7430780231952667
1.4250513842569360e+15 0.2840411357071726 -2.7474410831928253
1.4299005468831028e+15 0.2816850231096263 -2.7517594397068024
1.4347662102322910e+15 0.2792954089809712 -2.7560897171497345
1.4396484304531240e+15 0.2768640395021318 -2.7604378759860992
1.4445472638853042e+15 0.2743920143587728 -2.7647964656352997
1.4494627670602418e+15 0.2718826083617173 -2.7691684663295746
1.4543949967017108e+15 0.2693340041233955 -2.7735538780689240
1.4593440097265058e+15 0.2667484272220911 -2.7779497206211090
1.4643098632450972e+15 0.2641182148633411 -2.7823604643344879
1.4692926145622912e+15 0.2614442392726583 -2.7867861092090607
1.4742923211778902e+15 0.2587348522249047 -2.7912192046642303
1.4793090407873578e+15 0.2560148461278630 -2.7956061065196991
1.4843428312824820e+15 0.2532446378993437 -2.8000108897686005
1.4893937507520468e+15 0.2504489243439382 -2.8044126927852631
1.4944618574824990e+15 0.2476050667375304 -2.8088353574275970
1.4995472099586298e+15 0.2447074057683963 -2.8132729232311249
1.5046498668642230e+15 0.2417695006379277 -2.8177164494991302
1.5097698870827705e+15 0.2387813578332618 -2.8221763670444489
1.5149073296981265e+15 0.2357504203285818 -2.8266452252864838
1.5200622539951955e+15 0.2326756265905612 -2.8311260044574738
1.5252347194606170e+15 0.2295421850977310 -2.8356231749057770
1.5304247857834512e+15 0.2263919921253106 -2.8400875627994537
1.5356325128558682e+15 0.2231983884675382 -2.8445519506931305
1.5408579607738392e+15 0.2199537049500930 -2.8490297496318817
1.5461011898378298e+15 0.2166735483501697 -2.8535075485706329
1.5513622605534958e+15 0.2133323795036942 -2.8580002486705780
1.5566412336323818e+15 0.2099300953664094 -2.8625153005123138
1.5619381699926210e+15 0.2064831755588444 -2.8670303523540497
1.5672531307596462e+15 0.2029743902976397 -2.8715617954730988
1.5725861772668675e+15 0.1994199334961307 -2.8760991990566254
1.5779373710564200e+15 0.1957975520643380 -2.8806544840335846
1.5833067738798475e+15 0.1921685952140949 -2.8851605951786041
1.5886944476988220e+15 0.1885095754651902 -2.8896428644657135
1.5941004546858590e+15 0.1847898895044092 -2.8941355645656586
1.5995248572250338e+15 0.1810094265659618 -2.8986416757106781
1.6049677179127028e+15 0.1771738878106307 -2.9031537473201752
1.6104290995582245e+15 0.1732757306121377 -2.9076762497425079
1.6159090651846855e+15 0.1693151286412490 -2.9122106730937958
1.6214076780296275e+15 0.1652922272151352 -2.9167555272579193
1.6269250015457828e+15 0.1612022553111136 -2.9213063418865204
1.6324610994017810e+15 0.1570428684754126 -2.9258750379085541
1.6380160354829228e+15 0.1528790126039199 -2.9303885996341705
1.6435898738918915e+15 0.1486852113576827 -2.9348649084568024
1.6491826789494990e+15 0.1444281597895160 -2.9393516480922699
1.6547945151954272e+15 0.1400965855862188 -2.9438547790050507
1.6604254473889742e+15 0.1356957003479948 -2.9483638703823090
1.6660755405098010e+15 0.1312263886315228 -2.9528759419918060
1.6717448597586805e+15 0.1266769043559373 -2.9574073851108551
1.6774334705582520e+15 0.1220626203731291 -2.9619432985782623
1.6831414385537732e+15 0.1173730994728709 -2.9664821922779083
1.6888688296138810e+15 0.1126020532675699 -2.9710359871387482
1.6946157098313490e+15 0.1077308286758839 -2.9756151139736176
1.7003821455238582e+15 0.1027657294258537 -2.9802165925502777
1.7061682032347350e+15 0.0977253357159045 -2.9848210513591766
1.7119739497337595e+15 0.0925867357562672 -2.9894374310970306
1.7177994520179095e+15 0.0873757355448951 -2.9940627515316010
1.7236447773121395e+15 0.0820772040848241 -2.9986925423145294
1.7295099930701578e+15 0.0766719350362746 -3.0033357441425323
1.7353951669752030e+15 0.0711817271286359 -3.0079893767833710
1.7413003669408270e+15 0.0655929932284293 -3.0126489698886871
1.7472256611116772e+15 0.0599103700047674 -3.0173175036907196
1.7531711178642840e+15 0.0542514839263696 -3.0218951404094696
1.7591368058078490e+15 0.0484920332001192 -3.0264817178249359
1.7651227937850372e+15 0.0426403868279750 -3.0310682952404022
1.7711291508727718e+15 0.0366796520072248 -3.0356727540493011
1.7771559463830368e+15 0.0306131696832643 -3.0402772128582001
1.7832032498636508e+15 0.0244437633208315 -3.0448965728282928
1.7892711310991098e+15 0.0181513437878745 -3.0495248734951019
1.7953596601113662e+15 0.0117654800313312 -3.0541546642780304
1.8014689071606430e+15 0.0052556201326965 -3.0587904155254364
1.8075989427462438e+15 -0.0012477099589401 -3.0633516609668732
1.8137498376073675e+15 -0.0076943167583053 -3.0677981674671173
1.8199216627239248e+15 -0.0142493961969995 -3.0722536146640778
1.8261144893173558e+15 -0.0209262374980613 -3.0767120420932770
1.8323283888514532e+15 -0.0277115189094694 -3.0811764299869537
1.8385634330331868e+15 -0.0346240487777235 -3.0856437981128693
1.8448196938135305e+15 -0.0416602364067056 -3.0901215970516205
1.8510972433882930e+15 -0.0488216664108791 -3.0946038663387299
1.8573961541989580e+15 -0.0561116461913506 -3.0990861356258392
1.8637164989334910e+15 -0.0635428356919973 -3.1035847961902618
1.8700583505272220e+15 -0.0711380378044986 -3.1080968677997589
1.8764217821636580e+15 -0.0788952150836671 -3.1126283109188080
1.8828068672753345e+15 -0.0867985061964878 -3.1171657145023346
1.8892136795446635e+15 -0.0948466373939540 -3.1217060983181000
1.8956422929047830e+15 -0.1030666697384096 -3.1262613832950592
1.9020927815404105e+15 -0.1114431109921757 -3.1308196485042572
1.9085652198886995e+15 -0.1199831720811682 -3.1353794038295746
1.9150596826400982e+15 -0.1286883165583787 -3.1399451196193695
1.9215762447392110e+15 -0.1375598554167987 -3.1445138156414032
1.9281149813856718e+15 -0.1466285143071915 -3.1490944325923920
1.9346759680349795e+15 -0.1559420790841861 -3.1537093222141266
1.9412592803994175e+15 -0.1654449202533103 -3.1583331525325775
1.9478649944488940e+15 -0.1751562953474001 -3.1629614531993866
1.9544931864118280e+15 -0.1850577036103994 -3.1675897538661957
1.9611439327760285e+15 -0.1951717891712436 -3.1722240149974823
1.9678173102895768e+15 -0.2055125852761784 -3.1768672168254852
1.9745133959617122e+15 -0.2160673234768321 -3.1815178692340851
1.9812322670637220e+15 -0.2268681209908657 -3.1861700117588043
1.9879740011298310e+15 -0.2378953814012823 -3.1908266246318817
1.9947386759580980e+15 -0.2487712908490641 -3.1953267753124237
2.0015263696113122e+15 -0.2598301619449248 -3.1998105347156525
2.0083371604178958e+15 -0.2711132058307274 -3.2042868435382843
2.0151711269728140e+15 -0.2826690070732299 -3.2087795436382294
2.0220283481384508e+15 -0.2944787868660853 -3.2132692635059357
2.0289089030455675e+15 -0.3065402982800037 -3.2177649438381195
2.0358128710941832e+15 -0.3188869782686930 -3.2222665846347809
2.0427403319544990e+15 -0.3315238081602713 -3.2267726957798004
2.0496913655678182e+15 -0.3444448054065207 -3.2312773168087006
2.0566660521474678e+15 -0.3575518369375086 -3.2357476651668549
2.0636644721797248e+15 -0.3708409154957192 -3.2401718199253082
2.0706867064247445e+15 -0.3844542378320818 -3.2446123659610748
2.0777328359174930e+15 -0.3983821152383913 -3.2490469515323639
2.0848029419686822e+15 -0.4126517165269153 -3.2534874975681305
2.0918971061657075e+15 -0.4272694639896097 -3.2579280436038971
2.0990154103735900e+15 -0.4422572747964780 -3.2623745501041412
2.1061579367359295e+15 -0.4576313137996669 -3.2668255269527435
2.1133247676758185e+15 -0.4733857307224417 -3.2712779939174652
2.1205159858968438e+15 -0.4894969219590678 -3.2757185399532318
2.1277316743840078e+15 -0.5058215345934505 -3.2801054418087006
2.1349719164046938e+15 -0.5225676520471132 -3.2844878733158112
2.1422367955096275e+15 -0.5397556307579443 -3.2888822257518768
2.1495263955338408e+15 -0.5574116595518895 -3.2932735979557037
2.1568408005976388e+15 -0.5755538656409446 -3.2976739108562469
2.1641800951075718e+15 -0.5941929819021110 -3.3020682632923126
2.1715443637574082e+15 -0.6133495277479849 -3.3064655959606171
2.1789336915291125e+15 -0.6330418398417101 -3.3108703792095184
2.1863481636938250e+15 -0.6533254229026693 -3.3152736723423004
2.1937878658128475e+15 -0.6743167371100190 -3.3197037875652313
2.2012528837386380e+15 -0.6959742830059964 -3.3241443336009979
2.2087433036157660e+15 -0.7182840855998713 -3.3285878598690033
2.2162592118819610e+15 -0.7412903258588178 -3.3330343663692474
2.2238006952690735e+15 -0.7650239412691290 -3.3374749124050140
2.2313678408040855e+15 -0.7894972676115887 -3.3419243991374969
2.2389607358101130e+15 -0.8147771601701845 -3.3463753759860992
2.2465794679074165e+15 -0.8408974508063011 -3.3508233726024628
2.2542241250144095e+15 -0.8679067023545306 -3.3552877604961395
2.2618947953486745e+15 -0.8948696666839281 -3.3595867455005646
2.2695915674279810e+15 -0.9226384375090857 -3.3638827502727509
2.2773145300713060e+15 -0.9513501935716044 -3.3681757748126984
2.2850637723998690e+15 -0.9810601328437207 -3.3724628388881683
2.2928393838381235e+15 -1.0118318664993078 -3.3767603337764740
2.3006414541148445e+15 -1.0436843810435370 -3.3810518682003021
2.3084700732641255e+15 -1.0767207462437689 -3.3853493630886078
2.3163253316264290e+15 -1.1109899535469789 -3.3896453678607941
2.3242073198496275e+15 -1.1465712445064824 -3.3939428627490997
2.3321161288900500e+15 -1.1837737455162818 -3.3982701599597931
2.3400518500135315e+15 -1.2225435408228631 -3.4026019275188446
2.3480145747964660e+15 -1.2628942939983929 -3.4069351851940155
2.3560043951268635e+15 -1.3049354289542148 -3.4112714231014252
2.3640214032054115e+15 -1.3487825071402346 -3.4156046807765961
2.3720656915465360e+15 -1.3945583692538113 -3.4199394285678864
2.3801373529794725e+15 -1.4423896753523493 -3.4242875874042511
2.3882364806493450e+15 -1.4923672099748277 -3.4286178648471832
2.3963631680182015e+15 -1.5447368570578504 -3.4329690039157867
2.4045175088661530e+15 -1.5979089079562518 -3.4371681511402130
2.4126995972924150e+15 -1.6534065464683156 -3.4413598477840424
2.4209095277164035e+15 -1.7116000354494796 -3.4455485641956329
2.4291473948788245e+15 -1.7727229461257681 -3.4497521817684174
2.4374132938427685e+15 -1.8369514513523582 -3.4539289772510529
2.4457073199948060e+15 -1.9045739088443554 -3.4581236541271210
2.4540295690460885e+15 -1.9758736325271553 -3.4623198211193085
2.4623801370334535e+15 -2.0511209611208301 -3.4665040671825409
2.4707591203205325e+15 -2.1306921406327186 -3.4706883132457733
2.4791666155988630e+15 -2.2138778375627091 -3.4748263657093048
2.4876027198890045e+15 -2.3019125530014559 -3.4789480268955231
2.4960675305416680e+15 -2.3954177693350007 -3.4830816090106964
2.5045611452387985e+15 -2.4948934380978889 -3.4871973097324371
2.5130836619947635e+15 -2.6009531259203156 -3.4913264214992523
2.5216351791574440e+15 -2.7142930183632141 -3.4954480826854706
2.5302157954093790e+15 -2.8356773659712449 -3.4995712339878082
2.5388256097689035e+15 -2.9659943476585804 -3.5036869347095490
2.5474647215912930e+15 -3.1063103564643657 -3.5078160464763641
2.5561332305699075e+15 -3.2604569215704760 -3.5119988024234772
2.5648312367373450e+15 -3.4277582435358123 -3.5161815583705902
2.5735588404665935e+15 -3.6098923253774990 -3.5203702747821808
2.5823161424721900e+15 -3.8089117011656306 -3.5245619714260101
2.5911032438113830e+15 -4.0272656766111519 -3.5287491977214813
2.5999202458852985e+15 -4.2679575235493346 -3.5329230129718781
2.6087672504401200e+15 -4.5346189115765503 -3.5371102392673492
2.6176443595682220e+15 -4.8317007777349819 -3.5412974655628204
2.6265516757094100e+15 -5.1591634630260845 -3.5454161465167999
2.6354893016520610e+15 -5.5130701750387887 -3.5493694245815277
2.6444573405343200e+15 -5.9127067217231222 -3.5533227026462555
2.6534558958452905e+15 -6.3675802875369314 -3.5572715103626251
2.6624850714262285e+15 -6.8900451885131080 -3.5612203180789948
2.6715449714717410e+15 -7.4964637999692529 -3.5651721060276031
2.6806357005309875e+15 -8.2088502983957508 -3.5691164433956146
2.6897573635088885e+15 -9.0578428994161548 -3.5730607807636261
2.6989100656673335e+15 -10.0868993889704992 -3.5769961774349213
2.7080939126264095e+15 -11.3730621343567417 -3.5809732973575592
2.7173090103655725e+15 -13.0256758010510971 -3.5849638283252716
2.7265554652249400e+15 -15.2051379830427376 -3.5889707505702972
2.7358333839064710e+15 -18.2125442766226158 -3.5929806530475616
2.7451428734752110e+15 -22.6321111805754498 -3.5969682037830353
2.7544840413605250e+15 -29.7629775479326177 -3.6009542644023895
2.7638569953573405e+15 -43.1993162929728456 -3.6049522459506989
2.7732618436273865e+15 -77.9513807821337110 -3.6089412868022919
2.7826986947004475e+15 -379.4036276799953384 -3.6129288375377655
2.7921676574756110e+15 139.1125418517545711 -3.6168210208415985
2.8016688412225270e+15 59.3656993810495806 -3.6206834018230438
2.8112023555826675e+15 37.8916569315604264 -3.6245383322238922
2.8207683105705935e+15 27.9125679593991727 -3.6283947527408600
2.8303668165752335e+15 22.1445482314296846 -3.6322496831417084
2.8399979843611130e+15 18.3878421416293705 -3.6361016333103180
2.8496619250697030e+15 15.7459097804855457 -3.6399506032466888
2.8593587502206525e+15 13.7858735586989134 -3.6437936127185822
2.8690885717130910e+15 12.2788051834969156 -3.6476217210292816
2.8788515018269180e+15 11.0949362370017024 -3.6513932049274445
2.8886476532240985e+15 10.1285217819899582 -3.6551646888256073
2.8984771389499640e+15 9.3240961423722819 -3.6589391529560089
2.9083400724345160e+15 8.6445950333127186 -3.6626957356929779
2.9182365674937350e+15 8.0626292411669667 -3.6664523184299469
2.9281667383308955e+15 7.5586253301467998 -3.6701984703540802
2.9381306995378820e+15 7.1178126795636061 -3.6739550530910492
2.9481285660965120e+15 6.7290360076471432 -3.6777026951313019
2.9581604533798755e+15 6.3825972712603374 -3.6814637482166290
2.9682264771536175e+15 6.0717675404617824 -3.6852322518825531
2.9783267535773455e+15 5.7921198964718927 -3.6889903247356415
2.9884613992059240e+15 5.5392282217410118 -3.6927483975887299
2.9986305309908300e+15 5.3094497697141794 -3.6965049803256989
3.0088342662815015e+15 5.0995659900530379 -3.7002526223659515
3.0190727228266945e+15 4.9072617708334576 -3.7040032446384430
3.0293460187758395e+15 4.7303741224237612 -3.7077434360980988
3.0396542726804060e+15 4.5672372179415195 -3.7114791572093964
3.0499976034952705e+15 4.4189161003583921 -3.7151388823986053
3.0603761305800880e+15 4.2809572710105384 -3.7187941372394562
3.0707899737006835e+15 4.1524169759266911 -3.7224508821964264
3.0812392530303710e+15 4.0320815755120636 -3.7260867655277252
3.0917240891514780e+15 3.9193724691601552 -3.7297330796718597
3.1022446030565605e+15 3.8135510317749475 -3.7333674728870392
3.1128009161499395e+15 3.7139530975879005 -3.7370063364505768
3.1233931502490365e+15 3.6199853578995578 -3.7406317889690399
3.1340214275857935e+15 3.5324238270172867 -3.7442170083522797
3.1446858708080840e+15 3.4504602645942892 -3.7477411329746246
3.1553866029811265e+15 3.3727103242060021 -3.7512682378292084
3.1661237475889060e+15 3.2988457298537530 -3.7547968327999115
3.1768974285355985e+15 3.2285240131803241 -3.7583135068416595
3.1877077701470010e+15 3.1614723201493566 -3.7618093192577362
3.1985548971719665e+15 3.0976267291092787 -3.7653364241123199
3.2094389347838560e+15 3.0365203961581462 -3.7688307464122772
3.2203600085819300e+15 2.9780608436307414 -3.7723369896411896
3.2313182445928795e+15 2.9213205018589683 -3.7758775055408478
3.2423137692722230e+15 2.8670208839545319 -3.7794284522533417
3.2533467095057840e+15 2.8149013786878343 -3.7829644978046417
3.2644171926111520e+15 2.7648806252923368 -3.7865005433559418
3.2755253463391525e+15 2.7168125350462882 -3.7900127470493317
3.2866712988753215e+15 2.6706064850797469 -3.7935324013233185
3.2978551788413840e+15 2.6261517604591873 -3.7970505654811859
3.3090771152967395e+15 2.5833248671979963 -3.8005657494068146
3.3203372377399505e+15 2.5424590628133283 -3.8040332496166229
3.3316356761102365e+15 2.5032302649926144 -3.8074918091297150
3.3429725607889750e+15 2.4652945147895142 -3.8109354674816132
3.3543480226012170e+15 2.4286401636490060 -3.8143716752529144
3.3657621928171460e+15 2.3931478817847900 -3.8178034126758575
3.3772152031536710e+15 2.3588340661895617 -3.8212440907955170
3.3887071857758935e+15 2.3255598232203223 -3.8246668875217438
3.4002382732986460e+15 2.2933105568701486 -3.8280837237834930
3.4118085987880240e+15 2.2624552572973120 -3.8314573466777802
3.4234182957629185e+15 2.2329404634859054 -3.8347654044628143
3.4350674981965590e+15 2.2042527041698472 -3.8380749523639679
3.4467563405180590e+15 2.1763437976809494 -3.8413845002651215
3.4584849576139665e+15 2.1491931266853070 -3.8446746766567230
3.4702534848298230e+15 2.1227727717456424 -3.8479708135128021
3.4820620579717210e+15 2.0970477273127623 -3.8512639701366425
3.4939108133078760e+15 2.0719506847001035 -3.8545347750186920
3.5057998875702100e+15 2.0475093189045088 -3.8578160107135773
3.5177294179558735e+15 2.0236570331609660 -3.8610868155956268
3.5296995421289135e+15 2.0003906334604640 -3.8643665611743927
3.5417103982218075e+15 1.9776468837408498 -3.8676135241985321
3.5537621248370680e+15 1.9554428363166052 -3.8708604872226715
3.5658548610488445e+15 1.9337535975693316 -3.8741104304790497
3.5779887464045285e+15 1.9125457968021309 -3.8773499429225922
3.5901639209263630e+15 1.8918035509091435 -3.8805954158306122
3.6023805251130575e+15 1.8714962944480178 -3.8838170468807220
3.6146386999414110e+15 1.8519758046431662 -3.8870029151439667
3.6269385868679385e+15 1.8328525359166512 -3.8901574909687042
3.6392803278305170e+15 1.8141239649650684 -3.8933180272579193
3.6516640652499500e+15 1.7957681906571736 -3.8964621722698212
3.6640899420317760e+15 1.7777449582915485 -3.8995973765850067
3.6765581015677065e+15 1.7600845300136541 -3.9027400314807892
3.6890686877374455e+15 1.7427527007584469 -3.9058797061443329
3.7016218449102765e+15 1.7257302551126616 -3.9090000092983246
3.7142177179467430e+15 1.7089519048984625 -3.9121441543102264
3.7268564522003185e+15 1.6924370587803073 -3.9152748882770538
3.7395381935190860e+15 1.6762060491130524 -3.9184026420116425
3.7522630882474195e+15 1.6602504465762555 -3.9215244352817535
3.7650312832276735e+15 1.6445645905291599 -3.9246417582035065
3.7778429258018785e+15 1.6291286627622095 -3.9277486503124237
3.7906981638134390e+15 1.6139394550510833 -3.9308391511440277
3.8035971456088565e+15 1.5989992175367467 -3.9339520037174225
3.8165400200393795e+15 1.5845841152174598 -3.9369828999042511
3.8295269364628140e+15 1.5705581833004838 -3.9399780333042145
3.8425580447451845e+15 1.5567223421844874 -3.9429478347301483
3.8556334952624795e+15 1.5430986939745688 -3.9459414780139923
3.8687534389023870e+15 1.5296442620328097 -3.9488993585109711
3.8819180270660350e+15 1.5163834146616695 -3.9518706500530243
3.8951274116697395e+15 1.5032908571927206 -3.9548255503177643
3.9083817451467565e+15 1.4903689404461746 -3.9577670395374298
3.9216811804490420e+15 1.4775900134329938 -3.9607189595699310
3.9350258710490170e+15 1.4649458600312932 -3.9636634290218353
3.9484159709413370e+15 1.4524551502457526 -3.9666123688220978
3.9618516346446720e+15 1.4401118879197823 -3.9695464074611664
3.9753330172035030e+15 1.4279101173209061 -3.9724744856357574
3.9888602741898475e+15 1.4158456536872788 -3.9753891527652740
4.0024335617051520e+15 1.4039165432031659 -3.9783142507076263
4.0160530363820290e+15 1.3921133220035156 -3.9812244474887848
4.0297188553860795e+15 1.3804526782340605 -3.9841152727603912
4.0434311764177075e+15 1.3689358307996735 -3.9870060980319977
4.0571901577139405e+15 1.3575330743066578 -3.9898969233036041
4.0709959580502535e+15 1.3462395883387044 -3.9927564561367035
4.0848487367424030e+15 1.3350533968679319 -3.9956353604793549
4.0987486536482650e+15 1.3239695350659448 -3.9984919130802155
4.1126958691696800e+15 1.3129843835813506 -4.0013559162616730
4.1266905442543025e+15 1.3020943812448378 -4.0042005479335785
4.1407328403974605e+15 1.2914221521874980 -4.0070094168186188
4.1548229196440350e+15 1.2809852706441034 -4.0097765624523163
4.1689609445902610e+15 1.2706271702835277 -4.0125437080860138
4.1831470783857075e+15 1.2603471152441617 -4.0152944624423981
4.1973814847350920e+15 1.2501418797056654 -4.0180288255214691
4.2116643279001860e+15 1.2400060970586237 -4.0207646787166595
4.2259957727017090e+15 1.2299382313582872 -4.0234990417957306
4.2403759845212350e+15 1.2199342768880226 -4.0262170135974884
4.2548051293030965e+15 1.2100408989131084 -4.0289260447025299
4.2692833735563005e+15 1.2002634262603908 -4.0316142141819000
4.2838108843564525e+15 1.1905422875471670 -4.0342889726161957
4.2983878293476805e+15 1.1808737924975792 -4.0369488298892975
4.3130143767445915e+15 1.1712511073362128 -4.0396280586719513
4.3276906953341205e+15 1.1616823319065357 -4.0422715246677399
4.3424169544776750e+15 1.1521462837472267 -4.0449298918247223
4.3571933241128410e+15 1.1426605453959626 -4.0475659072399139
4.3720199747555390e+15 1.1331590811510981 -4.0502183139324188
4.3868970775019030e+15 1.1236535534600511 -4.0528856217861176
4.4018248040302725e+15 1.1141868439482270 -4.0555067360401154
4.4168033266031740e+15 1.1047420073013239 -4.0581680834293365
4.4318328180693085e+15 1.0953296783470616 -4.0608011186122894
4.4469134518655460e+15 1.0859547496325896 -4.0634132921695709
4.4620454020189280e+15 1.0765952983194031 -4.0660418570041656
4.4772288431486745e+15 1.0672620518047080 -4.0686585009098053
4.4924639504681995e+15 1.0580493464096148 -4.0712513029575348
4.5077508997871510e+15 1.0488969536479322 -4.0738008916378021
4.5230898675133670e+15 1.0397536220501682 -4.0763638913631439
4.5384810306550220e+15 1.0306294801344880 -4.0789179503917694
4.5539245668225920e+15 1.0215197636718203 -4.0814541280269623
4.5694206542309300e+15 1.0124150996458103 -4.0839754045009613
4.5849694717013150e+15 1.0033169174479635 -4.0865115821361542
4.6005711986635200e+15 0.9942217146630727 -4.0890164673328400
4.6162260151578810e+15 0.9852006207672718 -4.0915243327617645
4.6319341018373760e+15 0.9761974308959429 -4.0939964354038239
4.6476956399697070e+15 0.9671828203457731 -4.0964789688587189
4.6635108114393940e+15 0.9581699060522137 -4.0989480912685394
4.6793797987498750e+15 0.9491365961967032 -4.1014127433300018
4.6953027850256080e+15 0.9401155094819782 -4.1038580238819122
4.7112799540142060e+15 0.9310594094837156 -4.1063077747821808
4.7273114900884840e+15 0.9219969326166648 -4.1087560355663300
4.7433975782486930e+15 0.9129579504897024 -4.1111685335636139
4.7595384041245870e+15 0.9038806441008987 -4.1135899722576141
4.7757341539775790e+15 0.8947887993840251 -4.1159950196743011
4.7919850147028940e+15 0.8856623683381568 -4.1184119880199432
4.8082911738317200e+15 0.8765211761508215 -4.1208051145076752
4.8246528195333800e+15 0.8673354881209040 -4.1232012212276459
4.8410701406174960e+15 0.8581294265882080 -4.1255675256252289
4.8575433265361740e+15 0.8489667593474329 -4.1279293596744537
4.8740725673861850e+15 0.8399057740371114 -4.1302420198917389
4.8906580539111620e+15 0.8307880075372062 -4.1325487196445465
4.9072999775038000e+15 0.8216422647482591 -4.1348449885845184
4.9239985302080850e+15 0.8124229470254457 -4.1371501982212067
4.9407539047214290e+15 0.8031726676304911 -4.1394449770450592
4.9575662943970160e+15 0.7938759064393703 -4.1417248547077179
4.9744358932459500e+15 0.7845183379467596 -4.1439987719058990
4.9913628959395190e+15 0.7750956766678444 -4.1462682187557220
5.0083474978114330e+15 0.7656154087685350 -4.1485227644443512
5.0253898948600880e+15 0.7560790823869319 -4.1507668793201447
5.0424902837508210e+15 0.7464527808314908 -4.1530214250087738
5.0596488618181820e+15 0.7367773606797815 -4.1552551090717316
5.0768658270682100e+15 0.7269974419330324 -4.1574977338314056
5.0941413781807180e+15 0.7171638045953549 -4.1597165167331696
5.1114757145116100e+15 0.7072392584957274 -4.1619293391704559
5.1288690360950720e+15 0.6973002143382645 -4.1641317307949066
5.1463215436461130e+15 0.6872446356475934 -4.1663326323032379
5.1638334385625880e+15 0.6771158192654926 -4.1685052216053009
5.1814049229277530e+15 0.6668875313589121 -4.1706897318363190
5.1990361995124900e+15 0.6565342481311607 -4.1728578507900238
5.2167274717776720e+15 0.6461007385862860 -4.1750155389308929
5.2344789438765060e+15 0.6355238948917378 -4.1771806776523590
5.2522908206568910e+15 0.6249745562921235 -4.1793011128902435
5.2701633076637840e+15 0.6144067008725096 -4.1814096271991730
5.2880966111415700e+15 0.6037286565473341 -4.1835092008113861
5.3060909380364400e+15 0.5929113699833237 -4.1855730116367340
5.3241464959987830e+15 0.5819430958615234 -4.1876681149005890
5.3422634933856010e+15 0.5708634212020278 -4.1897423565387726
5.3604421392628290e+15 0.5596277917930905 -4.1918091475963593
5.3786826434078740e+15 0.5482596951069346 -4.1938491165637970
5.3969852163119560e+15 0.5367189048892624 -4.1958980262279510
5.4153500691825490e+15 0.5250191147292116 -4.1979454457759857
5.4337774139458270e+15 0.5131396027475230 -4.1999764740467072
5.4522674632491040e+15 0.5010724941835906 -4.2020253837108612
5.4708204304632920e+15 0.4888546616361764 -4.2040325701236725
5.4894365296853600e+15 0.4764077546968148 -4.2060546576976776
5.5081159757408040e+15 0.4637779047685928 -4.2080529034137726
5.5268589841861320e+15 0.4509094737614084 -4.2100556194782257
5.5456657713113440e+15 0.4377361093192859 -4.2120717465877533
5.5645365541424320e+15 0.4243677571309296 -4.2140670120716095
5.5834715504439080e+15 0.4107284960020171 -4.2160637676715851
5.6024709787212230e+15 0.3968504577249329 -4.2180590331554413
5.6215350582234260e+15 0.3827038762513372 -4.2200334370136261
5.6406640089456040e+15 0.3682919936708691 -4.2220078408718109
5.6598580516314430e+15 0.3535639085884326 -4.2239867150783539
5.6791174077757770e+15 0.3389268667910304 -4.2258881032466888
5.6984422996271380e+15 0.3239770144084431 -4.2278014123439789
5.7178329501903300e+15 0.3087197824942512 -4.2296953499317169
5.7372895832289940e+15 0.2931452212470315 -4.2315848171710968
5.7568124232681940e+15 0.2772143765945591 -4.2334862053394318
5.7764016955970090e+15 0.2609388825945627 -4.2353518307209015
5.7960576262711310e+15 0.2443006152988260 -4.2372100055217743
5.8157804421154710e+15 0.2273263763841054 -4.2390666902065277
5.8355703707268080e+15 0.2099674441475462 -4.2409218847751617
5.8554276404763120e+15 0.1921928042903160 -4.2427621781826019
5.8753524805123260e+15 0.1739775674067378 -4.2445801198482513
5.8953451207629180e+15 0.1553140477171573 -4.2464159429073334
5.9154057919385490e+15 0.1361236823360009 -4.2482115328311920
5.9355347255347480e+15 0.1164251544037461 -4.2500369250774384
5.9557321538347700e+15 0.0961566541705859 -4.2518369853496552
5.9759983099122890e+15 0.0752942624577617 -4.2536310851573944
5.9963334276340770e+15 0.0538270995474075 -4.2554222047328949
6.0167377416627100e+15 0.0317112741533095 -4.2572028934955597
6.0372114874592730e+15 0.0089324554022510 -4.2589701712131500
6.0577549012861030e+15 -0.0145738561158299 -4.2607553303241730
6.0783682202093890e+15 -0.0388572647040992 -4.2625151574611664
6.0990516821021850e+15 -0.0639872785755013 -4.2642898857593536
6.1198055256468020e+15 -0.0895950158967819 -4.2660020291805267
6.1406299903378410e+15 -0.1159559795895165 -4.2677171528339386
6.1615253164848280e+15 -0.1432480962498767 -4.2694114148616791
6.1824917452150150e+15 -0.1715221975476052 -4.2711131274700165
6.2035295184761620e+15 -0.2008380025893273 -4.2728029191493988
6.2246388790393260e+15 -0.2312996646906714 -4.2744897305965424
6.2458200705016680e+15 -0.2629608192422735 -4.2761765420436859
6.2670733372892590e+15 -0.2958320783502025 -4.2778365314006805
6.2883989246599030e+15 -0.3300412894952908 -4.2794995009899139
6.3097970787059680e+15 -0.3657817134381590 -4.2811594903469086
6.3312680463572480e+15 -0.4030032233568098 -4.2828015983104706
6.3528120753837150e+15 -0.4419460451258460 -4.2844556272029877
6.3744294143985280e+15 -0.4826507488530931 -4.2860798537731171
6.3961203128608010e+15 -0.5252778706183366 -4.2877011001110077
6.4178850210785070e+15 -0.5700039318217064 -4.2893536388874054
6.4397237902113660e+15 -0.6161458391008067 -4.2909137904644012
6.4616368722737450e+15 -0.6647577867422310 -4.2924948036670685
6.4836245201375650e+15 -0.7158957356431602 -4.2940683662891388
6.5056869875352180e+15 -0.7698880210920153 -4.2956374585628510
6.5278245290624970e+15 -0.8269168396400666 -4.2972020804882050
6.5500374001815330e+15 -0.8872866049384033 -4.2987577617168427
6.5723258572237440e+15 -0.9512395336301896 -4.3002955615520477
6.5946901573927910e+15 -1.0193728384324281 -4.3018423020839691
6.6171305587675750e+15 -1.0919665967805823 -4.3033771216869354
6.6396473203051060e+15 -1.1694023667263955 -4.3049164116382599
6.6622407018436520e+15 -1.2523034656539480 -4.3064318597316742
6.6849109641056350e+15 -1.3412513518310514 -4.3079487979412079
6.7076583687006600e+15 -1.4369511526715553 -4.3094612658023834
6.7304831781285370e+15 -1.5402864447654563 -4.3109633028507233
6.7533856557823110e+15 -1.6512632325427270 -4.3124370276927948
6.7763660659513000e+15 -1.7715472628691884 -4.3139375746250153
6.7994246738241440e+15 -1.9025294841651461 -4.3153814971446991
6.8225617454918690e+15 -2.0459530543134008 -4.3168567121028900
6.8457775479509530e+15 -2.2035868582817510 -4.3182916939258575
6.8690723491064110e+15 -2.3778263566681068 -4.3197415769100189
6.8924464177748820e+15 -2.5714326296819343 -4.3211720883846283
6.9159000236877650e+15 -2.7877859263406637 -4.3226115405559540
6.9394334374942140e+15 -3.0312110345634076 -4.3240241706371307
6.9630469307644340e+15 -3.3073338109644213 -4.3254442512989044
6.9867407759926980e+15 -3.6232471492427876 -4.3268375098705292
7.0105152466005240e+15 -3.9884434526836494 -4.3282754719257355
7.0343706169398270e+15 -4.4154028542565733 -4.3296642601490021
7.0583071622960890e+15 -4.9214543560443547 -4.3310590088367462
7.0823251588915290e+15 -5.5260611459600320 -4.3324254453182220
7.1064248838882980e+15 -6.2622726899954788 -4.3337829411029816
7.1306066153916710e+15 -7.1849543982319428 -4.3351314961910248
7.1548706324532620e+15 -8.3755505031807900 -4.3364755809307098
7.1792172150742690e+15 -9.9710992905773246 -4.3378226459026337
7.2036466442085600e+15 -12.2211026576743400 -4.3391458690166473
7.2281592017662400e+15 -15.6336169839550667 -4.3404601514339447
7.2527551706164880e+15 -21.3707295061522657 -4.3417789041996002
7.2774348345911520e+15 -33.0175411469195978 -4.3430857360363007
7.3021984784878690e+15 -70.0536399725687033 -4.3443493545055389
7.3270463880733880e+15 791.7898036694283519 -4.3456412851810455
7.3519788500868620e+15 61.1328149980831199 -4.3469168245792389
7.3769961522431610e+15 32.2291909669146293 -4.3481878936290741
7.4020985832361920e+15 22.0742912948141701 -4.3494425714015961
7.4272864327422270e+15 16.8843038809030972 -4.3507032096385956
7.4525599914232480e+15 13.7295545802250203 -4.3519504368305206
7.4779195509303030e+15 11.6154043614171218 -4.3531797826290131
7.5033654039068980e+15 10.0996726837858297 -4.3544284999370575
7.5288978439922560e+15 8.9593067898656802 -4.3556682765483856
7.5545171658248870e+15 8.0697539892064043 -4.3568916618824005
7.5802236650458630e+15 7.3572554272106920 -4.3581120669841766
7.6060176383022670e+15 6.7736225363171290 -4.3593369424343109
7.6318993832506090e+15 6.2868528649538256 -4.3605156242847443
7.6578691985602660e+15 5.8743866023178022 -4.3617241084575653
7.6839273839169250e+15 5.5200249638163879 -4.3629236519336700
7.7100742400260450e+15 5.2120184514263492 -4.3640963733196259
7.7363100686163240e+15 4.9421222751103180 -4.3652705848217010
7.7626351724431810e+15 4.7035103674985237 -4.3664537370204926
7.7890498552922540e+15 4.4923500902701416 -4.3675921857357025
7.8155544219828970e+15 4.3041577158389561 -4.3687365949153900
7.8421491783717400e+15 4.1341587799354640 -4.3698631227016449
7.8688344313560820e+15 3.9798386887569359 -4.3710060417652130
7.8956104888776300e+15 3.8390301298725502 -4.3721266090869904
7.9224776599259210e+15 3.7099683453504366 -4.3732248246669769
7.9494362545419220e+15 3.5914719007042137 -4.3743453919887543
7.9764865838216050e+15 3.4829175562554280 -4.3754331767559052
8.0036289599195420e+15 3.3827490263672311 -4.3765150010585785
8.0308636960525020e+15 3.2896345102464646 -4.3776161968708038
8.0581911065030680e+15 3.2027491835673048 -4.3786711990833282
8.0856115066232630e+15 3.1216011676001849 -4.3797276914119720
8.1131252128381900e+15 3.0454913767681546 -4.3807901442050934
8.1407325426497160e+15 2.9740365400316335 -4.3818287551403046
8.1684338146399690e+15 2.9067188780697877 -4.3828852474689484
8.1962293484753820e+15 2.8432021776938559 -4.3839208781719208
8.2241194649099140e+15 2.7831866429999925 -4.3849579989910126
8.2521044857891190e+15 2.7263531370492595 -4.3859861791133881
8.2801847340536940e+15 2.6724805307406045 -4.3870039284229279
8.3083605337432370e+15 2.6213021219022083 -4.3880335986614227
8.3366322099999870e+15 2.5726039497126671 -4.3890126049518585
