2.2930977998254900e+15 1.110000000e-05 1.120000000e-05 1.143656890e+06 4.696054820e+33 -4.694949664e-01 4.693715955e+33 1.592020018e-02 1.551426285e-03 -1.301936427e-12 5.009204670e+00
2.2830977998254900e+15 1.250000000e-05 1.260000000e-05 1.143312731e+06 4.693180385e+33 -4.690356963e-01 4.690436428e+33 1.741354094e-02 1.775190120e-03 -3.827172592e-13 5.103207743e+00
2.2730977998254900e+15 1.390000000e-05 1.400000000e-05 1.143423416e+06 4.690214857e+33 -4.682469561e-01 4.686956326e+33 1.881132753e-02 1.832664445e-03 -1.140795235e-12 5.103297726e+00
2.2630977998254900e+15 1.530000000e-05 1.540000000e-05 1.145297319e+06 4.687219070e+33 -4.662612593e-01 4.682918133e+33 2.011436330e-02 1.203011804e-03 -1.706320144e-13 5.576156198e+00
2.2530977998254900e+15 1.680000000e-05 1.690000000e-05 1.145450835e+06 4.683883113e+33 -4.653683688e-01 4.678867640e+33 2.144285328e-02 1.120905880e-03 -1.004137502e-12 4.916360668e+00
2.2430977998254900e+15 1.830000000e-05 1.840000000e-05 1.145720590e+06 4.680561466e+33 -4.644043455e-01 4.674768643e+33 2.267684812e-02 9.693965867e-04 -1.225804330e-12 5.010852430e+00
2.2330977998254900e+15 1.980000000e-05 1.990000000e-05 1.145358909e+06 4.677289322e+33 -4.638805579e-01 4.670975413e+33 2.381895332e-02 1.096271412e-03 -2.991506488e-13 4.916309569e+00
2.2230977998254900e+15 2.130000000e-05 2.140000000e-05 1.146495127e+06 4.674095277e+33 -4.623742594e-01 4.666639877e+33 2.487558338e-02 5.387576163e-04 -1.186811705e-12 4.917196102e+00
2.2130977998254900e+15 2.290000000e-05 2.300000000e-05 1.146840679e+06 4.670581869e+33 -4.613307067e-01 4.662153340e+33 2.596578698e-02 2.501628589e-04 -1.391778195e-12 5.011744314e+00
2.2030977998254900e+15 2.450000000e-05 2.460000000e-05 1.145870737e+06 4.667185312e+33 -4.611910159e-01 4.658507753e+33 2.696885742e-02 6.517036847e-04 -1.706599461e-12 5.010963848e+00
2.1930977998254900e+15 2.610000000e-05 2.620000000e-05 1.146233729e+06 4.663930532e+33 -4.602020723e-01 4.654379698e+33 2.788935742e-02 4.118319366e-04 -1.352088620e-12 4.916986983e+00
2.1830977998254900e+15 2.780000000e-05 2.790000000e-05 1.147657608e+06 4.660431909e+33 -4.584647635e-01 4.649223779e+33 2.883130570e-02 -4.854161470e-04 -1.183353402e-12 4.823860297e+00
2.1730977998254900e+15 2.960000000e-05 2.970000000e-05 1.148333232e+06 4.656750021e+33 -4.571873169e-01 4.644185286e+33 2.977607218e-02 -1.040642322e-03 -3.768721163e-13 4.918666585e+00
2.1630977998254900e+15 3.150000000e-05 3.160000000e-05 1.148561976e+06 4.652821865e+33 -4.561520281e-01 4.639011872e+33 3.073836451e-02 -1.436759709e-03 -1.530698530e-12 5.107353766e+00
2.1530977998254900e+15 3.340000000e-05 3.350000000e-05 1.148344934e+06 4.649109016e+33 -4.554615266e-01 4.634485988e+33 3.161221828e-02 -1.501174730e-03 -7.224486544e-13 4.918669362e+00
2.1430977998254900e+15 3.530000000e-05 3.540000000e-05 1.149969737e+06 4.645639707e+33 -4.536363798e-01 4.628937944e+33 3.239720133e-02 -2.622672262e-03 -9.012791409e-13 5.296967631e+00
2.1330977998254900e+15 3.740000000e-05 3.750000000e-05 1.149985063e+06 4.641498868e+33 -4.527103352e-01 4.623482508e+33 3.329489484e-02 -2.995190742e-03 -2.070966163e-12 4.825736865e+00
2.1230977998254900e+15 3.950000000e-05 3.960000000e-05 1.150241172e+06 4.637625879e+33 -4.516945977e-01 4.618262346e+33 3.410339449e-02 -3.427357163e-03 -1.010331981e-12 4.825941016e+00
2.1130977998254900e+15 4.170000000e-05 4.180000000e-05 1.150272894e+06 4.633574967e+33 -4.507885742e-01 4.612917094e+33 3.491828511e-02 -3.780948446e-03 -6.418970889e-13 4.920235794e+00
2.1030977998254900e+15 4.400000000e-05 4.410000000e-05 1.150432729e+06 4.629441435e+33 -4.497859174e-01 4.607318885e+33 3.572046031e-02 -4.242115435e-03 -5.754189105e-13 5.014588634e+00
2.0930977998254900e+15 4.630000000e-05 4.640000000e-05 1.152410015e+06 4.625668289e+33 -4.477205654e-01 4.600591649e+33 3.641725235e-02 -5.811644652e-03 -6.721081865e-13 5.204623448e+00
2.0830977998254900e+15 4.880000000e-05 4.890000000e-05 1.152231667e+06 4.621316919e+33 -4.468992825e-01 4.594862033e+33 3.720587957e-02 -6.139075807e-03 -8.294456459e-13 4.827543172e+00
2.0730977998254900e+15 5.140000000e-05 5.150000000e-05 1.151310468e+06 4.616859250e+33 -4.465253315e-01 4.589747552e+33 3.799014285e-02 -5.958644628e-03 -4.400162157e-13 4.921047069e+00
2.0630977998254900e+15 5.400000000e-05 5.410000000e-05 1.153196502e+06 4.612777144e+33 -4.444810600e-01 4.582306887e+33 3.866531144e-02 -7.661968044e-03 -1.090808298e-12 4.922551773e+00
2.0530977998254900e+15 5.680000000e-05 5.690000000e-05 1.153076029e+06 4.608169601e+33 -4.435841322e-01 4.576013221e+33 3.941931535e-02 -8.136566194e-03 -1.447809326e-12 4.828216886e+00
2.0430977998254900e+15 5.960000000e-05 5.970000000e-05 1.154264101e+06 4.603969629e+33 -4.419718236e-01 4.568989164e+33 4.007144131e-02 -9.402937340e-03 -1.670170550e-12 5.017642568e+00
2.0330977998254900e+15 6.260000000e-05 6.270000000e-05 1.155151422e+06 4.599315819e+33 -4.404604885e-01 4.561371396e+33 4.077388044e-02 -1.066093426e-02 -1.490877821e-12 4.829899814e+00
2.0230977998254900e+15 6.570000000e-05 6.580000000e-05 1.155533514e+06 4.594721645e+33 -4.392806226e-01 4.554454445e+33 4.144888079e-02 -1.149836728e-02 -5.545291117e-13 4.830201272e+00
2.0130977998254900e+15 6.890000000e-05 6.900000000e-05 1.155845950e+06 4.590142291e+33 -4.381537150e-01 4.547649417e+33 4.210054254e-02 -1.226731953e-02 -9.658528080e-13 5.113100576e+00
2.0030977998254900e+15 7.230000000e-05 7.240000000e-05 1.155037674e+06 4.585148304e+33 -4.376231817e-01 4.541421263e+33 4.280479379e-02 -1.236147565e-02 -6.351603737e-13 4.735582644e+00
1.9930977998254900e+15 7.580000000e-05 7.590000000e-05 1.157078960e+06 4.580219751e+33 -4.353954868e-01 4.531532197e+33 4.344020118e-02 -1.469588099e-02 -1.159556946e-12 5.019884475e+00
1.9830977998254900e+15 7.940000000e-05 7.950000000e-05 1.157557109e+06 4.575361481e+33 -4.341360849e-01 4.523851673e+33 4.406357515e-02 -1.573520982e-02 -1.466537519e-12 4.926050318e+00
1.9730977998254900e+15 8.310000000e-05 8.320000000e-05 1.158662573e+06 4.570601790e+33 -4.325351418e-01 4.515530627e+33 4.464351113e-02 -1.720715018e-02 -5.893874213e-13 4.832724761e+00
1.9630977998254900e+15 8.700000000e-05 8.710000000e-05 1.156916985e+06 4.565579472e+33 -4.325723108e-01 4.510637110e+33 4.528696309e-02 -1.649624396e-02 -8.946575147e-13 4.831317879e+00
1.9530977998254900e+15 9.110000000e-05 9.120000000e-05 1.158899573e+06 4.560345001e+33 -4.303742807e-01 4.499954987e+33 4.587245769e-02 -1.894355912e-02 -1.291809381e-12 4.832911295e+00
1.9430977998254900e+15 9.530000000e-05 9.540000000e-05 1.158639378e+06 4.555289290e+33 -4.295405409e-01 4.492956520e+33 4.645651341e-02 -1.941318327e-02 -1.168363652e-12 5.021130460e+00
1.9330977998254900e+15 9.970000000e-05 9.980000000e-05 1.159145824e+06 4.550003463e+33 -4.282197270e-01 4.484283045e+33 4.703440688e-02 -2.065031420e-02 -7.162999503e-13 5.021526279e+00
1.9230977998254900e+15 1.043000000e-04 1.044000000e-04 1.161255108e+06 4.544520771e+33 -4.259500746e-01 4.472729217e+33 4.757843002e-02 -2.331549373e-02 -6.571678685e-13 4.834813475e+00
1.9130977998254900e+15 1.090000000e-04 1.091000000e-04 1.160796372e+06 4.539281083e+33 -4.252147656e-01 4.465637217e+33 4.813370664e-02 -2.368992419e-02 -1.590293318e-12 5.776409382e+00
1.9030977998254900e+15 1.140000000e-04 1.141000000e-04 1.161564808e+06 4.533483498e+33 -4.236770227e-01 4.455285602e+33 4.870042864e-02 -2.543318741e-02 -1.501485631e-12 4.835065661e+00
1.8930977998254900e+15 1.191000000e-04 1.192000000e-04 1.162880840e+06 4.528118611e+33 -4.219303298e-01 4.445309685e+33 4.918823688e-02 -2.726138685e-02 -6.206884216e-13 5.024502117e+00
1.8830977998254900e+15 1.245000000e-04 1.246000000e-04 1.161512767e+06 4.522301395e+33 -4.216115537e-01 4.438308546e+33 4.977452388e-02 -2.718926869e-02 -1.044422805e-12 4.835017678e+00
1.8730977998254900e+15 1.301000000e-04 1.302000000e-04 1.162950584e+06 4.516455419e+33 -4.197257808e-01 4.426918755e+33 5.026749455e-02 -2.941229980e-02 -1.184326082e-12 4.836183963e+00
1.8630977998254900e+15 1.359000000e-04 1.360000000e-04 1.164334356e+06 4.510597766e+33 -4.178871031e-01 4.415643382e+33 5.074042555e-02 -3.155032837e-02 -1.456575258e-12 4.837287639e+00
1.8530977998254900e+15 1.419000000e-04 1.420000000e-04 1.165296576e+06 4.504769812e+33 -4.163030643e-01 4.405171760e+33 5.120383017e-02 -3.327750439e-02 -1.341102288e-12 4.838063911e+00
1.8430977998254900e+15 1.481000000e-04 1.482000000e-04 1.164912515e+06 4.498987832e+33 -4.154736784e-01 4.396998001e+33 5.168982378e-02 -3.384938895e-02 -7.057783478e-13 5.308586108e+00
1.8330977998254900e+15 1.547000000e-04 1.548000000e-04 1.164977008e+06 4.492606851e+33 -4.142934775e-01 4.386473699e+33 5.219129727e-02 -3.522375092e-02 -9.851982698e-13 4.837805106e+00
1.8230977998254900e+15 1.615000000e-04 1.616000000e-04 1.167131559e+06 4.486493694e+33 -4.120559514e-01 4.373708389e+33 5.257679599e-02 -3.792404441e-02 -1.067219926e-12 4.839530376e+00
1.8130977998254900e+15 1.686000000e-04 1.687000000e-04 1.167072978e+06 4.480171288e+33 -4.109786914e-01 4.363759274e+33 5.303818218e-02 -3.904474766e-02 -1.469279955e-12 4.933651929e+00
1.8030977998254900e+15 1.759000000e-04 1.760000000e-04 1.167788874e+06 4.474065728e+33 -4.095411202e-01 4.353422226e+33 5.343819818e-02 -4.051569632e-02 -1.881950066e-12 4.745908988e+00
1.7930977998254900e+15 1.835000000e-04 1.836000000e-04 1.168880945e+06 4.467837371e+33 -4.078981288e-01 4.342289339e+33 5.381179116e-02 -4.231164719e-02 -1.533861661e-12 5.311721605e+00
1.7830977998254900e+15 1.915000000e-04 1.916000000e-04 1.170229839e+06 4.461166422e+33 -4.060644458e-01 4.329618824e+33 5.417391305e-02 -4.459659340e-02 -1.504568195e-12 4.842029164e+00
1.7730977998254900e+15 1.997000000e-04 1.998000000e-04 1.170766239e+06 4.454887047e+33 -4.047343015e-01 4.319478279e+33 5.453356496e-02 -4.588145133e-02 -5.725522016e-13 4.842480043e+00
1.7630977998254900e+15 2.084000000e-04 2.085000000e-04 1.170687776e+06 4.448089971e+33 -4.036425272e-01 4.308727383e+33 5.492130119e-02 -4.713886317e-02 -6.323912067e-13 4.842411364e+00
1.7530977998254900e+15 2.173000000e-04 2.174000000e-04 1.172183421e+06 4.441711876e+33 -4.018351170e-01 4.297355677e+33 5.520025567e-02 -4.901917808e-02 -2.014879545e-12 4.843610934e+00
1.7430977998254900e+15 2.266000000e-04 2.267000000e-04 1.173297518e+06 4.435114654e+33 -4.002053548e-01 4.285990918e+33 5.547815165e-02 -5.077442523e-02 -1.981484266e-12 4.938633382e+00
1.7330977998254900e+15 2.363000000e-04 2.364000000e-04 1.174713096e+06 4.428360048e+33 -3.984235746e-01 4.273944947e+33 5.571172286e-02 -5.281036066e-02 -1.746405429e-12 4.751516230e+00
1.7230977998254900e+15 2.463000000e-04 2.464000000e-04 1.175395535e+06 4.421821196e+33 -3.970585821e-01 4.263627948e+33 5.595116286e-02 -5.414862245e-02 -1.415744325e-12 4.657950198e+00
1.7130977998254900e+15 2.567000000e-04 2.568000000e-04 1.175485566e+06 4.415364886e+33 -3.960125292e-01 4.254379715e+33 5.619036714e-02 -5.503553187e-02 -1.586370497e-12 4.752138397e+00
1.7030977998254900e+15 2.676000000e-04 2.677000000e-04 1.176670682e+06 4.408835158e+33 -3.944529475e-01 4.243694549e+33 5.630325277e-02 -5.671089001e-02 -1.671065741e-12 4.753112229e+00
