9.6867320797578338e+14 2.656000000e-04 1.153414338e+06 2.624174275e+33 2.876903147e+33 1.226968985e+45 1.613544417e-01 1.770913456e+00
9.4867320797578338e+14 3.275000000e-04 1.156517562e+06 2.548752982e+33 2.784674243e+33 1.173159669e+45 1.516004795e-01 1.740177097e+00
9.2867320797578338e+14 3.975000000e-04 1.149342686e+06 2.472654353e+33 2.692277910e+33 1.120706128e+45 1.422066947e-01 1.708749078e+00
9.0867320797578338e+14 4.767000000e-04 1.148493330e+06 2.395971851e+33 2.599815385e+33 1.068364992e+45 1.331748492e-01 1.678620655e+00
8.8867320797578338e+14 5.681000000e-04 1.149207558e+06 2.317413222e+33 2.505764269e+33 1.015789935e+45 1.243586649e-01 1.648625995e+00
9.8867320797578338e+14 2.107000000e-04 1.157247860e+06 2.698748085e+33 2.968739638e+33 1.281169952e+45 1.714532838e-01 1.802142217e+00
1.0086732079757834e+15 1.617000000e-04 1.159380083e+06 2.772195194e+33 3.059830894e+33 1.334416267e+45 1.818610190e-01 1.835262921e+00
1.0286732079757834e+15 1.177000000e-04 1.164518534e+06 2.842972528e+33 3.148221677e+33 1.387048894e+45 1.923481511e-01 1.867438222e+00
1.0486732079757834e+15 7.480000000e-05 1.166417253e+06 2.912364598e+33 3.235484658e+33 1.439105838e+45 2.030884654e-01 1.900389055e+00
1.0686732079757834e+15 1.450000000e-05 1.170004383e+06 2.980578375e+33 3.321845029e+33 1.491146927e+45 2.141112752e-01 1.933610955e+00
