1.3152000000000000e+15 2.050000000e-05 2.060000000e-05 3.430791629e+33 1.768296405e+45 2.010603216e+00 -3.872097177e+05 6.588492743e+01 7.047009854e+01 5.963684919e+02 3.500700264e+02
1.2952000000000000e+15 1.163500000e-03 1.163600000e-03 3.360163878e+33 1.707224922e+45 2.018810592e+00 -3.245225099e+07 1.425710738e+02 -6.899185475e+02 -1.649938033e+04 -1.980686446e+05
1.2752000000000000e+15 1.734900000e-03 1.735000000e-03 3.288497085e+33 1.646341250e+45 2.014962734e+00 -4.662750113e+07 2.656931870e+02 -3.304678227e+02 -1.706782431e+04 -2.861709889e+05
1.2552000000000000e+15 2.239200000e-03 2.239300000e-03 3.215835900e+33 1.585703708e+45 2.016392694e+00 6.128006004e+06 3.990932585e+02 -2.055679517e+02 -8.639081291e+03 3.543175709e+04
1.2352000000000000e+15 2.723100000e-03 2.723200000e-03 3.142240424e+33 1.525400477e+45 2.019110727e+00 -7.448295182e+07 5.117676931e+02 -5.948022577e+02 -2.912658513e+04 -4.323042141e+05
1.2152000000000000e+15 3.215100000e-03 3.215200000e-03 3.066119089e+33 1.464201784e+45 2.072192953e+00 -1.255914661e+09 5.102717055e+02 -1.489200849e+04 -4.165353710e+05 -7.029511149e+06
1.1952000000000000e+15 3.715200000e-03 3.715300000e-03 2.989058155e+33 1.403487391e+45 2.018603284e+00 2.123520192e+08 9.035216072e+02 1.241444660e+03 3.478927108e+04 1.108686023e+06
1.1752000000000000e+15 4.227300000e-03 4.227400000e-03 2.911450218e+33 1.343603771e+45 2.015839581e+00 -1.145446367e+08 1.212375375e+03 -1.375051542e+02 -4.946901021e+04 -9.358998399e+05
1.1552000000000000e+15 4.754700000e-03 4.754800000e-03 2.833527572e+33 1.284736691e+45 2.069866845e+00 -2.869436987e+09 1.207300563e+03 -2.214004146e+04 -7.520784267e+05 -1.505181772e+07
1.1352000000000000e+15 5.299200000e-03 5.299300000e-03 2.755569416e+33 1.227179974e+45 2.049628963e+00 -1.230850151e+09 1.529474399e+03 -1.303443003e+04 -3.880130714e+05 -6.329232050e+06
1.1152000000000000e+15 5.864600000e-03 5.864700000e-03 2.677587170e+33 1.170975475e+45 1.906267778e+00 5.326519020e+09 2.617573878e+03 4.849805550e+04 1.337523431e+06 2.513811191e+07
1.1152000000000000e+15 5.864600000e-03 0.000000000e+00 2.677598467e+33 1.170989237e+45 1.980841158e+00 1.023452787e+09 2.199251137e+03 1.415853252e+04 2.986792853e+05 4.842822693e+06
1.1137714285714286e+15 5.906500000e-03 0.000000000e+00 2.671961191e+33 1.166985070e+45 2.009681822e+00 -4.261731167e+07 2.113545254e+03 2.296522827e+03 1.218836464e+01 9.035562477e+02
1.1123428571428571e+15 5.948600000e-03 0.000000000e+00 2.666298630e+33 1.162971557e+45 1.993798236e+00 1.069991090e+09 2.364077334e+03 1.034166535e+04 2.502786637e+05 5.203460835e+06
1.1109142857142858e+15 5.990700000e-03 0.000000000e+00 2.660665911e+33 1.158992168e+45 1.977103536e+00 5.570706888e+08 2.043991764e+03 1.170642170e+04 1.934370904e+05 2.503951104e+06
1.1094857142857142e+15 6.032900000e-03 0.000000000e+00 2.655041012e+33 1.155010105e+45 1.974802465e+00 1.365351907e+09 2.367848878e+03 1.748898536e+04 3.877112909e+05 6.409755901e+06
1.1080571428571429e+15 6.075200000e-03 0.000000000e+00 2.649420582e+33 1.151039902e+45 1.991413345e+00 2.191209258e+09 2.602309125e+03 1.268984303e+04 4.055937149e+05 1.074165968e+07
1.1066285714285714e+15 6.117500000e-03 0.000000000e+00 2.643825410e+33 1.147107246e+45 2.011812242e+00 -2.550953533e+08 2.351091080e+03 9.008050006e+02 -6.027217427e+04 -1.229476303e+06
1.1052000000000000e+15 6.159900000e-03 0.000000000e+00 2.638238596e+33 1.143194016e+45 1.977971562e+00 2.093663261e+09 2.586203902e+03 1.903685437e+04 5.042377510e+05 9.979909781e+06
1.1037714285714286e+15 6.202300000e-03 0.000000000e+00 2.632684213e+33 1.139309023e+45 1.981671432e+00 1.156141748e+09 2.493373273e+03 1.566776734e+04 3.311492498e+05 5.424387784e+06
1.1023428571428571e+15 6.244900000e-03 0.000000000e+00 2.627099839e+33 1.135409679e+45 1.981901443e+00 1.375019784e+09 2.528065407e+03 1.569279829e+04 3.613805387e+05 6.430041281e+06
1.1009142857142858e+15 6.287400000e-03 0.000000000e+00 2.621577929e+33 1.131560257e+45 2.022085258e+00 -5.234570461e+08 2.245223510e+03 -2.651862811e+03 -1.448019042e+05 -2.428572476e+06
1.0994857142857142e+15 6.330000000e-03 0.000000000e+00 2.616059776e+33 1.127733064e+45 2.002308741e+00 2.891456832e+08 2.457445241e+03 6.140888526e+03 8.328611822e+04 1.354292413e+06
1.0980571428571429e+15 6.372700000e-03 0.000000000e+00 2.610539519e+33 1.123897084e+45 2.054932755e+00 -1.135867640e+09 2.002523209e+03 -1.293877692e+04 -3.586948576e+05 -5.161774363e+06
1.0966285714285714e+15 6.415300000e-03 0.000000000e+00 2.605085362e+33 1.120138126e+45 1.951092384e+00 2.418333483e+09 2.810724471e+03 2.933490924e+04 6.777539674e+05 1.102960978e+07
1.0952000000000000e+15 6.458000000e-03 6.458100000e-03 2.599613165e+33 1.116356007e+45 1.897431108e+00 5.256166122e+09 3.318883253e+03 5.837124216e+04 1.438118393e+06 2.384716630e+07
1.0952000000000000e+15 6.458000000e-03 0.000000000e+00 2.599630446e+33 1.116371931e+45 1.986101745e+00 1.003651641e+09 2.647034265e+03 1.379808995e+04 2.802359381e+05 4.612726141e+06
