6.1949793986798225e+14 1.062300000e-03 1.391664774e+06 2.796560765e+33 3.060535007e+33 1.820507181e+45 2.200370007e-01 1.627621126e+00
6.1749793986798225e+14 1.166400000e-03 1.385962688e+06 2.777625560e+33 3.037733573e+33 1.800518589e+45 2.170202068e-01 1.623127222e+00
6.1549793986798225e+14 1.265400000e-03 1.387816228e+06 2.758706300e+33 3.014978039e+33 1.780637735e+45 2.140317773e-01 1.618648999e+00
6.1349793986798225e+14 1.360400000e-03 1.381169177e+06 2.739826686e+33 2.992303062e+33 1.760901716e+45 2.110759700e-01 1.614186366e+00
6.1149793986798225e+14 1.452400000e-03 1.382261311e+06 2.720951019e+33 2.969656236e+33 1.741253592e+45 2.081456847e-01 1.609738695e+00
6.0949793986798225e+14 1.542000000e-03 1.379977716e+06 2.702092335e+33 2.947063250e+33 1.721721659e+45 2.052438509e-01 1.605303710e+00
6.0749793986798225e+14 1.629800000e-03 1.368967659e+06 2.683218081e+33 2.924477064e+33 1.702264682e+45 2.023647609e-01 1.600876381e+00
6.0549793986798225e+14 1.715900000e-03 1.379561908e+06 2.664384467e+33 2.901969095e+33 1.682948239e+45 1.995171489e-01 1.596465247e+00
6.0349793986798225e+14 1.800700000e-03 1.374773715e+06 2.645574312e+33 2.879516277e+33 1.663747985e+45 1.966979198e-01 1.592070232e+00
6.0149793986798225e+14 1.884400000e-03 1.373557969e+06 2.626794019e+33 2.857126905e+33 1.644669915e+45 1.939076205e-01 1.587691525e+00
5.9949793986798225e+14 1.967200000e-03 1.366378501e+06 2.608050003e+33 2.834811007e+33 1.625724401e+45 1.911473471e-01 1.583329664e+00
5.9749793986798225e+14 2.049300000e-03 1.372595333e+06 2.589327625e+33 2.812546451e+33 1.606888501e+45 1.884141081e-01 1.578983797e+00
5.9549793986798225e+14 2.130700000e-03 1.361078920e+06 2.570665482e+33 2.790382213e+33 1.588216310e+45 1.857142076e-01 1.574655214e+00
5.9349793986798225e+14 2.211900000e-03 1.366370684e+06 2.551983296e+33 2.768222259e+33 1.569609147e+45 1.830349569e-01 1.570335751e+00
5.9149793986798225e+14 2.292700000e-03 1.364331795e+06 2.533336387e+33 2.746130037e+33 1.551132660e+45 1.803843582e-01 1.566029472e+00
5.8949793986798225e+14 2.373200000e-03 1.359270106e+06 2.514734766e+33 2.724120407e+33 1.532796235e+45 1.777638144e-01 1.561740718e+00
5.8749793986798225e+14 2.453500000e-03 1.361409448e+06 2.496172390e+33 2.702184396e+33 1.514589956e+45 1.751719325e-01 1.557469126e+00
5.8549793986798225e+14 2.533700000e-03 1.357440738e+06 2.477643837e+33 2.680315452e+33 1.496506565e+45 1.726076518e-01 1.553214427e+00
5.8349793986798225e+14 2.613700000e-03 1.351151755e+06 2.459183185e+33 2.658552913e+33 1.478587051e+45 1.700756827e-01 1.548978259e+00
5.8149793986798225e+14 2.693800000e-03 1.350147913e+06 2.440740721e+33 2.636838373e+33 1.460769885e+45 1.675684838e-01 1.544758277e+00
5.7949793986798225e+14 2.773800000e-03 1.350068350e+06 2.422372702e+33 2.615238889e+33 1.443124470e+45 1.650940380e-01 1.540556381e+00
5.7749793986798225e+14 2.854000000e-03 1.344668430e+06 2.404023845e+33 2.593688047e+33 1.425590478e+45 1.626444107e-01 1.536364823e+00
5.7549793986798225e+14 2.934400000e-03 1.343307152e+06 2.385696683e+33 2.572188867e+33 1.408158656e+45 1.602189786e-01 1.532189096e+00
5.7349793986798225e+14 3.014800000e-03 1.350008401e+06 2.367459237e+33 2.550821179e+33 1.390914422e+45 1.578277740e-01 1.528034004e+00
5.7149793986798225e+14 3.095400000e-03 1.341657187e+06 2.349266973e+33 2.529534049e+33 1.373799556e+45 1.554636817e-01 1.523896861e+00
5.6949793986798225e+14 3.176100000e-03 1.344853664e+06 2.331150945e+33 2.508358973e+33 1.356850969e+45 1.531308668e-01 1.519779526e+00
5.6749793986798225e+14 3.257100000e-03 1.346756669e+06 2.313069291e+33 2.487251172e+33 1.340017114e+45 1.508230215e-01 1.515679197e+00
5.6549793986798225e+14 3.338200000e-03 1.340645528e+06 2.295083058e+33 2.466279858e+33 1.323369978e+45 1.485484559e-01 1.511599924e+00
5.6349793986798225e+14 3.419700000e-03 1.343537046e+06 2.277126070e+33 2.445367432e+33 1.306839241e+45 1.462980693e-01 1.507531605e+00
5.6149793986798225e+14 3.501400000e-03 1.338485138e+06 2.259255376e+33 2.424580867e+33 1.290483012e+45 1.440790465e-01 1.503483034e+00
5.5949793986798225e+14 3.583400000e-03 1.339481748e+06 2.241450687e+33 2.403896385e+33 1.274275336e+45 1.418882424e-01 1.499453939e+00
5.5749793986798225e+14 3.665700000e-03 1.338943345e+06 2.223708902e+33 2.383308065e+33 1.258209487e+45 1.397246551e-01 1.495443772e+00
5.5549793986798225e+14 3.748200000e-03 1.335464056e+06 2.206071005e+33 2.362865761e+33 1.242331770e+45 1.375935934e-01 1.491456595e+00
5.5349793986798225e+14 3.830900000e-03 1.334990713e+06 2.188542194e+33 2.342573758e+33 1.226647144e+45 1.354953262e-01 1.487492074e+00
5.5149793986798225e+14 3.913800000e-03 1.331416199e+06 2.171124775e+33 2.322433811e+33 1.211154229e+45 1.334295508e-01 1.483551311e+00
5.4949793986798225e+14 3.997100000e-03 1.324367391e+06 2.153768101e+33 2.302387019e+33 1.195799528e+45 1.313894251e-01 1.479626267e+00
5.4749793986798225e+14 4.080600000e-03 1.323816531e+06 2.136540749e+33 2.282513249e+33 1.180656068e+45 1.293835283e-01 1.475725509e+00
5.4549793986798225e+14 4.164300000e-03 1.330371192e+06 2.119437029e+33 2.262804159e+33 1.165712435e+45 1.274103799e-01 1.471849413e+00
5.4349793986798225e+14 4.248200000e-03 1.324526793e+06 2.102456240e+33 2.243258346e+33 1.150965323e+45 1.254693603e-01 1.467997926e+00
5.4149793986798225e+14 4.332100000e-03 1.330803315e+06 2.085666891e+33 2.223954932e+33 1.136486270e+45 1.235685717e-01 1.464177846e+00
5.3949793986798225e+14 4.416000000e-03 1.324259006e+06 2.069056662e+33 2.204877344e+33 1.122256250e+45 1.217055228e-01 1.460387984e+00
5.3749793986798225e+14 4.499700000e-03 1.324002223e+06 2.052704094e+33 2.186116552e+33 1.108358911e+45 1.198896209e-01 1.456636430e+00
6.2149793986798225e+14 9.513000000e-04 1.388990734e+06 2.815513986e+33 3.083386099e+33 1.840607733e+45 2.230828141e-01 1.632130460e+00
6.2349793986798225e+14 8.305000000e-04 1.392713769e+06 2.834489508e+33 3.106295330e+33 1.860828330e+45 2.261588234e-01 1.636655312e+00
6.2549793986798225e+14 6.947000000e-04 1.388808444e+06 2.853476937e+33 3.129245533e+33 1.881152682e+45 2.292631382e-01 1.641194997e+00
6.2749793986798225e+14 5.327000000e-04 1.396255991e+06 2.872447020e+33 3.152204823e+33 1.901556255e+45 2.323917471e-01 1.645741121e+00
6.2949793986798225e+14 3.045000000e-04 1.391291597e+06 2.891419806e+33 3.175198970e+33 1.922056817e+45 2.355477562e-01 1.650299423e+00
