2.8000000000000012e+14 0.5353523190885282 -1.5306167304515839
2.8095278356298347e+14 0.5333996149191148 -1.5337727963924408
2.8190880925638788e+14 0.5314671168284302 -1.5369184315204620
2.8286808811252962e+14 0.5295515531763484 -1.5400551259517670
2.8383063120126581e+14 0.5276548919479084 -1.5431813895702362
2.8479644963012206e+14 0.5257756466310848 -1.5463002026081085
2.8576555454442062e+14 0.5239170184645839 -1.5494056046009064
2.8673795712741019e+14 0.5220697685236817 -1.5525110065937042
2.8771366860039025e+14 0.5202305603011692 -1.5556253492832184
2.8869270022284769e+14 0.5184127312184038 -1.5587218105792999
2.8967506329258200e+14 0.5166100342544048 -1.5618138015270233
2.9066076914583675e+14 0.5148282298816833 -1.5648908913135529
2.9164982915743050e+14 0.5130630496280014 -1.5679590404033661
2.9264225474088800e+14 0.5113164821209450 -1.5710152685642242
2.9363805734857188e+14 0.5095878448570090 -1.5740610659122467
2.9463724847181506e+14 0.5078782378775138 -1.5770934522151947
2.9563983964105281e+14 0.5061734215326273 -1.5801362693309784
2.9664584242595650e+14 0.5044796010590940 -1.5831820666790009
2.9765526843556650e+14 0.5028060207734419 -1.5862099826335907
2.9866812931842769e+14 0.5011534312100694 -1.5892215073108673
2.9968443676271906e+14 0.4995143254133874 -1.5922285616397858
3.0070420249639562e+14 0.4978940518785951 -1.5952207148075104
3.0172743828731912e+14 0.4962918094192515 -1.5982009470462799
3.0275415594339494e+14 0.4947076416397974 -1.6011662781238556
3.0378436731270838e+14 0.4931346357489061 -1.6041330993175507
3.0481808428366138e+14 0.4915735513509965 -1.6070954501628876
3.0585531878510975e+14 0.4900301906647965 -1.6100458800792694
3.0689608278650075e+14 0.4885036655341341 -1.6129843890666962
3.0794038829801131e+14 0.4869939494523775 -1.6159094870090485
3.0898824737068650e+14 0.4855030471906408 -1.6188196837902069
3.1003967209657869e+14 0.4840283065859533 -1.6217179596424103
3.1109467460888712e+14 0.4825698418064575 -1.6246043145656586
3.1215326708209912e+14 0.4811261860901280 -1.6274817287921906
3.1321546173212544e+14 0.4796938620663970 -1.6303576529026031
3.1428127081644906e+14 0.4782773191549194 -1.6332201659679413
3.1535070663426125e+14 0.4768772085971850 -1.6360707581043243
3.1642378152660525e+14 0.4754951560353928 -1.6389049589633942
3.1750050787651800e+14 0.4741281500994363 -1.6417272388935089
3.1858089810917375e+14 0.4727791255525752 -1.6445346176624298
3.1966496469202694e+14 0.4714454422227532 -1.6473285853862762
3.2075272013495625e+14 0.4701264612746201 -1.6501121222972870
3.2184417699040906e+14 0.4688143955895965 -1.6529001295566559
3.2293934785354606e+14 0.4675194093606786 -1.6556732356548309
3.2403824536238681e+14 0.4662410938734358 -1.6584314405918121
3.2514088219795688e+14 0.4649779866610882 -1.6611777245998383
3.2624727108442875e+14 0.4637321329856314 -1.6639061272144318
3.2735742478927662e+14 0.4625001937569828 -1.6666226089000702
3.2847135612341869e+14 0.4612876230634645 -1.6693197190761566
3.2958907794136600e+14 0.4600856256016376 -1.6720123589038849
3.3071060314137088e+14 0.4588941177610772 -1.6747005283832550
3.3183594466557588e+14 0.4577188789597466 -1.6773737967014313
3.3296511550016306e+14 0.4565621420269194 -1.6800262033939362
3.3409812867550381e+14 0.4554180564464901 -1.6826696693897247
3.3523499726630919e+14 0.4542898868080832 -1.6852967441082001
3.3637573439178100e+14 0.4531770031406861 -1.6879104077816010
3.3752035321576288e+14 0.4520804952154951 -1.6905046999454498
3.3866886694689256e+14 0.4509921040549895 -1.6931019723415375
3.3982128883875538e+14 0.4499186278644506 -1.6956828534603119
3.4097763219003175e+14 0.4488594280178030 -1.6982518136501312
3.4213791034465900e+14 0.4478147001420177 -1.7008073627948761
3.4330213669197994e+14 0.4467876080037096 -1.7033405601978302
3.4447032466689844e+14 0.4457727893588542 -1.7058648169040680
3.4564248775003469e+14 0.4447742930137213 -1.7083711922168732
3.4681863946788075e+14 0.4437872501359799 -1.7108686268329620
3.4799879339295662e+14 0.4428134318973846 -1.7133556306362152
3.4918296314396681e+14 0.4418545751415678 -1.7158262431621552
3.5037116238595744e+14 0.4409078446768556 -1.7182864248752594
3.5156340483047425e+14 0.4399785182540212 -1.7207257449626923
3.5275970423572044e+14 0.4390636598664577 -1.7231486737728119
3.5396007440671712e+14 0.4381614653105300 -1.7255596816539764
3.5516452919545669e+14 0.4372750902449427 -1.7279528081417084
3.5637308250107150e+14 0.4363986429343529 -1.7303414642810822
3.5758574826998838e+14 0.4355390849469997 -1.7327077686786652
3.5880254049609100e+14 0.4346900360043223 -1.7350666224956512
3.6002347322088150e+14 0.4338578498483835 -1.7374046146869659
3.6124856053364231e+14 0.4330389466571032 -1.7397277057170868
3.6247781657159894e+14 0.4322333746865878 -1.7420358955860138
3.6371125552008288e+14 0.4314419093958262 -1.7443291842937469
3.6494889161269562e+14 0.4306620723582063 -1.7466150224208832
3.6619073913147262e+14 0.4298934155693066 -1.7488904297351837
3.6743681240704831e+14 0.4291410421972438 -1.7511449754238129
3.6868712581882125e+14 0.4283999018411922 -1.7533905804157257
3.6994169379512188e+14 0.4276737157786605 -1.7556168138980865
3.7120053081337262e+14 0.4269625042718232 -1.7578236758708954
3.7246365140026431e+14 0.4262629480575144 -1.7600201070308685
3.7373107013191762e+14 0.4255753559580453 -1.7622075974941254
3.7500280163405281e+14 0.4249003643026671 -1.7643801867961884
3.7627886058215862e+14 0.4242393795359222 -1.7665378749370575
3.7755926170166144e+14 0.4235913095385442 -1.7686806619167328
3.7884401976809525e+14 0.4229581467199315 -1.7708040773868561
3.8013314960727231e+14 0.4223375293577316 -1.7729125916957855
3.8142666609545406e+14 0.4217307032907260 -1.7750062048435211
3.8272458415952294e+14 0.4211362611711610 -1.7770864069461823
3.8402691877715444e+14 0.4205567503360472 -1.7791457474231720
3.8533368497699175e+14 0.4199889575128599 -1.7811946570873260
3.8664489783881275e+14 0.4194348358233296 -1.7832256853580475
3.8796057249371344e+14 0.4188950456497903 -1.7852373421192169
3.8928072412427638e+14 0.4183683359120406 -1.7872340977191925
3.9060536796474731e+14 0.4178519675569631 -1.7892248928546906
3.9193451930121112e+14 0.4173479327040877 -1.7912022769451141
3.9326819347176819e+14 0.4168582368778077 -1.7931617796421051
3.9460640586671119e+14 0.4163814017462176 -1.7951048910617828
3.9594917192870312e+14 0.4159180417470415 -1.7970316112041473
3.9729650715295500e+14 0.4154667990605715 -1.7989449203014374
3.9864842708740512e+14 0.4150294886553544 -1.8008403480052948
4.0000494733289812e+14 0.4146034440028485 -1.8027268350124359
4.0136608354336525e+14 0.4141907837104220 -1.8045954406261444
4.0273185142600662e+14 0.4137913783463525 -1.8064476549625397
4.0410226674146569e+14 0.4134042192027288 -1.8082864582538605
4.0547734530402131e+14 0.4130305092077455 -1.8101088702678680
4.0685710298176344e+14 0.4126703959036491 -1.8119119107723236
4.0824155569677788e+14 0.4123216727756635 -1.8137060105800629
4.0963071942533019e+14 0.4119853837076379 -1.8154881894588470
4.1102461019804975e+14 0.4116617893332988 -1.8172539770603180
4.1242324410011525e+14 0.4113515439601283 -1.8190018832683563
4.1382663727143975e+14 0.4110534782779751 -1.8207378685474396
4.1523480590685725e+14 0.4107695841651895 -1.8224529922008514
4.1664776625630950e+14 0.4104972929878264 -1.8241576850414276
4.1806553462503356e+14 0.4102371213414347 -1.8258489668369293
4.1948812737375156e+14 0.4099896263822955 -1.8275253474712372
4.2091556091885294e+14 0.4097563171492313 -1.8291823565959930
4.2234785173259362e+14 0.4095350873969148 -1.8308259546756744
4.2378501634327981e+14 0.4093267496047300 -1.8324516713619232
4.2522707133546019e+14 0.4091317647845084 -1.8340595066547394
4.2667403335011719e+14 0.4089505069381572 -1.8356420099735260
4.2812591908485938e+14 0.4087813058425915 -1.8372111022472382
4.2958274529411356e+14 0.4086244733757661 -1.8387652933597565
4.3104452878931894e+14 0.4084806233109539 -1.8403016030788422
4.3251128643912019e+14 0.4083485618269393 -1.8418259918689728
4.3398303516956294e+14 0.4082289566234296 -1.8433354794979095
4.3545979196428862e+14 0.4081220866908986 -1.8448270857334137
4.3694157386473044e+14 0.4080274596841426 -1.8463052809238434
4.3842839797031219e+14 0.4079449123410627 -1.8477700650691986
4.3992028143863800e+14 0.4078753255657044 -1.8492154777050018
4.4141724148570138e+14 0.4078180154543705 -1.8506474792957306
4.4291929538607644e+14 0.4077714553280439 -1.8520854413509369
4.4442646047311938e+14 0.4077380429640310 -1.8535234034061432
4.4593875413916812e+14 0.4077174423129896 -1.8549464643001556
4.4745619383574338e+14 0.4077099586093649 -1.8563546240329742
4.4897879707374975e+14 0.4077146665326042 -1.8577493727207184
4.5050658142367794e+14 0.4077323407054255 -1.8591292202472687
4.5203956451580756e+14 0.4077634952788172 -1.8604911863803864
4.5357776404041044e+14 0.4078075732356004 -1.8618397414684296
4.5512119774795488e+14 0.4078645158492438 -1.8631719052791595
4.5666988344931225e+14 0.4079342501106586 -1.8644891679286957
4.5822383901595519e+14 0.4080169591507011 -1.8657915294170380
4.5978308238017494e+14 0.4081125955164332 -1.8670789897441864
4.6134763153528081e+14 0.4082216733254863 -1.8683589994907379
4.6291750453580975e+14 0.4083439435629940 -1.8696241080760956
4.6449271949773469e+14 0.4084792134842997 -1.8708728253841400
4.6607329459867350e+14 0.4086275967665252 -1.8721066415309906
4.6765924807809888e+14 0.4087891294772376 -1.8733240664005280
4.6925059823754875e+14 0.4089634554093025 -1.8745310604572296
4.7084736344083744e+14 0.4091510960433011 -1.8757186830043793
4.7244956211426769e+14 0.4093518858620711 -1.8768928945064545
4.7405721274684325e+14 0.4095656560479932 -1.8780507147312164
4.7567033389048212e+14 0.4097924317950190 -1.8791951239109039
4.7728894416023281e+14 0.4100325267131386 -1.8803231418132782
4.7891306223448119e+14 0.4102860019905836 -1.8814392387866974
4.8054270685517775e+14 0.4105526860861768 -1.8825419247150421
4.8217789682804606e+14 0.4108326652307084 -1.8836267292499542
4.8381865102280188e+14 0.4111256369678788 -1.8846981227397919
4.8546498837337081e+14 0.4114317975377007 -1.8857531249523163
4.8711692787810669e+14 0.4117510306126744 -1.8867947161197662
4.8877448860001100e+14 0.4120834647295928 -1.8878228962421417
4.9043768966695269e+14 0.4124290105009367 -1.8888346850872040
4.9210655027188912e+14 0.4127876783040412 -1.8898315727710724
4.9378108967308731e+14 0.4131595175230907 -1.8908135592937469
4.9546132719434625e+14 0.4135474352345694 -1.8917866051197052
4.9714728222522219e+14 0.4139538922762115 -1.8927611410617828
4.9883897422124369e+14 0.4143742196021206 -1.8937177956104279
5.0053642270414894e+14 0.4148083461251816 -1.8946565687656403
5.0223964726210250e+14 0.4152563503431607 -1.8955834209918976
5.0394866754992350e+14 0.4157181551364621 -1.8964938819408417
5.0566350328931250e+14 0.4161938952907099 -1.8973909318447113
5.0738417426907906e+14 0.4166834156635810 -1.8982715904712677
5.0911070034536994e+14 0.4171868337234831 -1.8991358578205109
5.1084310144189856e+14 0.4177041709381826 -1.8999852240085602
5.1258139755017450e+14 0.4182354060326388 -1.9008181989192963
5.1432560872973462e+14 0.4187862269548893 -1.9016481935977936
5.1607575510837425e+14 0.4193512380387315 -1.9024603068828583
5.1783185688238162e+14 0.4199303890927960 -1.9032545387744904
5.1959393431676256e+14 0.4205239042009133 -1.9040368497371674
5.2136200774548706e+14 0.4211317374320045 -1.9048012793064117
5.2313609757171525e+14 0.4217540296485415 -1.9055522978305817
5.2491622426803519e+14 0.4223903180922775 -1.9062839448451996
5.2670240837669894e+14 0.4230412322350781 -1.9070036709308624
5.2849467050985988e+14 0.4237065077386031 -1.9077070057392120
5.3029303134981019e+14 0.4243858245768770 -1.9083939492702484
5.3209751164921988e+14 0.4250849156568324 -1.9090704619884491
5.3390813223137600e+14 0.4257983247306352 -1.9097305834293365
5.3572491399042306e+14 0.4265264995534604 -1.9103758037090302
5.3754787789160431e+14 0.4272694626010934 -1.9110061228275299
5.3937704497150319e+14 0.4280265988206186 -1.9116185605525970
5.4121243633828888e+14 0.4287988375727776 -1.9122160971164703
5.4305407317195062e+14 0.4295852422713415 -1.9127972424030304
5.4490197672455556e+14 0.4303869919074339 -1.9133634865283966
5.4675616832048519e+14 0.4312029181230895 -1.9139118492603302
5.4861666935668344e+14 0.4320351708623371 -1.9144453108310699
5.5048350130290381e+14 0.4328871311309476 -1.9149668514728546
5.5235668570195712e+14 0.4337539964716371 -1.9154734909534454
5.5423624416995994e+14 0.4346356901868267 -1.9159607589244843
5.5612219839658406e+14 0.4355319979772998 -1.9164331257343292
5.5801457014530700e+14 0.4364439933360983 -1.9168891012668610
5.5991338125366294e+14 0.4373706051877154 -1.9173286855220795
5.6181865363349475e+14 0.4383131049329992 -1.9177533686161041
5.6373040927120700e+14 0.4392698237183454 -1.9181601703166962
5.6564867022802175e+14 0.4402409438557322 -1.9185490906238556
5.6757345864022400e+14 0.4412256005970121 -1.9189216196537018
5.6950479671943112e+14 0.4422255858785794 -1.9192792475223541
5.7144270675283988e+14 0.4432402298771050 -1.9196189939975739
5.7338721110348562e+14 0.4442704778568207 -1.9199438393115997
5.7533833221050088e+14 0.4453139442901992 -1.9202493131160736
5.7729609258937375e+14 0.4463740746380583 -1.9205413758754730
5.7926051483220825e+14 0.4474473734180684 -1.9208140671253204
5.8123162160798462e+14 0.4485363330401330 -1.9210703670978546
5.8320943566282125e+14 0.4496406802941734 -1.9213117659091949
5.8519397982023675e+14 0.4507685657041713 -1.9215352833271027
5.8718527698141362e+14 0.4519213480979847 -1.9217468798160553
5.8918335012546500e+14 0.4530874588830334 -1.9219391047954559
5.9118822230969000e+14 0.4542702395935335 -1.9221134483814240
5.9319991666985425e+14 0.4554670494262513 -1.9222699105739594
5.9521845642044762e+14 0.4566797620199826 -1.9224084913730621
5.9724386485495375e+14 0.4579093552761423 -1.9225321710109711
5.9927616534611950e+14 0.4591533686041451 -1.9226364791393280
6.0131538134622475e+14 0.4604117811806709 -1.9227214157581329
6.0336153638735250e+14 0.4616833819508896 -1.9227884709835052
6.0541465408166050e+14 0.4629706626836387 -1.9228406250476837
6.0747475812165425e+14 0.4642701528286332 -1.9228719174861908
6.0954187228045988e+14 0.4655865548149524 -1.9228868186473846
6.1161602041209888e+14 0.4669178027805716 -1.9228853285312653
6.1369722645176538e+14 0.4682649250562376 -1.9228644669055939
6.1578551441609288e+14 0.4696238847376475 -1.9228227436542511
6.1788090840344612e+14 0.4710013479818048 -1.9227661192417145
6.1998343259418900e+14 0.4723926812555603 -1.9226901233196259
6.2209311125096662e+14 0.4738018616158174 -1.9225962460041046
6.2420996871898475e+14 0.4752262815408014 -1.9224829971790314
6.2633402942629125e+14 0.4766659400319431 -1.9223503768444061
6.2846531788405725e+14 0.4781195517374817 -1.9221998751163483
6.3060385868686088e+14 0.4795913297022494 -1.9220329821109772
6.3274967651297062e+14 0.4810740720596016 -1.9218437373638153
6.3490279612462988e+14 0.4825741016470487 -1.9216366112232208
6.3706324236834300e+14 0.4840868987890009 -1.9214101135730743
6.3923104017516250e+14 0.4856207515428267 -1.9211657345294952
6.4140621456097800e+14 0.4871748193867071 -1.9208990037441254
6.4358879062679612e+14 0.4887459534139214 -1.9206129014492035
6.4577879355904450e+14 0.4903353489534744 -1.9203089177608490
6.4797624862985262e+14 0.4919371676415629 -1.9199825823307037
6.5018118119734588e+14 0.4935532536346134 -1.9196368753910065
6.5239361670593850e+14 0.4951819977093120 -1.9192703068256378
6.5461358068662662e+14 0.4968288576552701 -1.9188843667507172
6.5684109875728338e+14 0.4984904276416400 -1.9184775650501251
6.5907619662295425e+14 0.5001754036594480 -1.9180499017238617
6.6131890007615400e+14 0.5018768814770492 -1.9175998866558075
6.6356923499716388e+14 0.5035917468648180 -1.9171290099620819
6.6582722735433075e+14 0.5053234798312375 -1.9166372716426849
6.6809290320436638e+14 0.5070684111293486 -1.9161231815814972
6.7036628869265112e+14 0.5088283482042028 -1.9155882298946381
6.7264741005352425e+14 0.5106040053140506 -1.9150324165821075
6.7493629361060400e+14 0.5123951441381279 -1.9144542515277863
6.7723296577707925e+14 0.5141944063927432 -1.9138582050800323
6.7953745305601800e+14 0.5160043074344434 -1.9132383167743683
6.8184978204067275e+14 0.5178313876375303 -1.9125975668430328
6.8416997941478750e+14 0.5196709130330153 -1.9119359552860260
6.8649807195290562e+14 0.5215264235057272 -1.9112505018711090
6.8883408652067875e+14 0.5233955677497000 -1.9105441868305206
6.9117805007517712e+14 0.5252782622851605 -1.9098140299320221
6.9352998966520038e+14 0.5271760083931119 -1.9090615212917328
6.9588993243158962e+14 0.5290849831512343 -1.9082881510257721
6.9825790560754400e+14 0.5310087827923724 -1.9074924290180206
7.0063393651892262e+14 0.5329420546701160 -1.9066728651523590
7.0301805258457812e+14 0.5348902864443704 -1.9058294594287872
7.0541028131666088e+14 0.5368565079753667 -1.9049637019634247
7.0781065032093925e+14 0.5388328988267220 -1.9040741026401520
7.1021918729711900e+14 0.5408226922840892 -1.9031606614589691
7.1263592003916225e+14 0.5428277536719931 -1.9022233784198761
7.1506087643560800e+14 0.5448397355621794 -1.9012637436389923
7.1749408446989475e+14 0.5468670861920089 -1.9002802670001984
7.1993557222068300e+14 0.5489066856440226 -1.8992714583873749
7.2238536786217900e+14 0.5509583161498803 -1.8982388079166412
7.2484349966446025e+14 0.5530239631431537 -1.8971808254718781
7.2730999599380475e+14 0.5551056207592322 -1.8960990011692047
7.2978488531300600e+14 0.5571937967921502 -1.8949903547763824
7.3226819618172000e+14 0.5592946282708500 -1.8938593566417694
7.3475995725678212e+14 0.5613974660025699 -1.8927089869976044
7.3726019729254150e+14 0.5635175943183294 -1.8915317952632904
7.3976894514119212e+14 0.5656420591149988 -1.8903292715549469
7.4228622975310662e+14 0.5677897322076541 -1.8891014158725739
7.4481208017716950e+14 0.5699383060810157 -1.8878467381000519
7.4734652556111325e+14 0.5721011376407115 -1.8865652382373810
7.4988959515185375e+14 0.5742801011234029 -1.8852584064006805
7.5244131829582838e+14 0.5764706267345280 -1.8839217722415924
7.5500172443933475e+14 0.5786721925941104 -1.8825583159923553
7.5757084312887000e+14 0.5808880969922054 -1.8811665475368500
7.6014870401147538e+14 0.5831218530335383 -1.8797494471073151
7.6273533683506538e+14 0.5853587070675006 -1.8783025443553925
7.6533077144879050e+14 0.5875950472665959 -1.8768258392810822
7.6793503780336825e+14 0.5898622638159936 -1.8753238022327423
7.7054816595143262e+14 0.5921291766230170 -1.8737934529781342
7.7317018604788075e+14 0.5944091513366331 -1.8722347915172577
7.7580112835022075e+14 0.5966976419596056 -1.8706463277339935
7.7844102321892075e+14 0.5990000664971520 -1.8690310418605804
7.8108990111775975e+14 0.6013103582726851 -1.8673844635486603
7.8374779261417862e+14 0.6036322137933389 -1.8657080829143524
7.8641472837963312e+14 0.6059584590911006 -1.8640004098415375
7.8909073918994788e+14 0.6083039848695859 -1.8622659146785736
7.9177585592567125e+14 0.6106403849918274 -1.8605105578899384
7.9447010957243538e+14 0.6129790466573378 -1.8587239086627960
7.9717353122130038e+14 0.6153342716866030 -1.8569074571132660
7.9988615206913262e+14 0.6176964790913746 -1.8550597131252289
8.0260800341895212e+14 0.6200716686067017 -1.8531806766986847
8.0533911668029662e+14 0.6224557290347037 -1.8512688577175140
8.0807952336958412e+14 0.6248515830646587 -1.8493257462978363
8.1082925511047688e+14 0.6272664273562942 -1.8473364412784576
8.1358834363424575e+14 0.6296916146097862 -1.8453143537044525
8.1635682078013700e+14 0.6321292995539852 -1.8432579934597015
8.1913471849573925e+14 0.6345726777143510 -1.8411673605442047
8.2192206883735262e+14 0.6370243865677997 -1.8390439450740814
8.2471890397035788e+14 0.6394857548142594 -1.8368847668170929
8.2752525616959200e+14 0.6419499435723260 -1.8346928060054779
8.3034115781970612e+14 0.6443909789404012 -1.8324993550777435
8.3316664141556025e+14 0.6468367415819908 -1.8302701413631439
8.3600173956258450e+14 0.6492843342133968 -1.8280081450939178
8.3884648497715850e+14 0.6517435367098292 -1.8257118761539459
8.4170091048698912e+14 0.6542153748240127 -1.8233783543109894
8.4456504903148950e+14 0.6566979885612412 -1.8210075795650482
8.4743893366215888e+14 0.6591727273783936 -1.8186010420322418
8.5032259754296400e+14 0.6616662637128468 -1.8161512911319733
8.5321607395072200e+14 0.6641720359180986 -1.8136627972126007
8.5611939627548425e+14 0.6666874892018753 -1.8111385405063629
8.5903259802092175e+14 0.6692032280069895 -1.8085740506649017
8.6195571280471525e+14 0.6717218348385074 -1.8059708178043365
8.6488877435892925e+14 0.6742480286461603 -1.8033318221569061
8.6783181653042212e+14 0.6767710963160742 -1.8006630241870880
8.7078487328122262e+14 0.6792809161002225 -1.7979808151721954
8.7374797868892575e+14 0.6817955802518316 -1.7952598631381989
8.7672116694708550e+14 0.6843142125951834 -1.7924986779689789
8.7970447236560962e+14 0.6868309777238842 -1.7896987497806549
8.8269792937115562e+14 0.6893581603900394 -1.7868585884571075
8.8570157250752800e+14 0.6918816378867091 -1.7839781939983368
8.8871543643607688e+14 0.6944268375589051 -1.7810501158237457
8.9173955593609775e+14 0.6969799091429201 -1.7780788242816925
8.9477396590523338e+14 0.6995352561492214 -1.7750628292560577
8.9781870135987600e+14 0.7020799127136820 -1.7720080912113190
9.0087379743557512e+14 0.7046429172312786 -1.7689056694507599
9.0393928938742862e+14 0.7072065013738068 -1.7657630145549774
9.0701521259051150e+14 0.7097758365555547 -1.7625741660594940
9.1010160254026888e+14 0.7123359347543072 -1.7593599855899811
9.1319849485293025e+14 0.7148903319237142 -1.7560996115207672
9.1630592526591950e+14 0.7174571162496007 -1.7527945339679718
9.1942392963826800e+14 0.7200119327630914 -1.7494447529315948
9.2255254395102838e+14 0.7225889172928091 -1.7460457980632782
9.2569180430768912e+14 0.7251735247554215 -1.7426006495952606
9.2884174693459175e+14 0.7277121923869183 -1.7391435801982880
9.3200240818134900e+14 0.7302454237971329 -1.7356596887111664
9.3517382452126350e+14 0.7327858811893836 -1.7321296036243439
9.3835603255174975e+14 0.7353289878078645 -1.7285503447055817
9.4154906899475912e+14 0.7378748336540435 -1.7249248921871185
9.4475297069718938e+14 0.7404063071788652 -1.7212532460689545
9.4796777463133212e+14 0.7429508548349725 -1.7175309360027313
9.5119351789528438e+14 0.7455071556485571 -1.7137445509433746
9.5443023771338050e+14 0.7480637886502727 -1.7099089920520782
9.5767797143662188e+14 0.7506135016310868 -1.7060227692127228
9.6093675654310775e+14 0.7531762812825743 -1.7020843923091888
9.6420663063846775e+14 0.7557254753720609 -1.6980953514575958
9.6748763145629588e+14 0.7582834580732458 -1.6940526664257050
9.7077979685858600e+14 0.7608197061761846 -1.6899980604648590
9.7408316483616875e+14 0.7633340875224085 -1.6859047114849091
9.7739777350915375e+14 0.7658602988228623 -1.6817547380924225
9.8072366112735388e+14 0.7683854474369395 -1.6775541007518768
9.8406086607075025e+14 0.7709063815082596 -1.6732968389987946
9.8740942684991938e+14 0.7734205295163478 -1.6689874231815338
9.9076938210648150e+14 0.7759364237243089 -1.6646228730678558
9.9414077061354662e+14 0.7784564560415154 -1.6602031886577606
9.9752363127616150e+14 0.7809783563751990 -1.6557224094867706
1.0009180031317592e+15 0.7834834161886228 -1.6511879861354828
1.0043239253506095e+15 0.7859919136898595 -1.6465969383716583
1.0077414372362700e+15 0.7885101902135947 -1.6419433057308197
1.0111705782260412e+15 0.7909813679356174 -1.6372717916965485
1.0146113878914202e+15 0.7934568070329930 -1.6325809061527252
1.0180639059385582e+15 0.7958947244580158 -1.6278378665447235
1.0215281722087228e+15 0.7983458095689492 -1.6230367124080658
1.0250042266787402e+15 0.8007981489804552 -1.6181714832782745
1.0284921094614829e+15 0.8032442069489577 -1.6132511198520660
1.0319918608063149e+15 0.8056874928258621 -1.6082666814327240
1.0355035210995608e+15 0.8081135128689405 -1.6032241284847260
1.0390271308649716e+15 0.8105425829862604 -1.5981189906597137
1.0425627307641926e+15 0.8129646271337357 -1.5929527580738068
1.0461103615972324e+15 0.8153974679007111 -1.5877179801464081
1.0496700643029339e+15 0.8178133696570926 -1.5824235975742340
1.0532418799594464e+15 0.8202218298848273 -1.5770711004734039
1.0568258497847000e+15 0.8226143020498680 -1.5716828405857086
1.0604220151368812e+15 0.8249851893618313 -1.5662349760532379
1.0640304175149101e+15 0.8273601024930410 -1.5607170760631561
1.0676510985589235e+15 0.8297273350982685 -1.5551321208477020
1.0712841000507380e+15 0.8320901341481477 -1.5494801104068756
1.0749294639143585e+15 0.8344496567607463 -1.5437595546245575
1.0785872322164445e+15 0.8368030574213950 -1.5379719436168671
1.0822574471667999e+15 0.8391301721083106 -1.5321172773838043
1.0859401511188600e+15 0.8414771080742791 -1.5261851251125336
1.0896353865701804e+15 0.8438090515428330 -1.5201844274997711
1.0933431961629270e+15 0.8461174014733867 -1.5141151845455170
1.0970636226843689e+15 0.8484029555734077 -1.5080310404300690
1.1007967090673710e+15 0.8506623210620207 -1.5019454061985016
1.1045424983908909e+15 0.8529041098670294 -1.4957912266254425
1.1083010338804744e+15 0.8551378175175762 -1.4895655214786530
1.1120723589087556e+15 0.8573655442015640 -1.4832682907581329
1.1158565169959615e+15 0.8595823669221022 -1.4768980443477631
1.1196535518103958e+15 0.8617886999910856 -1.4704532921314240
1.1234635071689702e+15 0.8639880851213181 -1.4639355242252350
1.1272864270376925e+15 0.8661796334321616 -1.4573432505130768
1.1311223555321772e+15 0.8683487074339438 -1.4506749808788300
1.1349713369181560e+15 0.8705193177283722 -1.4439277350902557
1.1388334156119875e+15 0.8726717275767172 -1.4371000230312347
1.1427086361811708e+15 0.8748192910192660 -1.4302350580692291
1.1465970433448582e+15 0.8769114320519814 -1.4233149588108063
1.1504986819743735e+15 0.8790289463968659 -1.4163009822368622
1.1544135970937278e+15 0.8811123109879911 -1.4092139899730682
1.1583418338801445e+15 0.8832178423034234 -1.4020375907421112
1.1622834376645622e+15 0.8852835586034785 -1.3947837054729462
1.1662384539321858e+15 0.8873370726928186 -1.3874553143978119
1.1702069283229918e+15 0.8893736125130928 -1.3800375163555145
1.1741889066322610e+15 0.8914178910190665 -1.3725332915782928
1.1781844348111060e+15 0.8934372182557940 -1.3649456202983856
1.1821935589670018e+15 0.8954229679712371 -1.3572804629802704
1.1862163253643180e+15 0.8974025566541217 -1.3495899736881256
1.1902527804248522e+15 0.8993444096195453 -1.3419099152088165
1.1943029707283668e+15 0.9012591020619724 -1.3341508805751801
1.1983669430131242e+15 0.9031699428743536 -1.3263054192066193
1.2024447441764298e+15 0.9050544720844550 -1.3183735311031342
1.2065364212751690e+15 0.9069325217263979 -1.3103552162647247
1.2106420215263588e+15 0.9088083787706006 -1.3022430241107941
1.2147615923076702e+15 0.9106586078607337 -1.2940444052219391
1.2188951811580068e+15 0.9124874478608416 -1.2857578694820404
1.2230428357780315e+15 0.9143012805174012 -1.2773789465427399
1.2272046040307238e+15 0.9160991260818450 -1.2689150869846344
1.2313805339419308e+15 0.9178791615842808 -1.2603901326656342
1.2355706737009220e+15 0.9196167917462347 -1.2518800795078278
1.2397750716609450e+15 0.9213175356787735 -1.2432850897312164
1.2439937763397845e+15 0.9230199847405387 -1.2345902621746063
1.2482268364203205e+15 0.9247084037775882 -1.2258090078830719
1.2524743007510920e+15 0.9263531039444434 -1.2169413268566132
1.2567362183468588e+15 0.9280069577333983 -1.2079693377017975
1.2610126383891685e+15 0.9296286627630892 -1.1989094316959381
1.2653036102269288e+15 0.9312277932629360 -1.1897467076778412
1.2696091833769562e+15 0.9328401423419092 -1.1804841458797455
1.2739294075245788e+15 0.9344157419961513 -1.1711262166500092
1.2782643325241878e+15 0.9359669176278065 -1.1616833508014679
1.2826140083998195e+15 0.9374949462552646 -1.1521823704242706
1.2869784853457320e+15 0.9389851962085515 -1.1425875127315521
1.2913578137269842e+15 0.9404761427806556 -1.1328898370265961
1.2957520440800170e+15 0.9419339056151189 -1.1230908334255219
1.3001612271132365e+15 0.9433756313072147 -1.1131905019283295
1.3045854137076000e+15 0.9448172421179512 -1.1031754314899445
1.3090246549172015e+15 0.9462221025212699 -1.0930620133876801
1.3134790019698622e+15 0.9475728841711314 -1.0828532278537750
1.3179485062677218e+15 0.9489736665939507 -1.0725118219852448
1.3224332193878355e+15 0.9502778545464858 -1.0620869696140289
1.3269331930827492e+15 0.9515680492970530 -1.0516650974750519
1.3314484792811288e+15 0.9528314638490379 -1.0412774980068207
1.3359791300883368e+15 0.9541034219542027 -1.0307721793651581
1.3405251977870400e+15 0.9552960160749895 -1.0201819241046906
1.3450867348378132e+15 0.9564816820662096 -1.0094784200191498
1.3496637938797432e+15 0.9576450635550332 -0.9986646473407745
1.3542564277310372e+15 0.9587957818948207 -0.9877391159534454
1.3588646893896325e+15 0.9599293686417586 -0.9767107665538788
1.3634886320338072e+15 0.9610224937326461 -0.9655661880970001
1.3681283090227945e+15 0.9620874570662467 -0.9543053805828094
1.3727837738974040e+15 0.9631329343651172 -0.9429387748241425
1.3774550803806172e+15 0.9641400855014328 -0.9315438568592072
1.3821422823782405e+15 0.9651550476624807 -0.9200446307659149
1.3868454339795058e+15 0.9660817944043846 -0.9084604680538177
1.3915645894576992e+15 0.9670105093167477 -0.8967436850070953
1.3962998032707885e+15 0.9679313327392879 -0.8849106729030609
1.4010511300620500e+15 0.9688048395731850 -0.8729629218578339
1.4058186246607012e+15 0.9696679207957782 -0.8608944714069366
1.4106023420825320e+15 0.9705216732470768 -0.8486963808536530
1.4154023375305392e+15 0.9713064390333084 -0.8363924920558929
1.4202186663955652e+15 0.9720906027147714 -0.8239559829235077
1.4250513842569360e+15 0.9728216636483453 -0.8114762604236603
1.4299005468831028e+15 0.9735354138519476 -0.7990397512912750
1.4347662102322910e+15 0.9741937517710699 -0.7864870131015778
1.4396484304531240e+15 0.9748520926573392 -0.7738001644611359
1.4445472638853042e+15 0.9754970098704467 -0.7609970867633820
1.4494627670602418e+15 0.9761008201124401 -0.7480673491954803
1.4543949967017108e+15 0.9766710818312093 -0.7350154221057892
1.4593440097265058e+15 0.9771857001072051 -0.7218457758426666
1.4643098632450972e+15 0.9776950623805454 -0.7085390388965607
1.4692926145622912e+15 0.9781892390248952 -0.6951041519641876
1.4742923211778902e+15 0.9786003448937758 -0.6815545260906219
1.4793090407873578e+15 0.9790133278415584 -0.6680525839328766
1.4843428312824820e+15 0.9794629085017927 -0.6544075906276703
1.4893937507520468e+15 0.9797600248962242 -0.6406821310520172
1.4944618574824990e+15 0.9800519631530737 -0.6268046796321869
1.4995472099586298e+15 0.9803751002892150 -0.6127841770648956
1.5046498668642230e+15 0.9806275714971315 -0.5986489355564117
1.5097698870827705e+15 0.9808738859842017 -0.5843661725521088
1.5149073296981265e+15 0.9810572667854801 -0.5699612200260162
1.5200622539951955e+15 0.9811767802342354 -0.5554251372814178
1.5252347194606170e+15 0.9813287566702429 -0.5407325923442841
1.5304247857834512e+15 0.9814219485311755 -0.5260474979877472
1.5356325128558682e+15 0.9815186996934731 -0.5112655460834503
1.5408579607738392e+15 0.9815869690615855 -0.4963405430316925
1.5461011898378298e+15 0.9815143190993335 -0.4813216626644135
1.5513622605534958e+15 0.9814684868929190 -0.4661478102207184
1.5566412336323818e+15 0.9814416649504357 -0.4507921636104584
1.5619381699926210e+15 0.9813163189867594 -0.4353396594524384
1.5672531307596462e+15 0.9812016187970741 -0.4197202622890472
1.5725861772668675e+15 0.9809792771506451 -0.4039801657199860
1.5779373710564200e+15 0.9807932077603189 -0.3880701959133148
1.5833067738798475e+15 0.9805392797004328 -0.3722272813320160
1.5886944476988220e+15 0.9802612196783110 -0.3563590347766876
1.5941004546858590e+15 0.9799652467457866 -0.3403462469577789
1.5995248572250338e+15 0.9796457260024658 -0.3241799771785736
1.6049677179127028e+15 0.9792565254633540 -0.3078840672969818
1.6104290995582245e+15 0.9788406611518605 -0.2914436161518097
1.6159090651846855e+15 0.9783865970557729 -0.2748467028141022
1.6214076780296275e+15 0.9778860680421660 -0.2581037580966949
1.6269250015457828e+15 0.9773620323055948 -0.2412222325801849
1.6324610994017810e+15 0.9768191195762869 -0.2241604030132294
1.6380160354829228e+15 0.9762235348055108 -0.2071909606456757
1.6435898738918915e+15 0.9755954025670134 -0.1902453601360321
1.6491826789494990e+15 0.9749074306870619 -0.1731537282466888
1.6547945151954272e+15 0.9742247406262422 -0.1558832824230194
1.6604254473889742e+15 0.9735000534586083 -0.1384772360324860
1.6660755405098010e+15 0.9727201247393414 -0.1209340989589691
1.6717448597586805e+15 0.9719504369230348 -0.1032046973705292
1.6774334705582520e+15 0.9710825208859907 -0.0853396952152252
1.6831414385537732e+15 0.9701718773056419 -0.0673420727252960
1.6888688296138810e+15 0.9692472788232321 -0.0491581857204437
1.6946157098313490e+15 0.9682941195160010 -0.0307522714138031
1.7003821455238582e+15 0.9673156192737936 -0.0121288001537323
1.7061682032347350e+15 0.9662414255987143 0.0066287815570831
1.7119739497337595e+15 0.9652076014488353 0.0255756080150604
1.7177994520179095e+15 0.9640342733945443 0.0446759164333344
1.7236447773121395e+15 0.9628107266245370 0.0639192759990692
1.7295099930701578e+15 0.9616408899641061 0.0833697617053986
1.7353951669752030e+15 0.9603707738693327 0.1029871404170990
1.7413003669408270e+15 0.9590769243314823 0.1227699220180511
1.7472256611116772e+15 0.9577393576493188 0.1427225768566132
1.7531711178642840e+15 0.9563797928757756 0.1624234020709991
1.7591368058078490e+15 0.9549987708182643 0.1823015511035919
1.7651227937850372e+15 0.9535260400408285 0.2023093402385712
1.7711291508727718e+15 0.9520530862708046 0.2225302159786224
1.7771559463830368e+15 0.9505440110484696 0.2429015934467316
1.7832032498636508e+15 0.9489650926160341 0.2634622156620026
1.7892711310991098e+15 0.9474214625756501 0.2842269837856293
1.7953596601113662e+15 0.9457162280397533 0.3051169216632843
1.8014689071606430e+15 0.9440205122543429 0.3261931240558624
1.8075989427462438e+15 0.9423256641091873 0.3470651805400848
1.8137498376073675e+15 0.9406322049135292 0.3675572574138641
1.8199216627239248e+15 0.9388754602119785 0.3882147371768951
1.8261144893173558e+15 0.9371196183068035 0.4090361297130585
1.8323283888514532e+15 0.9352659770236621 0.4300124943256378
1.8385634330331868e+15 0.9334089551255629 0.4511557519435883
1.8448196938135305e+15 0.9315065062710969 0.4724822938442230
1.8510972433882930e+15 0.9295506921515050 0.4939801990985870
1.8573961541989580e+15 0.9275380617868016 0.5156122148036957
1.8637164989334910e+15 0.9255241348376735 0.5374766886234283
1.8700583505272220e+15 0.9234343803611842 0.5595602095127106
1.8764217821636580e+15 0.9212935215726242 0.5818836390972137
1.8828068672753345e+15 0.9191001417307403 0.6043903529644012
1.8892136795446635e+15 0.9168213988471854 0.6270550191402435
1.8956422929047830e+15 0.9145926976650132 0.6499655544757843
1.9020927815404105e+15 0.9122974210226429 0.6730444729328156
1.9085652198886995e+15 0.9099484027561479 0.6962947547435760
1.9150596826400982e+15 0.9075287938088051 0.7197313010692596
1.9215762447392110e+15 0.9050177355545875 0.7433377206325531
1.9281149813856718e+15 0.9025177603529659 0.7671780884265900
1.9346759680349795e+15 0.8999704765776624 0.7913611829280853
1.9412592803994175e+15 0.8973530210780595 0.8157663047313690
1.9478649944488940e+15 0.8947404284477453 0.8403696119785309
1.9544931864118280e+15 0.8919949221027715 0.8651323616504669
1.9611439327760285e+15 0.8892044198208523 0.8901067078113556
1.9678173102895768e+15 0.8864108518940338 0.9153105318546295
1.9745133959617122e+15 0.8835056344159912 0.9407259523868561
1.9812322670637220e+15 0.8806251655854104 0.9663455188274384
1.9879740011298310e+15 0.8776205841734815 0.9921543300151825
1.9947386759580980e+15 0.8747713537823086 1.0172821581363678
2.0015263696113122e+15 0.8718438126166526 1.0424859821796417
2.0083371604178958e+15 0.8687763020301081 1.0678134858608246
2.0151711269728140e+15 0.8657921048371179 1.0934270918369293
2.0220283481384508e+15 0.8627395830313329 1.1191986501216888
2.0289089030455675e+15 0.8595620408377221 1.1451669037342072
2.0358128710941832e+15 0.8563886961333110 1.1713542044162750
2.0427403319544990e+15 0.8531955315242501 1.1977575719356537
2.0496913655678182e+15 0.8498959524772973 1.2243278324604034
2.0566660521474678e+15 0.8466241891092057 1.2508921325206757
2.0636644721797248e+15 0.8432989738229407 1.2773580849170685
2.0706867064247445e+15 0.8399784562737966 1.3041011989116669
2.0777328359174930e+15 0.8365522034274702 1.3309948146343231
2.0848029419686822e+15 0.8330981408594315 1.3581134378910065
2.0918971061657075e+15 0.8295818090422782 1.3854198157787323
2.0990154103735900e+15 0.8260485033853338 1.4129512012004852
2.1061579367359295e+15 0.8225100750377359 1.4407135546207428
2.1133247676758185e+15 0.8188616362903417 1.4686740934848785
2.1205159858968438e+15 0.8151401450189784 1.4967389404773712
2.1277316743840078e+15 0.8114440202390316 1.5246711671352386
2.1349719164046938e+15 0.8076786016433470 1.5527702867984772
2.1422367955096275e+15 0.8038589054021121 1.5811316668987274
2.1495263955338408e+15 0.8000250325110434 1.6096793115139008
2.1568408005976388e+15 0.7961701497847946 1.6384802758693695
2.1641800951075718e+15 0.7922445214372051 1.6674600541591644
2.1715443637574082e+15 0.7882474205440934 1.6966469585895538
2.1789336915291125e+15 0.7841581348361087 1.7260737717151642
2.1863481636938250e+15 0.7801306238416851 1.7557345330715179
2.1937878658128475e+15 0.7758862832407973 1.7857573926448822
2.2012528837386380e+15 0.7716884626049693 1.8160812556743622
2.2087433036157660e+15 0.7674018011972655 1.8466286361217499
2.2162592118819610e+15 0.7630881309628125 1.8774278461933136
2.2238006952690735e+15 0.7587391034180453 1.9084207713603973
2.2313678408040855e+15 0.7542440708259527 1.9396625459194183
2.2389607358101130e+15 0.7497448465503095 1.9711531698703766
2.2465794679074165e+15 0.7452097541833844 2.0028628408908844
2.2542241250144095e+15 0.7406659813748757 2.0349152386188507
2.2618947953486745e+15 0.7361783025390018 2.0660065114498138
2.2695915674279810e+15 0.7316220775792834 2.0972765982151031
2.2773145300713060e+15 0.7270106291899836 2.1287463605403900
2.2850637723998690e+15 0.7223669704857782 2.1604098379611969
2.2928393838381235e+15 0.7177353576816116 2.1923728287220001
2.3006414541148445e+15 0.7129409462904840 2.2244967520236969
2.3084700732641255e+15 0.7081684253711336 2.2569097578525543
2.3163253316264290e+15 0.7033376009249948 2.2895433008670807
2.3242073198496275e+15 0.6984824453514454 2.3224301636219025
2.3321161288900500e+15 0.6934930045546063 2.3557581007480621
2.3400518500135315e+15 0.6884420081105601 2.3893781006336212
2.3480145747964660e+15 0.6833067844495708 2.4232424795627594
2.3560043951268635e+15 0.6781246337806027 2.4573735892772675
2.3640214032054115e+15 0.6729218971550555 2.4917386472225189
2.3720656915465360e+15 0.6677127327748678 2.5263838469982147
2.3801373529794725e+15 0.6624807125233498 2.5613717734813690
2.3882364806493450e+15 0.6570011847106657 2.5964565575122833
2.3963631680182015e+15 0.6516627538992179 2.6319913566112518
2.4045175088661530e+15 0.6463166616955790 2.6665322482585907
2.4126995972924150e+15 0.6409591307044579 2.7012445032596588
2.4209095277164035e+15 0.6355304186018703 2.7361892163753510
2.4291473948788245e+15 0.6301493939602828 2.7715064585208893
2.4374132938427685e+15 0.6245986676086057 2.8068669140338898
2.4457073199948060e+15 0.6190385642752566 2.8426073491573334
2.4540295690460885e+15 0.6134892246209833 2.8786413371562958
2.4623801370334535e+15 0.6077785285828297 2.9148213565349579
2.4707591203205325e+15 0.6020383854410337 2.9512695968151093
2.4791666155988630e+15 0.5963848356236034 2.9875807464122772
2.4876027198890045e+15 0.5905994109745712 3.0239902436733246
2.4960675305416680e+15 0.5848355925070842 3.0607812106609344
2.5045611452387985e+15 0.5789610819400522 3.0976794660091400
2.5130836619947635e+15 0.5730369273096692 3.1349517405033112
2.5216351791574440e+15 0.5671242347708698 3.1724490225315094
2.5302157954093790e+15 0.5611492356545799 3.2102279365062714
2.5388256097689035e+15 0.5550690880047709 3.2482035458087921
2.5474647215912930e+15 0.5490406062633580 3.2865948975086212
2.5561332305699075e+15 0.5426870257332885 3.3257581293582916
2.5648312367373450e+15 0.5362651054715002 3.3652000129222870
2.5735588404665935e+15 0.5299090505616002 3.4050233662128448
2.5823161424721900e+15 0.5235443553125443 3.4451864659786224
2.5911032438113830e+15 0.5169813597404136 3.4855686128139496
2.5999202458852985e+15 0.5103690949654838 3.5261474549770355
2.6087672504401200e+15 0.5037622976725371 3.5671614110469818
2.6176443595682220e+15 0.4970850539960967 3.6084733903408051
2.6265516757094100e+15 0.4905210323225949 3.6494441330432892
2.6354893016520610e+15 0.4840710175807836 3.6890499293804169
2.6444573405343200e+15 0.4775329381185288 3.7289239466190338
2.6534558958452905e+15 0.4710044781232320 3.7690617144107819
2.6624850714262285e+15 0.4644402692094529 3.8094915449619293
2.6715449714717410e+15 0.4577774661657302 3.8502253592014313
2.6806357005309875e+15 0.4511175150151285 3.8912005722522736
2.6897573635088885e+15 0.4443101363555540 3.9324529469013214
2.6989100656673335e+15 0.4374613742270730 3.9739169180393219
2.7080939126264095e+15 0.4306402902411173 4.0161676704883575
2.7173090103655725e+15 0.4234641535858303 4.0588311851024628
2.7265554652249400e+15 0.4164675288234235 4.1020400822162628
2.7358333839064710e+15 0.4094064035486952 4.1455782949924469
2.7451428734752110e+15 0.4021447080802986 4.1892074048519135
2.7544840413605250e+15 0.3947852194217086 4.2331449687480927
2.7638569953573405e+15 0.3874984299770024 4.2775459587574005
2.7732618436273865e+15 0.3801525935212929 4.3222032487392426
2.7826986947004475e+15 0.3727567885211563 4.3671868741512299
2.7921676574756110e+15 0.3654800073088342 4.4114105403423309
2.8016688412225270e+15 0.3581744545892563 4.4556252658367157
2.8112023555826675e+15 0.3507488773589843 4.5000843703746796
2.8207683105705935e+15 0.3433666920513755 4.5449204742908478
2.8303668165752335e+15 0.3358311006416216 4.5900262892246246
2.8399979843611130e+15 0.3283372273700455 4.6354733407497406
2.8496619250697030e+15 0.3208031004819218 4.6812288463115692
2.8593587502206525e+15 0.3131080493761935 4.7272436320781708
2.8690885717130910e+15 0.3053775998959736 4.7734148800373077
2.8788515018269180e+15 0.2977512786154496 4.8192538321018219
2.8886476532240985e+15 0.2901318208772796 4.8654653131961823
2.8984771389499640e+15 0.2823158631137133 4.9120016396045685
2.9083400724345160e+15 0.2745725690542726 4.9587346613407135
2.9182365674937350e+15 0.2667314493486975 5.0057865679264069
2.9281667383308955e+15 0.2588305160664253 5.0530917942523956
2.9381306995378820e+15 0.2508448825389938 5.1008321344852448
2.9481285660965120e+15 0.2428214965491055 5.1488496363162994
2.9581604533798755e+15 0.2348018216997996 5.1974125206470490
2.9682264771536175e+15 0.2266839210572590 5.2464641630649567
2.9783267535773455e+15 0.2184442974233466 5.2957423031330109
2.9884613992059240e+15 0.2101526562406528 5.3453870117664337
2.9986305309908300e+15 0.2018583289232556 5.3954087197780609
3.0088342662815015e+15 0.1933616358091088 5.4456762969493866
3.0190727228266945e+15 0.1848966082473528 5.4963685572147369
3.0293460187758395e+15 0.1764281391941414 5.5473633110523224
3.0396542726804060e+15 0.1679017314201540 5.5986858904361725
3.0499976034952705e+15 0.1593892685066244 5.6493081152439117
3.0603761305800880e+15 0.1508306968105746 5.7002656161785126
3.0707899737006835e+15 0.1424360256453882 5.7517133653163910
3.0812392530303710e+15 0.1337078380647509 5.8032043278217316
3.0917240891514780e+15 0.1250363749424791 5.8552287518978119
3.1022446030565605e+15 0.1163709495707302 5.9075571596622467
3.1128009161499395e+15 0.1076241605578047 5.9603087604045868
3.1233931502490365e+15 0.0986829145359052 6.0132570564746857
3.1340214275857935e+15 0.0900070101823857 6.0660548508167267
3.1446858708080840e+15 0.0812268356756137 6.1183474957942963
3.1553866029811265e+15 0.0724541052971936 6.1710767447948456
3.1661237475889060e+15 0.0636844967377940 6.2242485582828522
3.1768974285355985e+15 0.0547758090116732 6.2776274979114532
3.1877077701470010e+15 0.0456811508436852 6.3311152160167694
3.1985548971719665e+15 0.0369392120362297 6.3855387270450592
3.2094389347838560e+15 0.0277627053689354 6.4398042857646942
3.2203600085819300e+15 0.0186969469623845 6.4947225153446198
3.2313182445928795e+15 0.0093768135029730 6.5506227314472198
3.2423137692722230e+15 0.0001915161549820 6.6071338951587677
3.2533467095057840e+15 -0.0092531675476966 6.6638313233852386
3.2644171926111520e+15 -0.0187454785140618 6.7209787666797638
3.2755253463391525e+15 -0.0283499029261318 6.7782156169414520
3.2866712988753215e+15 -0.0379418706990873 6.8360261619091034
3.2978551788413840e+15 -0.0475170056299805 6.8943001329898834
3.3090771152967395e+15 -0.0571725762571556 6.9529749453067780
3.3203372377399505e+15 -0.0669407834880281 7.0112802088260651
3.3316356761102365e+15 -0.0764562005389184 7.0699669420719147
3.3429725607889750e+15 -0.0862348138235430 7.1287982165813446
3.3543480226012170e+15 -0.0959566051652527 7.1880497038364410
3.3657621928171460e+15 -0.1059179810362560 7.2476290166378021
3.3772152031536710e+15 -0.1156548750500396 7.3078982532024384
3.3887071857758935e+15 -0.1256519304202070 7.3683045804500580
3.4002382732986460e+15 -0.1356704153563655 7.4291042983531952
3.4118085987880240e+15 -0.1455174397850820 7.4896536767482758
3.4234182957629185e+15 -0.1553183310927225 7.5494922697544098
3.4350674981965590e+15 -0.1651889969511846 7.6098002493381500
3.4467563405180590e+15 -0.1752015495938177 7.6705314218997955
3.4584849576139665e+15 -0.1852361905582363 7.7314622700214386
3.4702534848298230e+15 -0.1952347544367220 7.7929876744747162
3.4820620579717210e+15 -0.2052087528717629 7.8549660742282867
3.4939108133078760e+15 -0.2154841398287356 7.9169951379299164
3.5057998875702100e+15 -0.2255629761985944 7.9797707498073578
3.5177294179558735e+15 -0.2358173243432410 8.0427907407283783
3.5296995421289135e+15 -0.2460114890525839 8.1065200269222260
3.5417103982218075e+15 -0.2565415151477948 8.1700764596462250
3.5537621248370680e+15 -0.2670048483504654 8.2341946661472321
3.5658548610488445e+15 -0.2774234818753600 8.2989223301410675
3.5779887464045285e+15 -0.2879354290540508 8.3639614284038544
3.5901639209263630e+15 -0.2985022649854404 8.4295876324176788
3.6023805251130575e+15 -0.3092763418525385 8.4952987730503082
3.6146386999414110e+15 -0.3195883007847696 8.5608474910259247
3.6269385868679385e+15 -0.3302843813263822 8.6262069642543793
3.6392803278305170e+15 -0.3408779902882003 8.6922772228717804
3.6516640652499500e+15 -0.3514536401030880 8.7586022913455963
3.6640899420317760e+15 -0.3624192633118896 8.8251121342182159
3.6765581015677065e+15 -0.3730955057001748 8.8924594223499298
3.6890686877374455e+15 -0.3838155827205668 8.9602716267108917
3.7016218449102765e+15 -0.3947041000476299 9.0282343327999115
3.7142177179467430e+15 -0.4056366392306200 9.0971998870372772
3.7268564522003185e+15 -0.4166639562267491 9.1665364801883698
3.7395381935190860e+15 -0.4277914739310471 9.2363230884075165
3.7522630882474195e+15 -0.4389869939245554 9.3065641820430756
3.7650312832276735e+15 -0.4501571477158354 9.3772999942302704
3.7778429258018785e+15 -0.4615448168012899 9.4483636319637299
3.7906981638134390e+15 -0.4730275159519600 9.5196522772312164
3.8035971456088565e+15 -0.4843113873052163 9.5920704305171967
3.8165400200393795e+15 -0.4954487538737085 9.6632204949855804
3.8295269364628140e+15 -0.5064411322954390 9.7340859472751617
3.8425580447451845e+15 -0.5178580305123328 9.8048441112041473
3.8556334952624795e+15 -0.5287290577453720 9.8769448697566986
3.8687534389023870e+15 -0.5403008107745676 9.9485568702220917
3.8819180270660350e+15 -0.5514519123708066 10.0212313234806061
3.8951274116697395e+15 -0.5629080628404677 10.0940398871898651
3.9083817451467565e+15 -0.5743314822910832 10.1672165095806122
3.9216811804490420e+15 -0.5859048088919008 10.2411322295665741
3.9350258710490170e+15 -0.5974968342493433 10.3155560791492462
3.9484159709413370e+15 -0.6091023039666817 10.3906817734241486
3.9618516346446720e+15 -0.6207603584689306 10.4660950601100922
3.9753330172035030e+15 -0.6325478926827222 10.5419851839542389
3.9888602741898475e+15 -0.6444316043183025 10.6181554496288300
4.0024335617051520e+15 -0.6561238315926171 10.6952749192714691
4.0160530363820290e+15 -0.6681117858408098 10.7725776731967926
4.0297188553860795e+15 -0.6802105800308763 10.8500517904758453
4.0434311764177075e+15 -0.6920561694521484 10.9282515943050385
4.0571901577139405e+15 -0.7039446150561181 11.0070817172527313
4.0709959580502535e+15 -0.7163409804442953 11.0856063663959503
4.0848487367424030e+15 -0.7283837546245172 11.1654601991176605
4.0987486536482650e+15 -0.7405320415988007 11.2454004585742950
4.1126958691696800e+15 -0.7527710669862587 11.3261647522449493
4.1266905442543025e+15 -0.7650782880366944 11.4071302115917206
4.1407328403974605e+15 -0.7773044139117217 11.4877276122570038
4.1548229196440350e+15 -0.7894203570939697 11.5677841007709503
4.1689609445902610e+15 -0.8013861896631254 11.6486005485057831
4.1831470783857075e+15 -0.8135703320963249 11.7295645177364349
4.1973814847350920e+15 -0.8259215811854060 11.8107445538043976
4.2116643279001860e+15 -0.8382172261470469 11.8926800787448883
4.2259957727017090e+15 -0.8506120365170364 11.9751982390880585
4.2403759845212350e+15 -0.8630164709898617 12.0580025017261505
4.2548051293030965e+15 -0.8754899744793011 12.1411420404911041
4.2692833735563005e+15 -0.8877510345416094 12.2244261205196381
4.2838108843564525e+15 -0.9001761720158457 12.3079754412174225
4.2983878293476805e+15 -0.9126988778031160 12.3918034136295319
4.3130143767445915e+15 -0.9251076681627975 12.4769158661365509
4.3276906953341205e+15 -0.9379387875451902 12.5615589320659637
4.3424169544776750e+15 -0.9503016434752507 12.6475639641284943
4.3571933241128410e+15 -0.9631296977844089 12.7334557473659515
4.3720199747555390e+15 -0.9757884295501302 12.8207780420780182
4.3868970775019030e+15 -0.9887409941822134 12.9091225564479828
4.4018248040302725e+15 -1.0019067495046710 12.9969038069248199
4.4168033266031740e+15 -1.0147394545519164 13.0866996943950653
4.4318328180693085e+15 -1.0277332972109392 13.1764478981494904
4.4469134518655460e+15 -1.0411293110573303 13.2661409676074982
4.4620454020189280e+15 -1.0542462231017937 13.3572094142436981
4.4772288431486745e+15 -1.0675322499066342 13.4486354887485504
4.4924639504681995e+15 -1.0806473642430885 13.5400228202342987
4.5077508997871510e+15 -1.0937584725878733 13.6308409273624420
4.5230898675133670e+15 -1.1067462215866015 13.7229226529598236
4.5384810306550220e+15 -1.1199869450128268 13.8153187930583954
4.5539245668225920e+15 -1.1333943883238284 13.9079518616199493
4.5694206542309300e+15 -1.1467703047417046 14.0009500086307526
4.5849694717013150e+15 -1.1602216442806772 14.0950955450534821
4.6005711986635200e+15 -1.1737171831528059 14.1891531646251678
4.6162260151578810e+15 -1.1869651961152394 14.2840288579463959
4.6319341018373760e+15 -1.2004363918073411 14.3784336745738983
4.6476956399697070e+15 -1.2137727881112916 14.4740603864192963
4.6635108114393940e+15 -1.2273565359702110 14.5699180662631989
4.6793797987498750e+15 -1.2407236181699630 14.6666608750820160
4.6953027850256080e+15 -1.2546730218604709 14.7631786763668060
4.7112799540142060e+15 -1.2681937165610357 14.8610360920429230
4.7273114900884840e+15 -1.2818740593545328 14.9595387279987335
4.7433975782486930e+15 -1.2958339941093691 15.0574676692485809
4.7595384041245870e+15 -1.3094763342122104 15.1567496359348297
4.7757341539775790e+15 -1.3233569673185808 15.2561925351619720
4.7919850147028940e+15 -1.3371156956121013 15.3570033609867096
4.8082911738317200e+15 -1.3512032848054791 15.4576472938060760
4.8246528195333800e+15 -1.3650795163134097 15.5594505369663239
4.8410701406174960e+15 -1.3792652992947454 15.6609348952770233
4.8575433265361740e+15 -1.3931856336220576 15.7629914581775665
4.8740725673861850e+15 -1.4071875508896885 15.8637247979640961
4.8906580539111620e+15 -1.4209357701323764 15.9653879702091217
4.9072999775038000e+15 -1.4350089056278714 16.0672612488269806
4.9239985302080850e+15 -1.4486502642951171 16.1706678569316864
4.9407539047214290e+15 -1.4626671704582961 16.2742964923381805
4.9575662943970160e+15 -1.4768341204982423 16.3781993091106415
4.9744358932459500e+15 -1.4909597624602804 16.4827920496463776
4.9913628959395190e+15 -1.5050798795297806 16.5882103145122528
5.0083474978114330e+15 -1.5193438043801522 16.6938550770282745
5.0253898948600880e+15 -1.5338054161949748 16.7998336255550385
5.0424902837508210e+15 -1.5479694183763599 16.9074110686779022
5.0596488618181820e+15 -1.5625459247383162 17.0148096978664398
5.0768658270682100e+15 -1.5767215216300019 17.1238280832767487
5.0941413781807180e+15 -1.5913420012860757 17.2324948012828827
5.1114757145116100e+15 -1.6058278559553059 17.3420540988445282
5.1288690360950720e+15 -1.6205277508454026 17.4517028033733368
5.1463215436461130e+15 -1.6348780717894238 17.5625823438167572
5.1638334385625880e+15 -1.6495816603632922 17.6730357110500336
5.1814049229277530e+15 -1.6643137658338569 17.7848823368549347
5.1990361995124900e+15 -1.6787718713327096 17.8973712027072906
5.2167274717776720e+15 -1.6936668556592169 18.0099926888942719
5.2344789438765060e+15 -1.7081666668216227 18.1242398917675018
5.2522908206568910e+15 -1.7232135102779149 18.2368524372577667
5.2701633076637840e+15 -1.7377760767639350 18.3498717844486237
5.2880966111415700e+15 -1.7525427272432728 18.4633024036884308
5.3060909380364400e+15 -1.7671944002669144 18.5764141380786896
5.3241464959987830e+15 -1.7816557224771150 18.6919353902339935
5.3422634933856010e+15 -1.7965225564812553 18.8072286546230316
5.3604421392628290e+15 -1.8112873990861582 18.9232908189296722
5.3786826434078740e+15 -1.8263310592105908 19.0389536321163177
5.3969852163119560e+15 -1.8412951584850727 19.1561393439769745
5.4153500691825490e+15 -1.8563800779315707 19.2740835249423981
5.4337774139458270e+15 -1.8714007169149234 19.3924658000469208
5.4522674632491040e+15 -1.8863519096670129 19.5127390325069427
5.4708204304632920e+15 -1.9017703992681112 19.6316979825496674
5.4894365296853600e+15 -1.9168046563636643 19.7527907788753510
5.5081159757408040e+15 -1.9321080259111776 19.8735974729061127
5.5268589841861320e+15 -1.9475019423394055 19.9957348406314850
5.5456657713113440e+15 -1.9627636658368823 20.1198227703571320
5.5645365541424320e+15 -1.9784947583076011 20.2436096966266632
5.5834715504439080e+15 -1.9939400615255141 20.3688763082027435
5.6024709787212230e+15 -2.0095846020045030 20.4950116574764252
5.6215350582234260e+15 -2.0252162506477513 20.6212453544139862
5.6406640089456040e+15 -2.0409990507299600 20.7484446465969086
5.6598580516314430e+15 -2.0565146405987096 20.8772994577884674
5.6791174077757770e+15 -2.0723167144941650 21.0020981729030609
5.6984422996271380e+15 -2.0876688397025673 21.1289294064044952
5.7178329501903300e+15 -2.1031245328057460 21.2558247148990631
5.7372895832289940e+15 -2.1187316512462302 21.3834665715694427
5.7568124232681940e+15 -2.1342469254066652 21.5129218995571136
5.7764016955970090e+15 -2.1499561811462691 21.6414369642734528
5.7960576262711310e+15 -2.1658469374120370 21.7704840004444122
5.8157804421154710e+15 -2.1817790570983031 21.9004355370998383
5.8355703707268080e+15 -2.1972798920825127 22.0316566526889801
5.8554276404763120e+15 -2.2129506441914590 22.1630834043025970
5.8753524805123260e+15 -2.2287547756382771 22.2943075001239777
5.8953451207629180e+15 -2.2448299328814376 22.4273927509784698
5.9154057919385490e+15 -2.2606575698978908 22.5597031414508820
5.9355347255347480e+15 -2.2766557219081456 22.6945377886295319
5.9557321538347700e+15 -2.2925361264994231 22.8293798863887787
5.9759983099122890e+15 -2.3086219215099155 22.9649193584918976
5.9963334276340770e+15 -2.3248016985770867 23.1013543903827667
6.0167377416627100e+15 -2.3409954630259500 23.2384033501148224
6.0372114874592730e+15 -2.3573880698432741 23.3756147325038910
6.0577549012861030e+15 -2.3737482635488778 23.5151655972003937
6.0783682202093890e+15 -2.3900094432480197 23.6545793712139130
6.0990516821021850e+15 -2.4059625886010343 23.7964667379856110
6.1198055256468020e+15 -2.4222688547954587 23.9348478615283966
6.1406299903378410e+15 -2.4385606662420867 24.0742303431034088
6.1615253164848280e+15 -2.4548720393975714 24.2136575281620026
6.1824917452150150e+15 -2.4712594946532160 24.3546672165393829
6.2035295184761620e+15 -2.4877466379501585 24.4959987699985504
6.2246388790393260e+15 -2.5040495535747027 24.6385492384433746
6.2458200705016680e+15 -2.5203329714780018 24.7824989259243011
6.2670733372892590e+15 -2.5370486412563076 24.9253563582897186
6.2883989246599030e+15 -2.5538252487958104 25.0696249306201935
6.3097970787059680e+15 -2.5700485451548114 25.2156116068363190
6.3312680463572480e+15 -2.5868885932465382 25.3609769046306610
6.3528120753837150e+15 -2.6034054287854116 25.5088530480861664
6.3744294143985280e+15 -2.6202338691519751 25.6555937230587006
6.3961203128608010e+15 -2.6372083715210950 25.8031703531742096
6.4178850210785070e+15 -2.6532097699340733 25.9553916752338409
6.4397237902113660e+15 -2.6704512211788409 26.1001192033290863
6.4616368722737450e+15 -2.6870342627521531 26.2484662234783173
6.4836245201375650e+15 -2.7039803591086158 26.3970829546451569
6.5056869875352180e+15 -2.7205818016646859 26.5470899641513824
6.5278245290624970e+15 -2.7373130257218676 26.6979254782199860
6.5500374001815330e+15 -2.7540281040768386 26.8495284020900726
6.5723258572237440e+15 -2.7712148961107252 27.0004622638225555
6.5946901573927910e+15 -2.7880947162785534 27.1539114415645599
6.6171305587675750e+15 -2.8049345367323331 27.3078970611095428
6.6396473203051060e+15 -2.8221886199979189 27.4629078805446625
6.6622407018436520e+15 -2.8393076666905244 27.6177711784839630
6.6849109641056350e+15 -2.8565139166381313 27.7739308774471283
6.7076583687006600e+15 -2.8738472148945031 27.9309712350368500
6.7304831781285370e+15 -2.8909910941218895 28.0887983739376068
6.7533856557823110e+15 -2.9083557140066434 28.2451204955577850
6.7763660659513000e+15 -2.9250915898945298 28.4054569900035858
6.7994246738241440e+15 -2.9425574677590194 28.5618267953395844
6.8225617454918690e+15 -2.9597536526060275 28.7223048508167267
6.8457775479509530e+15 -2.9773392429143311 28.8804270327091217
6.8690723491064110e+15 -2.9947229081769184 29.0413759648799896
6.8924464177748820e+15 -3.0121517121742172 29.2022086679935455
6.9159000236877650e+15 -3.0295443319193831 29.3650664389133453
6.9394334374942140e+15 -3.0470640638743660 29.5269243419170380
6.9630469307644340e+15 -3.0645664787570679 29.6908877789974213
6.9867407759926980e+15 -3.0823685136413239 29.8534892499446869
7.0105152466005240e+15 -3.0998137021125047 30.0219215452671051
7.0343706169398270e+15 -3.1175627648003772 30.1870085299015045
7.0583071622960890e+15 -3.1352935095991246 30.3541965782642365
7.0823251588915290e+15 -3.1529838878188188 30.5199258029460907
7.1064248838882980e+15 -3.1706103034137572 30.6858055293560028
7.1306066153916710e+15 -3.1884862270149990 30.8519192039966583
7.1548706324532620e+15 -3.2061220015354586 31.0194917023181915
7.1792172150742690e+15 -3.2238957167055458 31.1885140836238861
7.2036466442085600e+15 -3.2416430555739821 31.3569597899913788
7.2281592017662400e+15 -3.2596387347937439 31.5255142748355865
7.2527551706164880e+15 -3.2773758572731184 31.6958956420421600
7.2774348345911520e+15 -3.2949671782200141 31.8660341203212738
7.3021984784878690e+15 -3.3128302639695359 32.0333398878574371
7.3270463880733880e+15 -3.3303247702468606 32.2051234543323517
7.3519788500868620e+15 -3.3481302468590259 32.3764391243457794
7.3769961522431610e+15 -3.3658382608777684 32.5488947331905365
7.4020985832361920e+15 -3.3840507544625398 32.7201880514621735
7.4272864327422270e+15 -3.4021265423060414 32.8940890729427338
7.4525599914232480e+15 -3.4203020247815510 33.0682612955570221
7.4779195509303030e+15 -3.4384733513413077 33.2422129809856415
7.5033654039068980e+15 -3.4565908815900817 33.4195710718631744
7.5288978439922560e+15 -3.4748592361671218 33.5971765220165253
7.5545171658248870e+15 -3.4935421120893850 33.7739340960979462
7.5802236650458630e+15 -3.5115298436521361 33.9532561600208282
7.6060176383022670e+15 -3.5299761252730781 34.1334559023380280
7.6318993832506090e+15 -3.5486928818822592 34.3096770346164703
7.6578691985602660e+15 -3.5668823791828190 34.4916142523288727
7.6839273839169250e+15 -3.5851914875332938 34.6738003194332123
7.7100742400260450e+15 -3.6040597568508939 34.8536454141139984
7.7363100686163240e+15 -3.6226105583714348 35.0357286632061005
7.7626351724431810e+15 -3.6411572776434977 35.2202914655208588
7.7890498552922540e+15 -3.6600801557678317 35.4001171886920929
7.8155544219828970e+15 -3.6783022202917337 35.5828158557415009
7.8421491783717400e+15 -3.6967083349741330 35.7647798955440521
7.8688344313560820e+15 -3.7151438970833710 35.9499566256999969
7.8956104888776300e+15 -3.7338419802670857 36.1336879432201385
7.9224776599259210e+15 -3.7529289697329280 36.3153956830501556
7.9494362545419220e+15 -3.7712292644586927 36.5030191838741302
7.9764865838216050e+15 -3.7900125439481407 36.6862960159778595
8.0036289599195420e+15 -3.8085617484038012 36.8706099689006805
8.0308636960525020e+15 -3.8270527690656553 37.0587475597858429
8.0581911065030680e+15 -3.8459710820349682 37.2420214116573334
8.0856115066232630e+15 -3.8644796551647986 37.4277256429195404
8.1131252128381900e+15 -3.8834417276419506 37.6147933304309845
8.1407325426497160e+15 -3.9022256527043253 37.8007896244525909
8.1684338146399690e+15 -3.9210067594113482 37.9906348884105682
8.1962293484753820e+15 -3.9399102682044314 38.1792165338993073
8.2241194649099140e+15 -3.9588205617275709 38.3693240582942963
8.2521044857891190e+15 -3.9779428417208567 38.5594718158245087
8.2801847340536940e+15 -3.9969197124509277 38.7501262128353119
8.3083605337432370e+15 -4.0160252563900096 38.9435939490795135
8.3366322099999870e+15 -4.0353076539983741 39.1315989196300507
