2.1300112135607400e+15 6.650000000e-05 1.050526100e+06 3.957599439e+33 4.651132471e+33 1.950277026e+45 5.235731820e-01 3.615189661e+00
2.1100112135607400e+15 7.710000000e-05 1.050716328e+06 3.943582034e+33 4.630054281e+33 1.940102126e+45 5.157011611e-01 3.579509468e+00
2.0900112135607400e+15 8.810000000e-05 1.050386559e+06 3.929379147e+33 4.608767783e+33 1.931158349e+45 5.078925876e-01 3.541636513e+00
2.0700112135607400e+15 9.970000000e-05 1.051726991e+06 3.914828110e+33 4.587008803e+33 1.921626000e+45 5.000873907e-01 3.504507839e+00
2.0500112135607400e+15 1.120000000e-04 1.050274260e+06 3.899914551e+33 4.564779121e+33 1.911604050e+45 4.922852671e-01 3.467918594e+00
2.0300112135607400e+15 1.251000000e-04 1.052565913e+06 3.884608343e+33 4.542044004e+33 1.900750950e+45 4.844798407e-01 3.432420540e+00
2.0100112135607400e+15 1.391000000e-04 1.052114931e+06 3.868880931e+33 4.518749799e+33 1.889404373e+45 4.766539107e-01 3.397255748e+00
1.9900112135607400e+15 1.543000000e-04 1.052925224e+06 3.852533448e+33 4.494604542e+33 1.878524786e+45 4.687096459e-01 3.359982065e+00
1.9700112135607400e+15 1.705000000e-04 1.052350443e+06 3.835910372e+33 4.470144226e+33 1.868342197e+45 4.608207781e-01 3.321434008e+00
1.9500112135607400e+15 1.879000000e-04 1.054674395e+06 3.818804539e+33 4.445049126e+33 1.856684921e+45 4.529182062e-01 3.284971198e+00
1.9300112135607400e+15 2.065000000e-04 1.055740778e+06 3.801355060e+33 4.419529384e+33 1.845181640e+45 4.450535419e-01 3.248053206e+00
1.9100112135607400e+15 2.265000000e-04 1.054922773e+06 3.783388673e+33 4.393345241e+33 1.832162747e+45 4.371733556e-01 3.213213881e+00
1.8900112135607400e+15 2.478000000e-04 1.052843972e+06 3.765219034e+33 4.366957479e+33 1.820842310e+45 4.293847786e-01 3.175589128e+00
1.8700112135607400e+15 2.707000000e-04 1.053899806e+06 3.746504268e+33 4.339865958e+33 1.807856115e+45 4.215789784e-01 3.140256204e+00
1.8500112135607400e+15 2.959000000e-04 1.054788872e+06 3.726832308e+33 4.311480602e+33 1.792754766e+45 4.135886895e-01 3.106688899e+00
1.8300112135607400e+15 3.228000000e-04 1.056821066e+06 3.706982133e+33 4.282948278e+33 1.781537550e+45 4.057135172e-01 3.066722605e+00
1.8100112135607400e+15 3.518000000e-04 1.054529359e+06 3.686482007e+33 4.253584642e+33 1.766710846e+45 3.978094151e-01 3.032212125e+00
1.7900112135607400e+15 3.828000000e-04 1.056227560e+06 3.665721222e+33 4.223958508e+33 1.753455772e+45 3.900004204e-01 2.995161584e+00
1.7700112135607400e+15 4.160000000e-04 1.058964511e+06 3.644603204e+33 4.193937659e+33 1.740145318e+45 3.822590160e-01 2.958163800e+00
1.7500112135607400e+15 4.517000000e-04 1.060472292e+06 3.622852082e+33 4.163105993e+33 1.723646360e+45 3.745043702e-01 2.925894894e+00
1.7300112135607400e+15 4.898000000e-04 1.060938373e+06 3.600986771e+33 4.132256891e+33 1.710890764e+45 3.668918437e-01 2.887791098e+00
1.7100112135607400e+15 5.316000000e-04 1.061999917e+06 3.578205864e+33 4.100215920e+33 1.695999886e+45 3.591631061e-01 2.851779205e+00
1.6900112135607400e+15 5.763000000e-04 1.062804187e+06 3.555233759e+33 4.068029907e+33 1.679212028e+45 3.515584260e-01 2.819304423e+00
2.1500112135607400e+15 5.640000000e-05 1.049829873e+06 3.971108215e+33 4.671508024e+33 1.957236597e+45 5.313820058e-01 3.656061678e+00
2.1700112135607400e+15 4.640000000e-05 1.048312448e+06 3.984396706e+33 4.691609251e+33 1.967416478e+45 5.392132100e-01 3.690746500e+00
2.1900112135607400e+15 3.650000000e-05 1.049203163e+06 3.997066832e+33 4.710825358e+33 1.974285245e+45 5.468793096e-01 3.730195473e+00
2.2100112135607400e+15 2.560000000e-05 1.047054201e+06 4.009590066e+33 4.729878698e+33 1.984596372e+45 5.546069744e-01 3.763250529e+00
2.2300112135607400e+15 1.080000000e-05 1.048795308e+06 4.021688632e+33 4.748315692e+33 1.991523237e+45 5.622797842e-01 3.802043568e+00
