8.4799904996975975e+14 6.930000000e-03 6.940000000e-03 3.444110769e+33 2.125409654e+45 2.010829132e+00 1.855988705e+05 1.430399893e+02 1.432148710e+02 3.779728100e+02 2.028708665e+03
8.4800342496975975e+14 7.660000000e-03 7.670000000e-03 3.443834694e+33 2.125108288e+45 2.011282080e+00 3.028053535e+05 1.435844438e+02 1.432538309e+02 3.496725437e+02 2.339748813e+03
8.4802787809475975e+14 1.086000000e-02 1.087000000e-02 3.442273630e+33 2.123406744e+45 2.010767171e+00 -3.533959268e+05 1.431727371e+02 1.351561362e+02 2.257356635e+02 1.117293309e+03
8.4805233121975975e+14 1.328000000e-02 1.329000000e-02 3.440744989e+33 2.121733239e+45 2.011532507e+00 -4.731835559e+05 1.440346158e+02 1.323664166e+02 1.310168467e+02 -6.869307759e+02
8.4807678434475975e+14 1.530000000e-02 1.531000000e-02 3.439235357e+33 2.120071648e+45 2.012504070e+00 -5.074546186e+05 1.451894921e+02 1.316451243e+02 4.883957009e+01 -1.342464813e+03
8.4810123746975975e+14 1.707000000e-02 1.708000000e-02 3.437732026e+33 2.118432913e+45 2.011801145e+00 -7.320519944e+05 1.446402848e+02 1.290219905e+02 5.873113656e+01 -1.672866519e+03
8.4812569059475975e+14 1.864000000e-02 1.865000000e-02 3.436263453e+33 2.116831477e+45 2.010350367e+00 4.426605844e+05 1.435835746e+02 1.465873563e+02 4.565877084e+02 6.062416723e+03
8.4815014371975975e+14 2.010000000e-02 2.011000000e-02 3.434777353e+33 2.115206462e+45 2.010746752e+00 1.365945179e+05 1.439274305e+02 1.360703082e+02 2.841611903e+02 9.820919042e+02
8.4817459684475975e+14 2.143000000e-02 2.144000000e-02 3.433333947e+33 2.113621568e+45 2.012161247e+00 -1.052404497e+06 1.453188186e+02 1.249342265e+02 -8.100160280e+01 -2.123671619e+03
8.4819904996975975e+14 2.268000000e-02 2.269000000e-02 3.431883753e+33 2.112044399e+45 2.012159261e+00 -1.165053583e+06 1.454359013e+02 1.218181332e+02 -2.647627384e+02 -6.937803754e+03
8.4859904996975975e+14 3.667000000e-02 3.668000000e-02 3.410040982e+33 2.088308361e+45 2.012600658e+00 5.392538624e+05 1.494667128e+02 1.611597078e+02 4.413749546e+02 3.260782232e+03
8.4919904996975975e+14 4.895000000e-02 4.896000000e-02 3.382231105e+33 2.058347966e+45 2.012010249e+00 1.092804335e+06 1.529743027e+02 1.713654512e+02 6.577288043e+02 6.639449819e+03
8.4979904996975975e+14 5.720000000e-02 5.721000000e-02 3.358989306e+33 2.033545617e+45 2.010077362e+00 -4.565511501e+06 1.528892026e+02 1.300971723e+02 -1.237531569e+03 -2.825777095e+04
8.5039904996975975e+14 6.338000000e-02 6.339000000e-02 3.339193147e+33 2.012596240e+45 2.012737335e+00 -1.112367561e+07 1.561863193e+02 1.877546058e+01 -3.822538764e+03 -6.677053807e+04
8.5099904996975975e+14 6.826000000e-02 6.827000000e-02 3.322135076e+33 1.994679563e+45 2.020192452e+00 -2.047961484e+06 1.656750532e+02 7.115524291e+01 -1.098075049e+03 -1.103030908e+04
8.5159904996975975e+14 7.223000000e-02 7.224000000e-02 3.307394384e+33 1.979291188e+45 2.070697663e+00 -2.717130790e+04 2.153861622e+02 1.911521328e+02 1.696747426e+02 1.206480479e+02
8.5219904996975975e+14 7.554000000e-02 7.555000000e-02 3.294542403e+33 1.965959509e+45 2.102316307e+00 -1.117609275e+04 2.478917967e+02 2.157390022e+02 1.977951413e+02 1.800007143e+02
8.5279904996975975e+14 7.835000000e-02 7.836000000e-02 3.283259997e+33 1.954318106e+45 1.141231725e+00 -2.281509861e+03 1.782869083e+02 1.634029131e+02 1.532343958e+02 1.457610602e+02
8.5339904996975975e+14 8.075000000e-02 8.076000000e-02 3.273404623e+33 1.944217028e+45 0.000000000e+00 0.000000000e+00 0.000000000e+00 0.000000000e+00 0.000000000e+00 0.000000000e+00
8.5399904996975975e+14 8.281000000e-02 8.282000000e-02 3.264846148e+33 1.935475428e+45 0.000000000e+00 0.000000000e+00 0.000000000e+00 0.000000000e+00 0.000000000e+00 0.000000000e+00
8.5459904996975975e+14 8.460000000e-02 8.461000000e-02 3.257359774e+33 1.927862897e+45 0.000000000e+00 0.000000000e+00 0.000000000e+00 0.000000000e+00 0.000000000e+00 0.000000000e+00
8.5519904996975975e+14 8.615000000e-02 8.616000000e-02 3.250906882e+33 1.921326629e+45 0.000000000e+00 0.000000000e+00 0.000000000e+00 0.000000000e+00 0.000000000e+00 0.000000000e+00
8.5579904996975975e+14 8.748000000e-02 8.749000000e-02 3.245443354e+33 1.915825043e+45 0.000000000e+00 0.000000000e+00 0.000000000e+00 0.000000000e+00 0.000000000e+00 0.000000000e+00
8.5639904996975975e+14 8.862000000e-02 8.863000000e-02 3.240894682e+33 1.911239675e+45 0.000000000e+00 0.000000000e+00 0.000000000e+00 0.000000000e+00 0.000000000e+00 0.000000000e+00
