2.2300112135607400e+15 1.080000000e-05 1.090000000e-05 1.047299821e+06 4.021671461e+33 -4.222397393e-01 4.021814108e+33 5.166467469e-03 2.244703777e-03 -8.254883652e-13 5.975001868e+00
2.2200112135607400e+15 1.930000000e-05 1.940000000e-05 1.047904062e+06 4.015618455e+33 -4.206346284e-01 4.015982879e+33 8.958426395e-03 3.703234599e-03 -1.663167438e-12 5.691167702e+00
2.2100112135607400e+15 2.560000000e-05 2.570000000e-05 1.049000460e+06 4.009541191e+33 -4.187259631e-01 4.009983638e+33 1.154721072e-02 4.406411572e-03 -8.048961641e-13 6.355318651e+00
2.2000112135607400e+15 3.120000000e-05 3.130000000e-05 1.048789000e+06 4.003350495e+33 -4.176198392e-01 4.003946327e+33 1.367300529e-02 5.163865856e-03 -6.175400100e-13 5.786606021e+00
2.1900112135607400e+15 3.650000000e-05 3.660000000e-05 1.049048135e+06 3.997007592e+33 -4.161932233e-01 3.997636653e+33 1.554604120e-02 5.631964692e-03 -8.810371923e-13 6.165836156e+00
2.1800112135607400e+15 4.150000000e-05 4.160000000e-05 1.048472844e+06 3.990702063e+33 -4.152994134e-01 3.991521793e+33 1.717333993e-02 6.287728714e-03 -8.007789232e-13 5.596831933e+00
2.1700112135607400e+15 4.640000000e-05 4.650000000e-05 1.049296326e+06 3.984331859e+33 -4.135322369e-01 3.984928199e+33 1.866506054e-02 6.317432527e-03 -1.465757029e-12 5.502714961e+00
2.1600112135607400e+15 5.130000000e-05 5.140000000e-05 1.048908308e+06 3.977849495e+33 -4.124964132e-01 3.978534015e+33 2.004658643e-02 6.767912133e-03 -1.278788088e-12 5.502417763e+00
2.1500112135607400e+15 5.640000000e-05 5.650000000e-05 1.049982047e+06 3.971037103e+33 -4.105030113e-01 3.971183187e+33 2.141217025e-02 6.466097869e-03 -1.377804916e-12 5.787509772e+00
2.1400112135607400e+15 6.140000000e-05 6.150000000e-05 1.049365497e+06 3.964340828e+33 -4.095755600e-01 3.964592192e+33 2.263216552e-02 6.918686718e-03 -9.947259373e-13 5.313257738e+00
2.1300112135607400e+15 6.660000000e-05 6.670000000e-05 1.049773947e+06 3.957390309e+33 -4.079762306e-01 3.957198837e+33 2.384428922e-02 6.776829191e-03 -1.347342372e-12 6.071609662e+00
2.1200112135607400e+15 7.180000000e-05 7.190000000e-05 1.049480118e+06 3.950485537e+33 -4.068200871e-01 3.950172936e+33 2.496093681e-02 6.975100719e-03 -6.901478339e-13 5.408095476e+00
2.1100112135607400e+15 7.710000000e-05 7.720000000e-05 1.049533025e+06 3.943506183e+33 -4.054462035e-01 3.942833822e+33 2.602845260e-02 6.935259359e-03 -1.251630392e-12 5.313385964e+00
2.1000112135607400e+15 8.250000000e-05 8.260000000e-05 1.050146391e+06 3.936493861e+33 -4.037374098e-01 3.935034657e+33 2.704887273e-02 6.506886242e-03 -1.483885135e-12 5.598128642e+00
2.0900112135607400e+15 8.810000000e-05 8.820000000e-05 1.051599710e+06 3.929299075e+33 -4.015039756e-01 3.926294342e+33 2.805770271e-02 5.445986904e-03 -1.126434266e-12 5.409723408e+00
2.0800112135607400e+15 9.390000000e-05 9.400000000e-05 1.050425611e+06 3.921940635e+33 -4.008015108e-01 3.919142363e+33 2.903367806e-02 5.983015172e-03 -1.246109237e-12 5.598330004e+00
2.0700112135607400e+15 9.970000000e-05 9.980000000e-05 1.051257806e+06 3.914747278e+33 -3.989579249e-01 3.910665490e+33 2.993558826e-02 5.220223183e-03 -1.701971862e-12 5.788446498e+00
2.0600112135607400e+15 1.058000000e-04 1.059000000e-04 1.051685094e+06 3.907271711e+33 -3.973043480e-01 3.902012089e+33 3.084852341e-02 4.608785367e-03 -1.348458824e-12 5.220314374e+00
2.0500112135607400e+15 1.120000000e-04 1.121000000e-04 1.051687507e+06 3.899837833e+33 -3.959174054e-01 3.893726880e+33 3.170670986e-02 4.280025769e-03 -1.377309762e-12 5.978230438e+00
2.0400112135607400e+15 1.185000000e-04 1.186000000e-04 1.051893006e+06 3.892140687e+33 -3.943659655e-01 3.884801431e+33 3.257474421e-02 3.695143415e-03 -1.773742434e-12 5.315213348e+00
2.0300112135607400e+15 1.251000000e-04 1.252000000e-04 1.052312046e+06 3.884525421e+33 -3.927195617e-01 3.875725838e+33 3.338916028e-02 2.951100996e-03 -1.122283077e-12 5.220803396e+00
2.0200112135607400e+15 1.319000000e-04 1.320000000e-04 1.052640273e+06 3.876831953e+33 -3.911200802e-01 3.866548476e+33 3.417898314e-02 2.222470140e-03 -1.366714618e-12 6.073706988e+00
2.0100112135607400e+15 1.391000000e-04 1.392000000e-04 1.052577232e+06 3.868792070e+33 -3.896827210e-01 3.857193726e+33 3.498763796e-02 1.668605621e-03 -1.864205712e-12 5.221012297e+00
2.0000112135607400e+15 1.466000000e-04 1.467000000e-04 1.052768138e+06 3.860620585e+33 -3.880875187e-01 3.847349859e+33 3.577311695e-02 8.854775362e-04 -2.094338937e-12 6.073774721e+00
1.9900112135607400e+15 1.543000000e-04 1.544000000e-04 1.053444445e+06 3.852449543e+33 -3.862319029e-01 3.836863490e+33 3.652471282e-02 -3.160606697e-04 -1.020004853e-12 5.316419722e+00
1.9800112135607400e+15 1.623000000e-04 1.624000000e-04 1.053136442e+06 3.844116924e+33 -3.849049289e-01 3.827232302e+33 3.726762612e-02 -7.839414030e-04 -1.140550069e-12 5.316167908e+00
1.9700112135607400e+15 1.705000000e-04 1.706000000e-04 1.053558085e+06 3.835820924e+33 -3.831898043e-01 3.816711167e+33 3.797368058e-02 -1.859595078e-03 -1.311728770e-12 5.411244013e+00
1.9600112135607400e+15 1.791000000e-04 1.792000000e-04 1.053861217e+06 3.827235777e+33 -3.814938119e-01 3.805736037e+33 3.869146020e-02 -2.986296279e-03 -1.511582726e-12 5.222012045e+00
1.9500112135607400e+15 1.879000000e-04 1.880000000e-04 1.054010168e+06 3.818713941e+33 -3.799076782e-01 3.795049278e+33 3.936942940e-02 -3.951283460e-03 -1.404200121e-12 5.316854934e+00
1.9400112135607400e+15 1.971000000e-04 1.972000000e-04 1.053674349e+06 3.809941090e+33 -3.785442449e-01 3.784516172e+33 4.005572442e-02 -4.617919145e-03 -1.420344384e-12 5.316604575e+00
1.9300112135607400e+15 2.065000000e-04 2.066000000e-04 1.053327007e+06 3.801275831e+33 -3.772169726e-01 3.774228614e+33 4.070034721e-02 -5.203946549e-03 -6.866766210e-13 6.453136176e+00
1.9200112135607400e+15 2.163000000e-04 2.164000000e-04 1.053692799e+06 3.792385654e+33 -3.754725203e-01 3.762415389e+33 4.134206359e-02 -6.553151479e-03 -9.593069476e-13 6.074491800e+00
1.9100112135607400e+15 2.265000000e-04 2.266000000e-04 1.053928493e+06 3.783302003e+33 -3.737760203e-01 3.750400689e+33 4.198001353e-02 -7.863810559e-03 -6.789139414e-13 5.222044084e+00
1.9000112135607400e+15 2.370000000e-04 2.371000000e-04 1.054154706e+06 3.774217508e+33 -3.720923619e-01 3.738294613e+33 4.259357945e-02 -9.202751044e-03 -5.539887781e-12 5.222223005e+00
1.8900112135607400e+15 2.478000000e-04 2.479000000e-04 1.055722509e+06 3.765139690e+33 -3.697235144e-01 3.724047282e+33 4.316547021e-02 -1.177568258e-02 -1.249882498e-12 5.886503679e+00
1.8800112135607400e+15 2.591000000e-04 2.592000000e-04 1.056370664e+06 3.755750529e+33 -3.677968485e-01 3.710554350e+33 4.375268840e-02 -1.365432187e-02 -8.960867152e-13 5.223969192e+00
1.8700112135607400e+15 2.707000000e-04 2.708000000e-04 1.055245221e+06 3.746419816e+33 -3.668050575e-01 3.700033545e+33 4.433294356e-02 -1.385061765e-02 -8.596169196e-13 5.128371320e+00
1.8600112135607400e+15 2.831000000e-04 2.832000000e-04 1.054830536e+06 3.736594747e+33 -3.653665973e-01 3.687488889e+33 4.492126921e-02 -1.487831386e-02 -9.868743858e-13 5.412237171e+00
1.8500112135607400e+15 2.959000000e-04 2.960000000e-04 1.055438887e+06 3.726748608e+33 -3.634184341e-01 3.673245081e+33 4.546955741e-02 -1.683639062e-02 -9.639659513e-13 5.507439826e+00
1.8400112135607400e+15 3.091000000e-04 3.092000000e-04 1.053902587e+06 3.716898923e+33 -3.625619858e-01 3.662660409e+33 4.603007396e-02 -1.674976527e-02 -2.928296427e-12 5.127309238e+00
1.8300112135607400e+15 3.228000000e-04 3.229000000e-04 1.056547187e+06 3.706902376e+33 -3.596007004e-01 3.644645243e+33 4.650525883e-02 -2.064821097e-02 -2.066674635e-12 5.318821480e+00
1.8200112135607400e+15 3.371000000e-04 3.372000000e-04 1.056679224e+06 3.696608902e+33 -3.578587395e-01 3.630208541e+33 4.702576282e-02 -2.236114140e-02 -1.010091593e-12 6.645099346e+00
1.8100112135607400e+15 3.518000000e-04 3.519000000e-04 1.056736401e+06 3.686397232e+33 -3.561797376e-01 3.616117856e+33 4.751851514e-02 -2.392733777e-02 -1.368539518e-12 5.224234753e+00
1.8000112135607400e+15 3.670000000e-04 3.671000000e-04 1.058233368e+06 3.676121510e+33 -3.538131555e-01 3.599629793e+33 4.795566867e-02 -2.673890902e-02 -1.420502062e-12 5.130710684e+00
1.7900112135607400e+15 3.828000000e-04 3.829000000e-04 1.058205560e+06 3.665638532e+33 -3.521600382e-01 3.585148537e+33 4.842305403e-02 -2.832034470e-02 -1.467837981e-12 5.130691544e+00
1.7800112135607400e+15 3.991000000e-04 3.992000000e-04 1.057321462e+06 3.655148313e+33 -3.509232347e-01 3.572138704e+33 4.889316771e-02 -2.911397733e-02 -1.098804670e-12 5.224695281e+00
1.7700112135607400e+15 4.160000000e-04 4.161000000e-04 1.058716155e+06 3.644514718e+33 -3.486043828e-01 3.555249138e+33 4.928278886e-02 -3.188361862e-02 -9.799481405e-13 5.983498604e+00
1.7600112135607400e+15 4.335000000e-04 4.336000000e-04 1.057769090e+06 3.633767124e+33 -3.473720333e-01 3.541806492e+33 4.972992633e-02 -3.274385999e-02 -2.373211043e-13 5.888037406e+00
1.7500112135607400e+15 4.517000000e-04 4.518000000e-04 1.058968567e+06 3.622771445e+33 -3.451242003e-01 3.524552647e+33 5.009568890e-02 -3.547256693e-02 -4.480684586e-13 5.415450541e+00
1.7400112135607400e+15 4.704000000e-04 4.705000000e-04 1.059410061e+06 3.611891056e+33 -3.432623234e-01 3.508934740e+33 5.045660241e-02 -3.741659740e-02 -1.466707606e-12 5.131641337e+00
1.7300112135607400e+15 4.898000000e-04 4.899000000e-04 1.059402529e+06 3.600898330e+33 -3.416024899e-01 3.493907751e+33 5.081530718e-02 -3.899190034e-02 -1.738886477e-12 5.036927998e+00
1.7200112135607400e+15 5.104000000e-04 5.105000000e-04 1.060730800e+06 3.589448143e+33 -3.392962535e-01 3.476290537e+33 5.111059837e-02 -4.168259879e-02 -1.286608515e-12 5.227379050e+00
1.7100112135607400e+15 5.316000000e-04 5.317000000e-04 1.061673913e+06 3.578124236e+33 -3.372074449e-01 3.459867937e+33 5.138783420e-02 -4.385317862e-02 -1.305522491e-12 5.038722391e+00
1.7000112135607400e+15 5.536000000e-04 5.537000000e-04 1.061530990e+06 3.566621721e+33 -3.355842579e-01 3.444493466e+33 5.168714400e-02 -4.536886924e-02 -6.092473256e-13 5.038587354e+00
1.6900112135607400e+15 5.763000000e-04 5.764000000e-04 1.062799406e+06 3.555153297e+33 -3.333803457e-01 3.427691163e+33 5.188707819e-02 -4.772924927e-02 -1.420224304e-12 5.513043447e+00
1.6800112135607400e+15 5.996000000e-04 5.997000000e-04 1.063670351e+06 3.543921053e+33 -3.314108810e-01 3.412320198e+33 5.206192824e-02 -4.953742902e-02 -1.309847721e-12 4.945620210e+00
