1.2234900000000000e+15 3.540000000e-03 3.550000000e-03 2.839670109e+33 1.194702290e+45 2.076357392e+00 6.896486117e+01 2.049467893e+02 1.787843302e+02 1.663789217e+02 1.556062151e+02
1.2234822433035715e+15 5.300000000e-03 0.000000000e+00 2.839099622e+33 1.194172129e+45 2.077513787e+00 1.219665887e+02 2.060875912e+02 1.796533550e+02 1.672681877e+02 1.594936690e+02
1.2234674553571428e+15 7.600000000e-03 0.000000000e+00 2.837994721e+33 1.193754655e+45 2.067611950e+00 1.196450310e+02 1.985872088e+02 1.742026724e+02 1.631110933e+02 1.562161569e+02
1.2234526674107142e+15 9.430000000e-03 0.000000000e+00 2.836842467e+33 1.192529241e+45 2.070069175e+00 1.544566909e+02 2.009935233e+02 1.759741819e+02 1.646179815e+02 1.595341658e+02
1.2234378794642858e+15 1.091000000e-02 0.000000000e+00 2.835725520e+33 1.191845980e+45 2.073932219e+00 8.992589975e+01 2.044709590e+02 1.785129925e+02 1.663697641e+02 1.564799575e+02
1.2234230915178572e+15 1.226000000e-02 0.000000000e+00 2.834566995e+33 1.190956477e+45 2.079674688e+00 1.673648282e+02 2.086412846e+02 1.820148226e+02 1.695689918e+02 1.644030367e+02
1.2234083035714285e+15 1.349000000e-02 0.000000000e+00 2.833391694e+33 1.190055332e+45 2.071180453e+00 1.006545571e+02 2.019143070e+02 1.772341821e+02 1.656659461e+02 1.566981770e+02
1.2233935156250000e+15 1.469000000e-02 0.000000000e+00 2.832139113e+33 1.189157928e+45 2.073269134e+00 7.797967846e+01 2.050044476e+02 1.790762112e+02 1.669070249e+02 1.559438438e+02
1.2233787276785715e+15 1.574000000e-02 0.000000000e+00 2.830955059e+33 1.188396110e+45 2.073059855e+00 1.836915324e+01 2.046234092e+02 1.790818311e+02 1.667890597e+02 1.516141338e+02
1.2233639397321428e+15 1.679000000e-02 0.000000000e+00 2.829683130e+33 1.187199470e+45 2.072204767e+00 1.975635907e+02 2.041738508e+02 1.789635389e+02 1.675002216e+02 1.649838845e+02
1.2233491517857142e+15 1.777000000e-02 0.000000000e+00 2.828425596e+33 1.186505430e+45 2.077746615e+00 2.053591853e+02 2.096307503e+02 1.827704477e+02 1.705011846e+02 1.678508219e+02
1.2233343638392858e+15 1.874000000e-02 0.000000000e+00 2.827110352e+33 1.185603257e+45 2.074993602e+00 2.061815623e+02 2.072359427e+02 1.813293276e+02 1.695287972e+02 1.676917988e+02
1.2233195758928572e+15 1.966000000e-02 0.000000000e+00 2.825794299e+33 1.184645706e+45 2.068758971e+00 1.582037406e+02 2.032157000e+02 1.781461884e+02 1.668187969e+02 1.622558979e+02
1.2233047879464285e+15 2.058000000e-02 0.000000000e+00 2.824421670e+33 1.183565100e+45 2.075028100e+00 2.163035020e+02 2.083823909e+02 1.821781136e+02 1.703071062e+02 1.690048578e+02
1.2232900000000000e+15 2.151000000e-02 0.000000000e+00 2.822968151e+33 1.182539303e+45 2.075509442e+00 5.331817762e+01 2.085426065e+02 1.825762349e+02 1.700201838e+02 1.569340830e+02
1.2230900000000000e+15 3.509000000e-02 3.510000000e-02 2.794349690e+33 1.162077034e+45 2.075174445e+00 -1.045813326e+02 2.179538871e+02 1.906462307e+02 1.768282423e+02 1.520684927e+02
1.2238900000000000e+15 5.509000000e-02 5.510000000e-02 2.727915217e+33 1.115776367e+45 2.175365305e+00 2.554157356e+02 3.265098798e+02 2.895522746e+02 2.647345905e+02 2.479137906e+02
1.2242900000000000e+15 5.742000000e-02 5.743000000e-02 2.718611737e+33 1.109468236e+45 2.182656161e+00 2.378109942e+02 3.404707217e+02 3.072190011e+02 2.824218774e+02 2.644148077e+02
1.2246900000000000e+15 5.915000000e-02 5.916000000e-02 2.711599152e+33 1.104660838e+45 0.000000000e+00 0.000000000e+00 0.000000000e+00 0.000000000e+00 0.000000000e+00 0.000000000e+00
1.2250900000000000e+15 6.049000000e-02 6.050000000e-02 2.706170828e+33 1.101004337e+45 0.000000000e+00 0.000000000e+00 0.000000000e+00 0.000000000e+00 0.000000000e+00 0.000000000e+00
1.2254900000000000e+15 6.158000000e-02 6.159000000e-02 2.701793548e+33 1.098155154e+45 0.000000000e+00 0.000000000e+00 0.000000000e+00 0.000000000e+00 0.000000000e+00 0.000000000e+00
1.2258900000000000e+15 6.247000000e-02 6.248000000e-02 2.698282461e+33 1.095711976e+45 0.000000000e+00 0.000000000e+00 0.000000000e+00 0.000000000e+00 0.000000000e+00 0.000000000e+00
