1.2020000000000000e+15 6.680000000e-05 6.690000000e-05 1.297285653e+06 4.359580095e+33 -3.456717087e-01 4.359613549e+33 1.790408976e-03 7.534743243e-04 -6.420930739e-13 6.885620516e+01
1.1920000000000000e+15 6.993000000e-04 6.994000000e-04 1.294296212e+06 4.324149791e+33 -3.423266553e-01 4.327489541e+33 1.811052362e-02 7.492588691e-03 -2.065906207e-12 6.289306903e+01
1.1820000000000000e+15 1.017900000e-03 1.018000000e-03 1.293734583e+06 4.288282530e+33 -3.380218693e-01 4.294229772e+33 2.551396574e-02 9.876528212e-03 -1.247656857e-12 6.487972947e+01
1.1720000000000000e+15 1.286700000e-03 1.286800000e-03 1.292771215e+06 4.251747857e+33 -3.338142230e-01 4.259683985e+33 3.120262596e-02 1.129686515e-02 -4.612629465e-13 5.693079628e+01
1.1620000000000000e+15 1.533700000e-03 1.533800000e-03 1.289494177e+06 4.214676771e+33 -3.304189701e-01 4.224785867e+33 3.594949574e-02 1.269691276e-02 -1.858445696e-12 5.593488535e+01
1.1520000000000000e+15 1.769500000e-03 1.769600000e-03 1.286225652e+06 4.177163509e+33 -3.269771784e-01 4.189128627e+33 4.009135353e-02 1.375680990e-02 -1.425371857e-12 5.493894473e+01
1.1420000000000000e+15 2.000400000e-03 2.000500000e-03 1.285408415e+06 4.139118170e+33 -3.225972649e-01 4.151101201e+33 4.384135610e-02 1.370527449e-02 -9.703434406e-13 5.593192354e+01
1.1320000000000000e+15 2.230600000e-03 2.230700000e-03 1.285633464e+06 4.100407647e+33 -3.178024044e-01 4.110777760e+33 4.728846343e-02 1.288782219e-02 -1.495700069e-12 5.791922752e+01
1.1220000000000000e+15 2.460900000e-03 2.461000000e-03 1.284012480e+06 4.061281152e+33 -3.136482806e-01 4.070339366e+33 5.043254962e-02 1.237091518e-02 -1.107206566e-12 5.493734354e+01
1.1120000000000000e+15 2.693100000e-03 2.693200000e-03 1.280627150e+06 4.021709285e+33 -3.100753781e-01 4.030149233e+33 5.332635922e-02 1.226260290e-02 -1.794738196e-12 5.493483625e+01
1.1020000000000000e+15 2.929900000e-03 2.930000000e-03 1.280018799e+06 3.981434704e+33 -3.054922821e-01 3.986010808e+33 5.607228186e-02 1.075894329e-02 -1.071652497e-12 5.294722326e+01
1.0920000000000000e+15 3.170700000e-03 3.170800000e-03 1.278343493e+06 3.940737572e+33 -3.012585755e-01 3.941493693e+33 5.862546905e-02 9.413956363e-03 -7.737718108e-13 5.493322574e+01
1.0820000000000000e+15 3.416100000e-03 3.416200000e-03 1.275176251e+06 3.899657717e+33 -2.975004308e-01 3.897329635e+33 6.100179057e-02 8.471816259e-03 -8.847209212e-13 5.294363457e+01
1.0720000000000000e+15 3.668200000e-03 3.668300000e-03 1.275050241e+06 3.857964902e+33 -2.927166177e-01 3.848327199e+33 6.326329607e-02 5.933550734e-03 -1.140001298e-12 5.493076826e+01
1.0620000000000000e+15 3.926700000e-03 3.926800000e-03 1.270610566e+06 3.815823885e+33 -2.892930568e-01 3.802984509e+33 6.536147846e-02 5.105264283e-03 -7.532030497e-13 5.194660906e+01
1.0520000000000000e+15 4.191400000e-03 4.191500000e-03 1.270777353e+06 3.773368511e+33 -2.844207250e-01 3.751052286e+33 6.734208657e-02 1.975081550e-03 -1.417247161e-12 5.194672258e+01
1.0420000000000000e+15 4.464000000e-03 4.464100000e-03 1.270380497e+06 3.730432607e+33 -2.797334017e-01 3.698526851e+33 6.918521303e-02 -1.071578735e-03 -1.044308380e-12 5.294006575e+01
1.0320000000000000e+15 4.744300000e-03 4.744400000e-03 1.267931714e+06 3.687139300e+33 -2.756706073e-01 3.647476822e+33 7.089846773e-02 -3.364952988e-03 -8.146094514e-13 5.095097002e+01
1.0220000000000000e+15 5.031700000e-03 5.031800000e-03 1.268478824e+06 3.643703197e+33 -2.707723288e-01 3.592224413e+33 7.245691100e-02 -7.050430192e-03 -8.565412656e-13 5.095133539e+01
1.0120000000000000e+15 5.327700000e-03 5.327800000e-03 1.266207355e+06 3.600024313e+33 -2.667141979e-01 3.539746177e+33 7.389244433e-02 -9.616863671e-03 -1.679290426e-12 4.995598863e+01
1.0020000000000000e+15 5.631500000e-03 5.631600000e-03 1.265697075e+06 3.556365882e+33 -2.622251108e-01 3.485198847e+33 7.515706763e-02 -1.290813438e-02 -1.715585379e-12 5.194293229e+01
9.9200000000000000e+14 5.942200000e-03 5.942300000e-03 1.262521022e+06 3.513045760e+33 -2.585512218e-01 3.434063695e+33 7.628449040e-02 -1.514149169e-02 -1.059528840e-12 4.895949614e+01
9.8200000000000000e+14 6.260400000e-03 6.260500000e-03 1.265567611e+06 3.470361134e+33 -2.533784121e-01 3.377806350e+33 7.709960846e-02 -1.947491481e-02 -1.252933817e-12 5.194289260e+01
