1.2124818394594765e+15 1.460000000e-05 1.470000000e-05 1.131005013e+06 3.443530275e+33 -3.009121946e-01 3.443531534e+33 2.620907498e-04 1.588918300e-04 -1.505739906e-12 6.377474315e+01
1.2024818394594765e+15 1.009700000e-03 1.009800000e-03 1.128289778e+06 3.394994015e+33 -2.956781694e-01 3.400188175e+33 1.743821983e-02 9.997108038e-03 -1.284576196e-12 5.780672383e+01
1.1924818394594765e+15 1.473000000e-03 1.473100000e-03 1.126153972e+06 3.346106532e+33 -2.902192661e-01 3.355414959e+33 2.456538465e-02 1.306583025e-02 -3.637595193e-13 5.681084690e+01
1.1824818394594765e+15 1.862200000e-03 1.862300000e-03 1.122884813e+06 3.296661843e+33 -2.851138936e-01 3.309329001e+33 2.996773068e-02 1.494642484e-02 -9.045674407e-13 6.575802248e+01
1.1724818394594765e+15 2.223900000e-03 2.224000000e-03 1.117565876e+06 3.246053425e+33 -2.805866293e-01 3.262077497e+33 3.448047594e-02 1.664733656e-02 -7.698402755e-13 5.779907307e+01
1.1624818394594765e+15 2.568100000e-03 2.568200000e-03 1.115738412e+06 3.195165519e+33 -2.748465263e-01 3.211833811e+33 3.842549840e-02 1.644632424e-02 -1.799654156e-12 5.481448104e+01
1.1524818394594765e+15 2.903200000e-03 2.903300000e-03 1.111136186e+06 3.144022332e+33 -2.700355145e-01 3.161791516e+33 4.186849992e-02 1.670129211e-02 -1.062672864e-12 5.580557133e+01
1.1424818394594765e+15 3.234100000e-03 3.234200000e-03 1.108765067e+06 3.092652575e+33 -2.644827886e-01 3.108759693e+33 4.499055981e-02 1.547532972e-02 -1.243696754e-12 5.381494165e+01
1.1324818394594765e+15 3.565500000e-03 3.565600000e-03 1.105850055e+06 3.040830006e+33 -2.590894038e-01 3.054310991e+33 4.781958901e-02 1.394653134e-02 -1.804339233e-12 5.480727299e+01
1.1224818394594765e+15 3.898600000e-03 3.898700000e-03 1.103097358e+06 2.988736835e+33 -2.536507734e-01 2.998100238e+33 5.039724269e-02 1.185457078e-02 -2.086523705e-12 5.182180743e+01
1.1124818394594765e+15 4.234100000e-03 4.234200000e-03 1.098286406e+06 2.936532546e+33 -2.488627644e-01 2.942621259e+33 5.272119042e-02 1.035983168e-02 -8.261389900e-13 5.380724892e+01
1.1024818394594765e+15 4.573000000e-03 4.573100000e-03 1.095688845e+06 2.884264330e+33 -2.434308726e-01 2.883699209e+33 5.485805984e-02 7.391286334e-03 -1.167509071e-12 5.082176663e+01
1.0924818394594765e+15 4.918200000e-03 4.918300000e-03 1.089928787e+06 2.831666882e+33 -2.389222676e-01 2.826892080e+33 5.678851248e-02 5.700176074e-03 -2.643958878e-12 5.380115974e+01
1.0824818394594765e+15 5.273500000e-03 5.273600000e-03 1.088861862e+06 2.778338705e+33 -2.330193483e-01 2.763010907e+33 5.858102971e-02 1.244936542e-03 -1.728348090e-12 5.181119389e+01
1.0724818394594765e+15 5.633900000e-03 5.634000000e-03 1.085707374e+06 2.725192760e+33 -2.277890869e-01 2.701007996e+33 6.016917710e-02 -2.332288656e-03 -9.431468161e-13 4.981970490e+01
1.0624818394594765e+15 5.999400000e-03 5.999500000e-03 1.083133545e+06 2.672338752e+33 -2.224965947e-01 2.638367319e+33 6.156024397e-02 -6.266651105e-03 -8.931212660e-13 5.379616537e+01
1.0524818394594765e+15 6.369600000e-03 6.369700000e-03 1.081627464e+06 2.619972506e+33 -2.170556188e-01 2.575206664e+33 6.273938083e-02 -1.063959728e-02 -2.357220576e-12 4.981664620e+01
1.0424818394594765e+15 6.746100000e-03 6.746200000e-03 1.078170004e+06 2.568007314e+33 -2.122205748e-01 2.514576090e+33 6.372979212e-02 -1.411584105e-02 -9.199468762e-13 4.782480204e+01
1.0324818394594765e+15 7.123600000e-03 7.123700000e-03 1.076474839e+06 2.517427591e+33 -2.071832500e-01 2.454665167e+33 6.443745431e-02 -1.801999751e-02 -1.044647821e-12 4.583426520e+01
