2.5737091796875000e+15 1.070000000e-03 0.000000000e+00 4.219120610e+33 2.027404608e+45 2.114154573e+00 2.935251794e+00 5.786237660e+00 4.594700721e+00 4.106040907e+00 3.839070432e+00
2.5737000000000000e+15 5.070000000e-03 5.080000000e-03 4.219013236e+33 2.028190493e+45 2.122908251e+00 6.884843555e+00 6.061958518e+00 4.745573556e+00 4.230926107e+00 4.295417173e+00
2.5737799525669645e+15 7.543000000e-02 0.000000000e+00 4.195699503e+33 2.009566857e+45 2.139664404e+00 -6.320496038e-01 6.831821450e+00 5.268823615e+00 4.590632198e+00 3.807482039e+00
2.5738507254464285e+15 7.675000000e-02 0.000000000e+00 4.194900136e+33 2.008747111e+45 2.124926718e+00 1.917140428e+00 6.394053408e+00 5.022845279e+00 4.446797035e+00 3.984294977e+00
2.5739214983258930e+15 7.797000000e-02 0.000000000e+00 4.194142221e+33 2.006691847e+45 2.128981834e+00 -6.809881522e+00 6.545316991e+00 5.101425134e+00 4.432134994e+00 2.973344897e+00
2.5739922712053570e+15 7.904000000e-02 0.000000000e+00 4.193467370e+33 2.007230799e+45 2.124024966e+00 1.819778907e+01 6.429812668e+00 5.041579340e+00 4.579032909e+00 5.967971894e+00
2.5740630440848215e+15 8.006000000e-02 0.000000000e+00 4.192822576e+33 2.005256171e+45 2.107558514e+00 -3.807976290e+00 5.975148320e+00 4.765069633e+00 4.238963170e+00 3.190915552e+00
2.5747000000000000e+15 8.677000000e-02 8.678000000e-02 4.188417980e+33 2.003218141e+45 2.133622423e+00 5.331691655e+00 6.713772403e+00 5.244756389e+00 4.652207844e+00 4.556564759e+00
2.5757000000000000e+15 9.353000000e-02 9.354000000e-02 4.183722459e+33 1.999409119e+45 2.125680851e+00 -2.919022700e+01 6.583987275e+00 5.156649815e+00 4.345450175e+00 3.569050634e-01
2.5767000000000000e+15 9.821000000e-02 9.822000000e-02 4.180332240e+33 1.996354660e+45 2.125674582e+00 -3.923749547e+01 6.634331065e+00 5.193591451e+00 4.299344847e+00 -9.217354940e-01
2.5777000000000000e+15 1.017800000e-01 1.017900000e-01 4.177714841e+33 1.994716124e+45 2.119481044e+00 3.855213136e+00 6.508419054e+00 5.141921472e+00 4.582403985e+00 4.375497984e+00
2.5787000000000000e+15 1.046400000e-01 1.046500000e-01 4.175590983e+33 1.993175085e+45 2.122168433e+00 -5.263494287e+01 6.610146214e+00 5.189193142e+00 4.216408248e+00 -2.519492728e+00
2.5797000000000000e+15 1.070000000e-01 1.070100000e-01 4.173844176e+33 1.991845227e+45 2.119909822e+00 -3.905382148e+01 6.603277066e+00 5.199882086e+00 4.434012198e+00 -6.196003789e-01
2.5807000000000000e+15 1.090000000e-01 1.090100000e-01 4.172368739e+33 1.990615023e+45 2.125083080e+00 -3.698342526e+01 6.739623530e+00 5.287060119e+00 4.393259589e+00 -5.892836797e-01
2.5817000000000000e+15 1.107200000e-01 1.107300000e-01 4.171101843e+33 1.989136606e+45 2.123297749e+00 -2.582325871e+01 6.717239152e+00 5.282248473e+00 4.489770074e+00 7.998855180e-01
2.5827000000000000e+15 1.121900000e-01 1.122000000e-01 4.170056947e+33 1.989364568e+45 2.137111014e+00 -5.255981156e-01 7.186985738e+00 5.574931461e+00 4.914532252e+00 3.891435108e+00
2.5837000000000000e+15 1.134700000e-01 1.134800000e-01 4.169148576e+33 1.988407941e+45 2.208176973e+00 2.977778462e+01 9.138284938e+00 6.926959970e+00 6.165455827e+00 7.106910002e+00
2.5847000000000000e+15 1.145800000e-01 1.145900000e-01 4.168391617e+33 1.988059651e+45 2.312347914e+00 3.048815809e+01 1.219732291e+01 9.265814423e+00 7.842350593e+00 7.311255271e+00
2.5857000000000000e+15 1.155300000e-01 1.155400000e-01 4.167763674e+33 1.988084429e+45 0.000000000e+00 0.000000000e+00 0.000000000e+00 0.000000000e+00 0.000000000e+00 0.000000000e+00
