9.8574786602456475e+14 1.000000000e-03 1.010000000e-03 2.792526647e+33 1.330108434e+45 2.009981924e+00 -2.376593134e+06 2.773511849e+02 2.535729023e+02 3.091435881e+02 1.129035737e+03
9.8588945363617188e+14 1.475000000e-02 0.000000000e+00 2.786296787e+33 1.324967010e+45 2.010682422e+00 2.218359853e+06 2.816710250e+02 3.073063771e+02 1.008770695e+03 1.005186217e+04
9.8603240843527900e+14 2.065000000e-02 0.000000000e+00 2.780286092e+33 1.320007416e+45 2.008770434e+00 -4.958198013e+06 2.779180941e+02 2.317723732e+02 5.687507805e+02 1.069025882e+03
9.8617536323438612e+14 2.502000000e-02 0.000000000e+00 2.774527751e+33 1.315273956e+45 2.009302486e+00 -5.036432919e+06 2.806914375e+02 2.229579690e+02 2.427975675e+02 2.748610143e+02
9.8631831803349338e+14 2.859000000e-02 0.000000000e+00 2.768994384e+33 1.310749648e+45 2.009866587e+00 -5.175598988e+06 2.831539835e+02 2.112840106e+02 2.664645712e+02 1.204766843e+03
9.8646127283260050e+14 3.164000000e-02 0.000000000e+00 2.763684795e+33 1.306393381e+45 2.009355550e+00 1.246054638e+07 2.888184397e+02 4.446561727e+02 4.210883523e+03 5.936394801e+04
9.8660422763170762e+14 3.433000000e-02 0.000000000e+00 2.758543121e+33 1.302196891e+45 2.009508374e+00 1.258693298e+07 2.911404252e+02 4.573725687e+02 4.354702125e+03 5.934735591e+04
9.8674718243081475e+14 3.672000000e-02 0.000000000e+00 2.753619082e+33 1.298186578e+45 2.012537749e+00 -4.968185568e+06 2.914237331e+02 1.805926155e+02 -1.609109742e+03 -2.141208463e+04
9.8689013722992188e+14 3.889000000e-02 0.000000000e+00 2.748853307e+33 1.294310882e+45 2.012202002e+00 -5.998767960e+06 2.920274918e+02 1.670182043e+02 -1.951819280e+03 1.001512743e+02
9.8703309202902900e+14 4.087000000e-02 0.000000000e+00 2.744262953e+33 1.290596914e+45 2.012196087e+00 -6.621260259e+06 2.928744120e+02 1.537340229e+02 3.319045007e+01 -4.092264313e+00
9.8717604682813612e+14 4.269000000e-02 0.000000000e+00 2.739842807e+33 1.287013875e+45 2.007914035e+00 1.776136270e+06 2.905057007e+02 3.198536120e+02 1.465794823e+03 1.090425841e+03
9.8731900162724338e+14 4.438000000e-02 0.000000000e+00 2.735560160e+33 1.283544761e+45 2.008267923e+00 3.014507402e+07 2.984457817e+02 6.093499022e+02 8.965680025e+03 1.443338791e+05
9.8746195642635050e+14 4.596000000e-02 0.000000000e+00 2.731399498e+33 1.280200890e+45 2.011852742e+00 -9.092460388e+06 2.967302432e+02 1.297897413e+02 -2.951139822e+03 -4.057073347e+04
9.8760491122545762e+14 4.743000000e-02 0.000000000e+00 2.727397221e+33 1.276972072e+45 2.012203749e+00 -8.625657105e+06 2.986141562e+02 1.310658103e+02 -2.848338478e+03 -3.788132916e+04
9.8774786602456475e+14 4.881000000e-02 0.000000000e+00 2.723527756e+33 1.273867178e+45 2.007572621e+00 4.935398566e+07 3.032690031e+02 7.715835232e+02 1.373571326e+04 2.400304012e+05
9.8774786602456475e+14 4.882000000e-02 4.883000000e-02 2.723476768e+33 1.273820373e+45 2.010517416e+00 -4.609555241e+06 3.002351508e+02 2.577917589e+02 1.536680072e+03 -2.260594283e+04
9.8974786602456475e+14 6.229000000e-02 6.230000000e-02 2.679845671e+33 1.239156659e+45 2.018386079e+00 1.216827631e+06 3.384500165e+02 3.581005010e+02 8.204476669e+02 4.461347471e+03
9.9174786602456475e+14 7.004000000e-02 7.005000000e-02 2.650344701e+33 1.216148062e+45 0.000000000e+00 0.000000000e+00 0.000000000e+00 0.000000000e+00 0.000000000e+00 0.000000000e+00
9.9374786602456475e+14 7.504000000e-02 7.505000000e-02 2.630205873e+33 1.200673269e+45 0.000000000e+00 0.000000000e+00 0.000000000e+00 0.000000000e+00 0.000000000e+00 0.000000000e+00
9.9574786602456475e+14 7.833000000e-02 7.834000000e-02 2.617202110e+33 1.190803787e+45 0.000000000e+00 0.000000000e+00 0.000000000e+00 0.000000000e+00 0.000000000e+00 0.000000000e+00
