9.0613287090435925e+14 1.440000000e-05 1.450000000e-05 1.252000492e+06 3.687944654e+33 -2.876242957e-01 3.688411791e+33 2.608369886e-03 1.717784416e-03 -7.654726765e-13 6.688920350e+00
8.9613287090435925e+14 5.210000000e-05 5.220000000e-05 1.251112301e+06 3.633373957e+33 -2.817572461e-01 3.637719763e+33 8.640002222e-03 5.006731460e-03 -1.114355015e-12 6.313274402e+00
8.8613287090435925e+14 7.820000000e-05 7.830000000e-05 1.247702306e+06 3.578069888e+33 -2.766207227e-01 3.585486987e+33 1.188203649e-02 6.370444675e-03 -9.368250366e-13 6.029552713e+00
8.7613287090435925e+14 1.032000000e-04 1.033000000e-04 1.246533174e+06 3.521981892e+33 -2.707736540e-01 3.530430399e+33 1.438735401e-02 6.430369281e-03 -1.373091460e-12 5.934906816e+00
8.6613287090435925e+14 1.288000000e-04 1.289000000e-04 1.241936021e+06 3.465174554e+33 -2.658912642e-01 3.474920987e+33 1.645102200e-02 6.742669454e-03 -1.356797993e-12 5.837661823e+00
8.5613287090435925e+14 1.559000000e-04 1.560000000e-04 1.240790421e+06 3.407539955e+33 -2.599728607e-01 3.414957378e+33 1.826955030e-02 5.554214250e-03 -7.081126567e-13 5.836827224e+00
8.4613287090435925e+14 1.848000000e-04 1.849000000e-04 1.237746169e+06 3.349283126e+33 -2.545775617e-01 3.354013828e+33 1.985354562e-02 4.459902896e-03 -4.711993443e-13 6.022165306e+00
8.3613287090435925e+14 2.164000000e-04 2.165000000e-04 1.233517642e+06 3.289599706e+33 -2.493873399e-01 3.290978411e+33 2.129532698e-02 3.286342214e-03 -1.323106063e-12 5.643653651e+00
8.2613287090435925e+14 2.526000000e-04 2.527000000e-04 1.231281826e+06 3.225917038e+33 -2.433013354e-01 3.219669917e+33 2.265890598e-02 7.784163788e-04 -1.025979593e-12 5.923506409e+00
8.1613287090435925e+14 2.920000000e-04 2.921000000e-04 1.226235732e+06 3.161759760e+33 -2.379482040e-01 3.149267341e+33 2.386456352e-02 -1.061381655e-03 -8.706281574e-13 5.638070230e+00
8.0613287090435925e+14 3.351000000e-04 3.352000000e-04 1.222587227e+06 3.096969185e+33 -2.322264696e-01 3.074942241e+33 2.494265739e-02 -3.843188539e-03 -9.687247024e-13 5.635291650e+00
7.9613287090435925e+14 3.821000000e-04 3.822000000e-04 1.221197523e+06 3.031762263e+33 -2.260018559e-01 2.996337523e+33 2.586798336e-02 -7.734526990e-03 -3.350124634e-13 5.540381750e+00
7.8613287090435925e+14 4.333000000e-04 4.334000000e-04 1.218177454e+06 2.966201034e+33 -2.202112393e-01 2.918497094e+33 2.666573087e-02 -1.118329826e-02 -1.465713602e-12 5.444080528e+00
7.7613287090435925e+14 4.890000000e-04 4.891000000e-04 1.212364132e+06 2.900355431e+33 -2.150835959e-01 2.843167589e+33 2.736410651e-02 -1.373925918e-02 -1.695518912e-11 5.345625981e+00
7.6613287090435925e+14 5.493000000e-04 5.494000000e-04 1.209820860e+06 2.834487482e+33 -2.093126073e-01 2.764800923e+33 2.787486287e-02 -1.732385313e-02 -2.952658424e-11 5.343660271e+00
