1.0586732079757834e+15 5.100000000e-05 5.110000000e-05 1.169317502e+06 2.946599771e+33 -2.340876670e-01 2.946642330e+33 7.228019627e-03 9.504914900e-04 -1.023523105e-12 6.347780608e+00
1.0486732079757834e+15 7.480000000e-05 7.490000000e-05 1.167731638e+06 2.912333508e+33 -2.307367267e-01 2.911836307e+33 9.944841438e-03 8.376961514e-04 -1.296619532e-12 6.346565756e+00
1.0386732079757834e+15 9.640000000e-05 9.650000000e-05 1.163429131e+06 2.877817312e+33 -2.280532994e-01 2.876880549e+33 1.202168847e-02 8.618791832e-04 -1.232742743e-12 5.872571848e+00
1.0286732079757834e+15 1.177000000e-04 1.178000000e-04 1.162995971e+06 2.842933643e+33 -2.243801393e-01 2.840083185e+33 1.377068324e-02 2.791510140e-05 -1.209237850e-12 5.966404010e+00
1.0186732079757834e+15 1.392000000e-04 1.393000000e-04 1.160729209e+06 2.807858516e+33 -2.211593166e-01 2.803044992e+33 1.527619381e-02 -6.790418176e-04 -7.208979881e-13 6.058949976e+00
1.0086732079757834e+15 1.617000000e-04 1.618000000e-04 1.160258636e+06 2.772144940e+33 -2.174610678e-01 2.763924047e+33 1.663435784e-02 -1.995095224e-03 -6.432502247e-13 5.870249144e+00
9.9867320797578338e+14 1.856000000e-04 1.857000000e-04 1.161586773e+06 2.735514791e+33 -2.132868831e-01 2.722152652e+33 1.786042254e-02 -3.966144438e-03 -3.951046128e-13 5.777001178e+00
9.8867320797578338e+14 2.107000000e-04 2.108000000e-04 1.157542395e+06 2.698691008e+33 -2.103600548e-01 2.682269016e+33 1.897956882e-02 -4.842687422e-03 -6.687945653e-13 5.868102480e+00
9.7867320797578338e+14 2.374000000e-04 2.375000000e-04 1.154186680e+06 2.661469615e+33 -2.072387440e-01 2.641056573e+33 2.001403818e-02 -6.055672004e-03 -8.060948994e-13 6.430933602e+00
9.6867320797578338e+14 2.656000000e-04 2.657000000e-04 1.156382142e+06 2.624121941e+33 -2.029194818e-01 2.596036542e+33 2.090641019e-02 -8.745322900e-03 -1.246938635e-12 5.678841274e+00
9.5867320797578338e+14 2.956000000e-04 2.957000000e-04 1.153584584e+06 2.586511003e+33 -1.996932432e-01 2.553224844e+33 2.175414296e-02 -1.031391389e-02 -1.746117115e-12 5.770891428e+00
9.4867320797578338e+14 3.275000000e-04 3.276000000e-04 1.154480053e+06 2.548696937e+33 -1.957092492e-01 2.507786643e+33 2.248044439e-02 -1.283242723e-02 -8.081129750e-13 5.960211244e+00
9.3867320797578338e+14 3.614000000e-04 3.615000000e-04 1.151470459e+06 2.510745875e+33 -1.925465406e-01 2.464272003e+33 2.317668413e-02 -1.447804083e-02 -5.604776873e-13 5.486609066e+00
9.2867320797578338e+14 3.975000000e-04 3.976000000e-04 1.151454956e+06 2.472595844e+33 -1.887997324e-01 2.418864271e+33 2.375767466e-02 -1.681825442e-02 -1.515983146e-12 5.486620316e+00
9.1867320797578338e+14 4.359000000e-04 4.360000000e-04 1.149533928e+06 2.434302126e+33 -1.854525868e-01 2.374507488e+33 2.429487836e-02 -1.870186596e-02 -6.390510440e-13 5.390904912e+00
9.0867320797578338e+14 4.767000000e-04 4.768000000e-04 1.147942193e+06 2.395913438e+33 -1.820623433e-01 2.330038524e+33 2.475638418e-02 -2.063882908e-02 -1.219325160e-12 5.483931381e+00
8.9867320797578338e+14 5.209000000e-04 5.210000000e-04 1.147274399e+06 2.356722540e+33 -1.784694605e-01 2.284809715e+33 2.512814863e-02 -2.266404724e-02 -6.384691930e-13 5.860572733e+00
8.8867320797578338e+14 5.681000000e-04 5.682000000e-04 1.142083389e+06 2.317351191e+33 -1.756946191e-01 2.241316410e+33 2.552565602e-02 -2.390682197e-02 -1.882397737e-13 5.290825043e+00
