2.3642000000000000e+15 1.131000000e-02 1.036929255e+06 4.045041668e+33 4.784159600e+33 1.977666463e+45 5.914447346e-01 4.027273447e+00
2.3643408516657100e+15 1.831000000e-02 1.035731852e+06 4.044111018e+33 4.782733920e+33 1.976910678e+45 5.910883271e-01 4.026385314e+00
2.3661140851665710e+15 5.198000000e-02 1.036555830e+06 4.033439628e+33 4.766267223e+33 1.968223797e+45 5.870267530e-01 4.016367217e+00
2.3671140851665710e+15 6.222000000e-02 1.036470430e+06 4.028198061e+33 4.758183768e+33 1.963999798e+45 5.850604282e-01 4.011522972e+00
2.3681140851665710e+15 7.032000000e-02 1.038136823e+06 4.023409546e+33 4.750817126e+33 1.960170217e+45 5.832828623e-01 4.007148416e+00
2.3691140851665710e+15 7.704000000e-02 1.036886423e+06 4.019041226e+33 4.744114064e+33 1.956710264e+45 5.816814407e-01 4.003212850e+00
2.3701140851665710e+15 8.277000000e-02 1.038202557e+06 4.014995437e+33 4.737891587e+33 1.953513139e+45 5.802094924e-01 3.999617786e+00
2.3711140851665710e+15 8.777000000e-02 1.037728103e+06 4.011260897e+33 4.732154654e+33 1.950582088e+45 5.788660566e-01 3.996353068e+00
2.3721140851665710e+15 9.218000000e-02 1.036841411e+06 4.007798747e+33 4.726840400e+33 1.947883597e+45 5.776330009e-01 3.993364882e+00
2.3731140851665710e+15 9.613000000e-02 1.038577616e+06 4.004577495e+33 4.721899817e+33 1.945388926e+45 5.764984718e-01 3.990632349e+00
2.3741140851665710e+15 9.968000000e-02 1.038227403e+06 4.001596409e+33 4.717333919e+33 1.943095615e+45 5.754615541e-01 3.988156023e+00
2.3751140851665710e+15 1.029000000e-01 1.038996367e+06 3.998810225e+33 4.713068211e+33 1.940963612e+45 5.745025253e-01 3.985882999e+00
2.3761140851665710e+15 1.058500000e-01 1.039665879e+06 3.996205477e+33 4.709083293e+33 1.938981934e+45 5.736169219e-01 3.983806077e+00
2.3771140851665710e+15 1.085400000e-01 1.039004007e+06 3.993779473e+33 4.705368049e+33 1.937147313e+45 5.728021007e-01 3.981914689e+00
2.3781140851665710e+15 1.110300000e-01 1.039623833e+06 3.991503535e+33 4.701893879e+33 1.935434887e+45 5.720479163e-01 3.980190335e+00
2.3791140851665710e+15 1.133200000e-01 1.039085848e+06 3.989381119e+33 4.698645489e+33 1.933849046e+45 5.713541043e-01 3.978622907e+00
2.3801140851665710e+15 1.154400000e-01 1.039831511e+06 3.987403130e+33 4.695631548e+33 1.932384735e+45 5.707186769e-01 3.977209653e+00
2.3811140851665710e+15 1.174200000e-01 1.038720942e+06 3.985528039e+33 4.692768141e+33 1.930996606e+45 5.701225453e-01 3.975911444e+00
2.3821140851665710e+15 1.192600000e-01 1.038296817e+06 3.983785036e+33 4.690115572e+33 1.929716926e+45 5.695795574e-01 3.974758853e+00
2.3831140851665710e+15 1.209700000e-01 1.039254227e+06 3.982156182e+33 4.687623737e+33 1.928526243e+45 5.690804673e-01 3.973727888e+00
2.3841140851665710e+15 1.225700000e-01 1.040193801e+06 3.980614637e+33 4.685261731e+33 1.927401703e+45 5.686144784e-01 3.972790587e+00
2.3851140851665710e+15 1.240600000e-01 1.039701413e+06 3.979184964e+33 4.683078440e+33 1.926368386e+45 5.681930553e-01 3.971975644e+00
2.3861140851665710e+15 1.254600000e-01 1.039770605e+06 3.977843352e+33 4.681031007e+33 1.925402468e+45 5.678058757e-01 3.971260316e+00
2.3871140851665710e+15 1.267700000e-01 1.040713129e+06 3.976610798e+33 4.679169549e+33 1.924532366e+45 5.674635874e-01 3.970660704e+00
2.3881140851665710e+15 1.280000000e-01 1.040709253e+06 3.975439213e+33 4.677382701e+33 1.923695568e+45 5.671423475e-01 3.970139160e+00
2.3891140851665710e+15 1.291400000e-01 1.040812563e+06 3.974355690e+33 4.675725098e+33 1.922929551e+45 5.668545182e-01 3.969705023e+00
2.3901140851665710e+15 1.302200000e-01 1.040023263e+06 3.973340881e+33 4.674177665e+33 1.922214934e+45 5.665937482e-01 3.969353968e+00
2.3911140851665710e+15 1.312200000e-01 1.041184207e+06 3.972407335e+33 4.672748030e+33 1.921558783e+45 5.663635576e-01 3.969096191e+00
2.3921140851665710e+15 1.321600000e-01 1.039120873e+06 3.971573333e+33 4.671497812e+33 1.920993738e+45 5.661756064e-01 3.968946113e+00
2.3931140851665710e+15 1.330300000e-01 1.039502647e+06 3.970770292e+33 4.670263567e+33 1.920430918e+45 5.659940877e-01 3.968836454e+00
2.3941140851665710e+15 1.338400000e-01 1.040191907e+06 3.970054712e+33 4.669180222e+33 1.919942300e+45 5.658483918e-01 3.968824607e+00
2.3951140851665710e+15 1.345800000e-01 1.040406260e+06 3.969416041e+33 4.668200625e+33 1.919504513e+45 5.657310375e-01 3.968906485e+00
