1.0336000000000000e+15 7.093000000e-02 1.241005792e+06 3.963326564e+33 4.605796460e+33 2.578241375e+45 4.705729970e-01 2.457838974e+00
1.0318500000000000e+15 4.140000000e-03 1.245428493e+06 4.102509421e+33 4.800165286e+33 2.733892050e+45 5.092549859e-01 2.508441200e+00
1.0318500000000000e+15 6.439000000e-02 1.241413654e+06 3.985587709e+33 4.636683450e+33 2.602427224e+45 4.762155083e-01 2.464194244e+00
1.0316000000000000e+15 2.192000000e-02 1.242680025e+06 4.089173303e+33 4.781406137e+33 2.716888338e+45 5.053199808e-01 2.504636349e+00
1.0316000000000000e+15 6.245000000e-02 1.240036060e+06 3.992230362e+33 4.645920341e+33 2.608934243e+45 4.779786530e-01 2.467148925e+00
1.0313000000000000e+15 3.413000000e-02 1.242297470e+06 4.069492722e+33 4.753784564e+33 2.695499171e+45 4.995806261e-01 2.495837944e+00
1.0313000000000000e+15 5.896000000e-02 1.242599031e+06 4.003849507e+33 4.662076041e+33 2.620116009e+45 4.811077585e-01 2.472702327e+00
1.0316500000000000e+15 1.955000000e-02 1.244702327e+06 4.091999551e+33 4.785377228e+33 2.719661803e+45 5.061507335e-01 2.506195620e+00
1.0314500000000000e+15 2.823000000e-02 1.244645915e+06 4.080072951e+33 4.768648812e+33 2.707037557e+45 5.026562199e-01 2.500499532e+00
1.0312500000000000e+15 3.616000000e-02 1.243621835e+06 4.065390219e+33 4.748033326e+33 2.690487648e+45 4.983946471e-01 2.494550869e+00
1.0310500000000000e+15 4.778000000e-02 1.242320315e+06 4.037466037e+33 4.708983544e+33 2.658944222e+45 4.904254705e-01 2.483783788e+00
1.0320500000000000e+15 6.561000000e-02 1.242091182e+06 3.981389080e+33 4.630859388e+33 2.597711982e+45 4.751155704e-01 2.462965132e+00
1.0322500000000000e+15 6.664000000e-02 1.241922077e+06 3.977836188e+33 4.625916087e+33 2.592698325e+45 4.741944216e-01 2.462943512e+00
1.0324500000000000e+15 6.752000000e-02 1.239731401e+06 3.974797926e+33 4.621708198e+33 2.591244557e+45 4.734142749e-01 2.460270981e+00
1.0326500000000000e+15 6.829000000e-02 1.240597054e+06 3.972143774e+33 4.618028768e+33 2.589198713e+45 4.727390883e-01 2.458703325e+00
2.2716454501169360e+15 6.960000000e-03 1.122636309e+06 4.890722793e+33 5.983016049e+33 3.140033070e+45 1.327991365e+00 5.695226844e+00
2.2696454501169360e+15 9.000000000e-03 1.122056072e+06 4.890776459e+33 5.983102100e+33 3.138868944e+45 1.327156595e+00 5.693757733e+00
2.2676454501169360e+15 1.066000000e-02 1.123306037e+06 4.890819227e+33 5.983176072e+33 3.139177126e+45 1.326309768e+00 5.689566065e+00
2.2656454501169360e+15 1.209000000e-02 1.123576109e+06 4.890868907e+33 5.983269456e+33 3.146243867e+45 1.325469684e+00 5.673191126e+00
2.2636454501169360e+15 1.339000000e-02 1.123384980e+06 4.890912494e+33 5.983328071e+33 3.139333161e+45 1.324621188e+00 5.682040013e+00
2.2616454501169360e+15 1.457000000e-02 1.123742793e+06 4.890946671e+33 5.983381747e+33 3.141189425e+45 1.323762048e+00 5.674999098e+00
2.2596454501169360e+15 1.567000000e-02 1.123997230e+06 4.890996187e+33 5.983469865e+33 3.141106602e+45 1.322917542e+00 5.671528223e+00
2.2576454501169360e+15 1.670000000e-02 1.124474675e+06 4.891034109e+33 5.983539281e+33 3.148816794e+45 1.322060073e+00 5.653973834e+00
2.2556454501169360e+15 1.768000000e-02 1.124268592e+06 4.891085064e+33 5.983631805e+33 3.151726093e+45 1.321213880e+00 5.645139235e+00
2.2536454501169360e+15 1.862000000e-02 1.123825921e+06 4.891115805e+33 5.983672191e+33 3.151717202e+45 1.320343827e+00 5.641437681e+00
2.2516454501169360e+15 1.953000000e-02 1.125199066e+06 4.891153520e+33 5.983742539e+33 3.146871657e+45 1.319478102e+00 5.646419672e+00
2.2496454501169360e+15 2.040000000e-02 1.125173597e+06 4.891186080e+33 5.983805639e+33 3.153715299e+45 1.318604998e+00 5.630438646e+00
2.2476454501169360e+15 2.126000000e-02 1.125447279e+06 4.891223985e+33 5.983849851e+33 3.149748114e+45 1.317732169e+00 5.633798651e+00
2.2456454501169360e+15 2.210000000e-02 1.125913844e+06 4.891261378e+33 5.983917835e+33 3.147029836e+45 1.316854523e+00 5.634909394e+00
2.2436454501169360e+15 2.293000000e-02 1.124861312e+06 4.891294205e+33 5.983986447e+33 3.151969981e+45 1.315965886e+00 5.622281111e+00
2.2416454501169360e+15 2.376000000e-02 1.125943333e+06 4.891341478e+33 5.984065188e+33 3.155435259e+45 1.315083340e+00 5.612340342e+00
2.2396454501169360e+15 2.461000000e-02 1.126525966e+06 4.891376571e+33 5.984138491e+33 3.157192864e+45 1.314174847e+00 5.605340975e+00
2.2376454501169360e+15 2.551000000e-02 1.127058507e+06 4.891413071e+33 5.984188666e+33 3.157492541e+45 1.313243487e+00 5.600836822e+00
