1.0565006982193060e+15 2.970000000e-05 2.980000000e-05 2.278041291e+33 8.612785514e+44 2.060220482e+00 6.830025362e+03 7.238042827e+02 6.517749398e+02 6.235637602e+02 8.412382913e+02
1.0465006982193060e+15 1.056000000e-04 1.057000000e-04 2.229718894e+33 8.320461844e+44 2.056360316e+00 1.888909450e+04 8.268195511e+02 7.683111041e+02 7.460176216e+02 1.317439981e+03
1.0365006982193060e+15 1.562000000e-04 1.563000000e-04 2.181421178e+33 8.032042882e+44 2.045819609e+00 4.988864038e+04 9.277022945e+02 8.812808021e+02 9.143246636e+02 2.835939643e+03
1.0265006982193060e+15 2.030000000e-04 2.031000000e-04 2.133195704e+33 7.747424341e+44 2.075628117e+00 -6.747586111e+04 1.058323779e+03 1.035254589e+03 9.115787852e+02 -1.692728899e+03
1.0165006982193060e+15 2.481000000e-04 2.482000000e-04 2.086639137e+33 7.477997407e+44 2.052128446e+00 1.341440432e+04 1.200417810e+03 1.183759047e+03 1.159187785e+03 1.565956179e+03
1.0065006982193060e+15 2.941000000e-04 2.942000000e-04 2.040384547e+33 7.213372273e+44 2.051135609e+00 1.966648369e+04 1.362334054e+03 1.361247974e+03 1.343859716e+03 2.021012982e+03
9.9650069821930600e+14 3.419000000e-04 3.420000000e-04 1.994228591e+33 6.953362591e+44 2.060366603e+00 -4.771918929e+04 1.546170611e+03 1.570937718e+03 1.454163339e+03 -4.736877705e+02
9.8650069821930600e+14 3.922000000e-04 3.923000000e-04 1.948107354e+33 6.697600614e+44 2.044536355e+00 4.827322117e+04 1.746408949e+03 1.810102857e+03 1.826867214e+03 3.282510466e+03
9.7650069821930600e+14 4.453000000e-04 4.454000000e-04 1.902089240e+33 6.446159980e+44 2.063462304e+00 -5.998557713e+04 2.018077324e+03 2.103041838e+03 1.976861914e+03 -7.778801520e+01
9.6650069821930600e+14 5.014000000e-04 5.015000000e-04 1.856266658e+33 6.199269730e+44 2.049191648e+00 3.816334321e+04 2.344781716e+03 2.450363083e+03 2.453517653e+03 3.733764854e+03
9.5650069821930600e+14 5.610000000e-04 5.611000000e-04 1.810547798e+33 5.957567221e+44 2.072004612e+00 -1.286667043e+05 2.764278286e+03 2.934776386e+03 2.717560464e+03 -1.298568307e+03
9.4650069821930600e+14 6.240000000e-04 0.000000000e+00 1.765186398e+33 5.721891022e+44 2.049165540e+00 1.042004180e+04 3.481843250e+03 3.680073645e+03 3.624854700e+03 3.756140934e+03
9.4650069821930600e+14 6.240000000e-04 6.241000000e-04 1.765154874e+33 5.721507573e+44 2.039112213e+00 7.780887623e+04 3.497056690e+03 3.676219478e+03 3.703507856e+03 5.770075271e+03
9.4435784107644888e+14 6.380000000e-04 0.000000000e+00 1.755483809e+33 5.671780355e+44 2.049935999e+00 1.759898515e+03 3.745718829e+03 3.938510428e+03 3.864268017e+03 3.736982637e+03
9.4221498393359175e+14 6.522000000e-04 0.000000000e+00 1.745779236e+33 5.621446466e+44 2.050962800e+00 -6.064827679e+03 4.051047158e+03 4.278146049e+03 4.186333517e+03 3.826308135e+03
9.4007212679073462e+14 6.665000000e-04 0.000000000e+00 1.736133072e+33 5.572601792e+44 2.050299247e+00 6.035234028e+02 4.473660999e+03 4.736747137e+03 4.642898899e+03 4.450425048e+03
9.3792926964787738e+14 6.810000000e-04 0.000000000e+00 1.726487355e+33 5.523558232e+44 2.051787917e+00 8.020203176e+02 5.106565810e+03 5.457020721e+03 5.353495884e+03 5.144146662e+03
9.3650069821930600e+14 6.908000000e-04 6.909000000e-04 1.720009347e+33 5.490580869e+44 2.053678924e+00 -3.974989031e+04 5.930590497e+03 6.279650971e+03 6.086545578e+03 4.503260994e+03
9.3578641250502025e+14 6.957000000e-04 0.000000000e+00 1.716843993e+33 5.474287002e+44 2.046765133e+00 5.340473523e+03 6.582493557e+03 6.786740897e+03 6.612466371e+03 6.449906193e+03
9.3364355536216312e+14 7.105000000e-04 0.000000000e+00 1.707264225e+33 5.426504218e+44 2.050193189e+00 2.109605483e+03 9.993393769e+03 1.038111845e+04 1.010188910e+04 9.704935602e+03
9.3150069821930600e+14 7.256000000e-04 0.000000000e+00 1.697624747e+33 5.376650759e+44 1.984940835e+00 6.682854431e+05 1.927948194e+05 1.909822122e+05 1.853415434e+05 1.940748897e+05
9.2935784107644888e+14 7.407000000e-04 0.000000000e+00 1.688116913e+33 5.330428061e+44 2.050434868e+00 3.807981174e+03 -5.607983543e+03 -5.609315647e+03 -5.297254322e+03 -4.965175521e+03
9.2721498393359175e+14 7.561000000e-04 0.000000000e+00 1.678548496e+33 5.282228530e+44 2.050202343e+00 -3.973837058e+03 -1.033604430e+03 -8.448557574e+02 -7.121349026e+02 -7.171855572e+02
9.2650069821930600e+14 7.613000000e-04 7.614000000e-04 1.675315328e+33 5.265960413e+44 2.048000782e+00 2.264216947e+02 -3.160326974e+02 -1.093961140e+02 -8.469775055e+00 2.405194745e+01
9.2507212679073462e+14 7.716000000e-04 0.000000000e+00 1.669051450e+33 5.235250266e+44 2.051692333e+00 -1.102710943e+03 4.015726254e+02 6.202205052e+02 7.219116862e+02 7.395629051e+02
9.2292926964787738e+14 7.876000000e-04 0.000000000e+00 1.659378645e+33 5.186999328e+44 2.049243715e+00 1.668291183e+03 1.202334193e+03 1.457322073e+03 1.522732721e+03 1.565718889e+03
9.2078641250502025e+14 8.038000000e-04 0.000000000e+00 1.649721174e+33 5.139257327e+44 2.048095507e+00 2.409967990e+03 1.707485243e+03 1.978973696e+03 2.024493683e+03 2.034104227e+03
9.1864355536216312e+14 8.202000000e-04 0.000000000e+00 1.640078015e+33 5.091226064e+44 2.044204449e+00 -1.608955795e+04 2.157355000e+03 2.388123058e+03 2.361323460e+03 1.715235260e+03
9.1650069821930600e+14 8.367000000e-04 8.368000000e-04 1.630480452e+33 5.044972421e+44 2.057988398e+00 -9.487124338e+04 2.324224272e+03 2.649353001e+03 2.540434456e+03 -7.107674553e+02
9.1650069821930600e+14 8.367000000e-04 0.000000000e+00 1.630515434e+33 5.044745684e+44 2.048246718e+00 -3.375649287e+04 2.404615236e+03 2.676480014e+03 2.631041417e+03 1.415057011e+03
