8.1920000000000000e+14 7.860000000e-05 7.870000000e-05 1.418801598e+33 4.281591703e+44 2.004224371e+00 -5.281704518e+08 6.323742852e+03 7.001792890e+03 4.654332347e+04 7.246195718e+05
8.1420000000000000e+14 7.278000000e-04 7.279000000e-04 1.383563070e+33 4.108325948e+44 2.008449888e+00 4.389581293e+09 9.250463153e+03 2.388407693e+03 2.049334573e+05 -1.204076406e+07
8.0920000000000000e+14 1.045400000e-03 1.045500000e-03 1.348852142e+33 3.940659150e+44 2.029067151e+00 -1.546966984e+10 1.059410446e+04 -1.074386895e+05 -2.625349742e+06 -3.634453902e+07
8.0420000000000000e+14 1.302700000e-03 1.302800000e-03 1.314683265e+33 3.778464564e+44 2.014988659e+00 -3.009205221e+10 1.683245324e+04 -8.357740480e+04 -3.391994611e+06 -7.203286842e+07
7.9920000000000000e+14 1.530700000e-03 1.530800000e-03 1.281072392e+33 3.621753783e+44 2.012753511e+00 3.561814393e+10 2.086218006e+04 5.879694532e+04 2.887034641e+06 8.304641138e+07
7.9420000000000000e+14 1.741300000e-03 1.741400000e-03 1.248029589e+33 3.470385800e+44 1.982176165e+00 3.040090047e+10 2.930689984e+04 2.073107835e+05 4.304289938e+06 6.594049407e+07
7.8920000000000000e+14 1.940300000e-03 1.940400000e-03 1.215572883e+33 3.324386495e+44 2.043368104e+00 -5.974173160e+10 2.768587252e+04 -2.862898444e+05 -8.068849385e+06 -1.266316248e+08
7.8420000000000000e+14 2.131300000e-03 2.131400000e-03 1.183709117e+33 3.183634039e+44 2.055990416e+00 -1.122785394e+11 3.248526121e+04 -4.883859289e+05 -1.409505514e+07 -2.349872030e+08
7.7920000000000000e+14 2.316200000e-03 2.316300000e-03 1.152469963e+33 3.048171695e+44 2.071150080e+00 -1.108768653e+11 3.609950388e+04 -5.737207707e+05 -1.486889632e+07 -2.216956597e+08
7.7420000000000000e+14 2.496500000e-03 2.496600000e-03 1.121870824e+33 2.917920938e+44 2.019137667e+00 -5.135455173e+10 5.225638094e+04 -1.625305896e+05 -6.089324753e+06 -1.040097668e+08
7.6920000000000000e+14 2.673000000e-03 2.673100000e-03 1.091950897e+33 2.792925351e+44 1.964957436e+00 1.238151300e+11 7.282768141e+04 6.136591337e+05 1.405086768e+07 2.345352947e+08
7.6420000000000000e+14 2.846400000e-03 2.846500000e-03 1.062723915e+33 2.673157366e+44 1.973208242e+00 7.134154611e+10 8.134708439e+04 4.765105673e+05 8.875336784e+06 1.278851353e+08
7.5920000000000000e+14 3.017000000e-03 3.017100000e-03 1.034240657e+33 2.558642533e+44 1.916688938e+00 3.154831296e+11 1.066899704e+05 1.497487171e+06 3.462764165e+07 5.527150854e+08
7.5420000000000000e+14 3.186700000e-03 3.186800000e-03 1.006256241e+33 2.448380796e+44 1.999828081e+00 -2.200080719e+10 1.016908441e+05 1.066318027e+05 -1.504157224e+06 -4.364796579e+07
7.4920000000000000e+14 3.354100000e-03 3.354200000e-03 9.790782302e+32 2.343470770e+44 1.955211843e+00 1.646414524e+11 1.309328662e+05 1.029607286e+06 1.931067855e+07 2.646080659e+08
7.4920000000000000e+14 3.354100000e-03 0.000000000e+00 9.790873479e+32 2.343515848e+44 1.968879280e+00 1.163968045e+11 1.241858629e+05 7.640471185e+05 1.372100542e+07 1.888812920e+08
7.4877142857142862e+14 3.368300000e-03 0.000000000e+00 9.768036427e+32 2.334794071e+44 2.009359274e+00 -4.959808115e+10 1.239601050e+05 6.482345316e+03 -6.214179708e+03 -8.543197443e+07
7.4834285714285712e+14 3.382400000e-03 0.000000000e+00 9.745405403e+32 2.326209885e+44 1.994285130e+00 4.681008401e+10 1.250241698e+05 3.549312699e+05 5.123853544e+06 7.835534321e+07
7.4791428571428575e+14 3.396500000e-03 0.000000000e+00 9.722812466e+32 2.317610812e+44 1.982090983e+00 9.735246035e+10 1.271176496e+05 5.818086663e+05 1.055493739e+07 1.594204428e+08
7.4748571428571425e+14 3.410600000e-03 0.000000000e+00 9.700239081e+32 2.309039573e+44 2.027759327e+00 -7.353793223e+10 1.110449543e+05 -2.590687080e+05 -8.581635134e+06 -1.173650919e+08
7.4705714285714288e+14 3.424700000e-03 0.000000000e+00 9.677684122e+32 2.300494148e+44 1.975760493e+00 2.024476371e+11 1.395222063e+05 8.591877923e+05 1.949372616e+07 3.398975807e+08
7.4662857142857138e+14 3.438700000e-03 0.000000000e+00 9.655351787e+32 2.292069637e+44 1.966556289e+00 2.187315865e+11 1.399949566e+05 9.996758527e+05 2.200609920e+07 3.590051736e+08
7.4620000000000000e+14 3.452700000e-03 0.000000000e+00 9.633046840e+32 2.283661566e+44 2.029961916e+00 -1.046588716e+11 1.170098065e+05 -3.384651953e+05 -1.136248147e+07 -1.675440187e+08
7.4577142857142862e+14 3.466600000e-03 0.000000000e+00 9.610964069e+32 2.275347165e+44 1.998959049e+00 2.071168433e+10 1.307265255e+05 2.601676637e+05 2.426492294e+06 3.374971567e+07
7.4534285714285712e+14 3.480600000e-03 0.000000000e+00 9.588686974e+32 2.266975648e+44 2.004840269e+00 -3.045409840e+10 1.457869407e+05 1.054181425e+05 -2.283865938e+06 -1.547543695e+05
7.4491428571428575e+14 3.494400000e-03 0.000000000e+00 9.566840841e+32 2.258807731e+44 2.027885600e+00 -9.387548854e+10 1.217562059e+05 -2.871997597e+05 -1.014158973e+07 -1.472780288e+08
7.4448571428571425e+14 3.508200000e-03 0.000000000e+00 9.545012793e+32 2.250634955e+44 1.954905667e+00 2.553500122e+11 1.486696896e+05 1.204545939e+06 2.592314780e+07 4.031427876e+08
7.4420000000000000e+14 3.517400000e-03 3.517500000e-03 9.530355830e+32 2.245156148e+44 2.059945822e+00 -1.956917938e+11 1.151542999e+05 -8.935259401e+05 -2.249220178e+07 -3.079550738e+08
7.4405714285714288e+14 3.522000000e-03 0.000000000e+00 9.523195849e+32 2.242509380e+44 2.024267935e+00 -1.012209533e+11 1.294626044e+05 -2.868958483e+05 -1.064483091e+07 -1.615372155e+08
7.4362857142857138e+14 3.535700000e-03 0.000000000e+00 9.501604141e+32 2.234454363e+44 1.950488664e+00 3.231248504e+11 1.577753312e+05 1.417735867e+06 3.194822199e+07 5.130253625e+08
7.4320000000000000e+14 3.549300000e-03 0.000000000e+00 9.480224242e+32 2.226519478e+44 1.995049165e+00 3.396556944e+10 1.385538087e+05 3.329173094e+05 3.786520172e+06 5.175646538e+07
