2.2930977998254900e+15 1.110000000e-05 1.120000000e-05 4.696054820e+33 2.878410182e+45 2.154445937e+00 1.751391915e+02 1.052418623e+01 9.156925780e+00 9.209222193e+00 2.642250209e+01
2.2530977998254900e+15 1.680000000e-05 1.690000000e-05 4.683883113e+33 2.872535906e+45 2.166743520e+00 -5.499614150e+01 1.225871462e+01 1.145270413e+01 1.005300366e+01 3.276540412e+00
2.2130977998254900e+15 2.290000000e-05 2.300000000e-05 4.670581869e+33 2.865142949e+45 2.164812910e+00 -1.561010755e+02 1.403100964e+01 1.366417435e+01 1.157468624e+01 -7.520523500e+00
2.1730977998254900e+15 2.960000000e-05 2.970000000e-05 4.656750021e+33 2.858076395e+45 2.191655191e+00 -5.796439908e+02 1.608384032e+01 1.652015266e+01 1.194471511e+01 -4.792170433e+01
2.1330977998254900e+15 3.740000000e-05 3.750000000e-05 4.641498868e+33 2.849397670e+45 2.166615078e+00 -4.641091538e+01 1.797674852e+01 1.904399871e+01 1.733748204e+01 9.721250693e+00
2.0930977998254900e+15 4.630000000e-05 4.640000000e-05 4.625668289e+33 2.838858517e+45 2.157995576e+00 -2.815389363e+02 2.101076238e+01 2.159865341e+01 1.837989391e+01 -1.601537828e+01
2.0530977998254900e+15 5.680000000e-05 5.690000000e-05 4.608169601e+33 2.829747656e+45 2.157534713e+00 3.255646419e+02 2.324068632e+01 2.548594644e+01 2.574166619e+01 5.665771901e+01
2.0130977998254900e+15 6.890000000e-05 6.900000000e-05 4.590142291e+33 2.817522969e+45 2.125813258e+00 1.723957168e+03 2.708840797e+01 2.911676679e+01 3.718997175e+01 2.174993376e+02
1.9730977998254900e+15 8.310000000e-05 8.320000000e-05 4.570601790e+33 2.806557945e+45 2.195643704e+00 -8.552507063e+02 3.109046017e+01 3.411147560e+01 2.675998120e+01 -6.311330974e+01
1.9330977998254900e+15 9.970000000e-05 9.980000000e-05 4.550003463e+33 2.792944794e+45 2.108744155e+00 1.479203239e+03 3.630680920e+01 3.892369522e+01 4.444113172e+01 1.832035511e+02
1.8930977998254900e+15 1.191000000e-04 1.192000000e-04 4.528118611e+33 2.779099770e+45 2.189103934e+00 -1.304216631e+03 4.439674762e+01 4.691278227e+01 3.567304285e+01 -1.072694297e+02
1.8530977998254900e+15 1.419000000e-04 1.420000000e-04 4.504769812e+33 2.764782577e+45 2.183245595e+00 -4.925535568e+02 5.578675446e+01 5.980264472e+01 5.277908300e+01 6.275026029e-01
1.8130977998254900e+15 1.686000000e-04 1.687000000e-04 4.480171288e+33 2.748265895e+45 2.086295445e+00 4.487995783e+03 8.436772758e+01 8.613439783e+01 1.037925086e+02 5.448014438e+02
1.7730977998254900e+15 1.997000000e-04 1.998000000e-04 4.454887047e+33 2.732262137e+45 2.200271588e+00 -2.359626196e+03 2.908212990e+02 2.756229471e+02 2.335177285e+02 -5.402724599e+01
1.7730977998254900e+15 1.997000000e-04 0.000000000e+00 4.455063683e+33 2.734210448e+45 2.160496451e+00 1.539934838e+02 2.726957602e+02 2.654694432e+02 2.409359459e+02 2.234713042e+02
1.7652406569683472e+15 2.065000000e-04 0.000000000e+00 4.449752122e+33 2.728677741e+45 2.144005275e+00 3.384280770e+02 9.013298935e+02 8.447840548e+02 7.616019177e+02 6.921657439e+02
1.7573835141112042e+15 2.134000000e-04 0.000000000e+00 4.444772910e+33 2.728482690e+45 2.185257890e+00 -3.013205182e+02 -7.206418902e+02 -6.730908023e+02 -5.894940099e+02 -5.349416317e+02
1.7495263712540615e+15 2.206000000e-04 0.000000000e+00 4.439462548e+33 2.723697886e+45 2.169168770e+00 -1.314058319e+02 -2.037419457e+02 -1.777722150e+02 -1.551088310e+02 -1.448196848e+02
1.7416692283969185e+15 2.280000000e-04 0.000000000e+00 4.434192919e+33 2.719449353e+45 2.158091426e+00 -5.291502982e+01 -1.063597473e+02 -8.636365558e+01 -7.418416778e+01 -6.825898274e+01
1.7338120855397758e+15 2.356000000e-04 0.000000000e+00 4.428981287e+33 2.715954391e+45 2.156342088e+00 -3.760344060e+01 -6.524403720e+01 -4.904282987e+01 -4.092917660e+01 -3.803828542e+01
1.7330977998254900e+15 2.363000000e-04 2.364000000e-04 4.428360048e+33 2.716746902e+45 2.163359984e+00 8.417907228e+00 -6.100799684e+01 -4.581925895e+01 -3.747764686e+01 -3.035468620e+01
1.7259549426826328e+15 2.434000000e-04 0.000000000e+00 4.423852148e+33 2.713958459e+45 2.161744191e+00 -2.083718240e+01 -4.291858796e+01 -2.900900629e+01 -2.280389775e+01 -2.064893587e+01
1.7180977998254900e+15 2.514000000e-04 0.000000000e+00 4.418820700e+33 2.712874920e+45 2.171034179e+00 -6.896446874e+00 -2.980992427e+01 -1.673203843e+01 -1.119318781e+01 -9.134951774e+00
1.7102406569683472e+15 2.598000000e-04 0.000000000e+00 4.413541080e+33 2.707237344e+45 2.156138933e+00 -1.147080120e+00 -1.430540137e+01 -2.587601466e+00 6.671105322e-01 1.404063373e+00
1.7023835141112042e+15 2.684000000e-04 0.000000000e+00 4.408476361e+33 2.701556859e+45 2.136391187e+00 2.879794234e+01 -1.070981874e-01 8.318226285e+00 9.569970905e+00 1.207545977e+01
1.6945263712540615e+15 2.771000000e-04 0.000000000e+00 4.403900486e+33 2.705655856e+45 2.172502962e+00 1.161242277e+01 1.734718751e+00 1.361864562e+01 1.615050944e+01 1.627275595e+01
1.6866692283969185e+15 2.857000000e-04 0.000000000e+00 4.400036415e+33 2.714705626e+45 2.215851774e+00 1.152357010e+01 -6.695403940e+00 8.649228364e+00 1.470918508e+01 1.647181878e+01
1.6788120855397758e+15 2.946000000e-04 0.000000000e+00 4.396037492e+33 2.718376476e+45 2.234092015e+00 1.196259453e+01 -7.981022809e+00 7.553727860e+00 1.483837913e+01 1.742112481e+01
1.6709549426826328e+15 3.037000000e-04 0.000000000e+00 4.392086072e+33 2.722414879e+45 2.249098368e+00 1.162597239e+01 -1.101827757e+01 3.507190580e+00 1.199381773e+01 1.553912071e+01
1.6630977998254900e+15 3.132000000e-04 0.000000000e+00 4.387904276e+33 2.724093331e+45 2.256435916e+00 1.338453495e+01 -9.809405160e+00 5.932794163e+00 1.496544730e+01 1.876947120e+01
