2.0292688947641300e+15 2.700000000e-05 1.132665654e+06 4.850410157e+33 5.915733304e+33 3.145271387e+45 1.196927494e+00 5.124596983e+00
2.0092688947641300e+15 3.060000000e-05 1.134417502e+06 4.843453280e+33 5.904193238e+33 3.140260044e+45 1.183549412e+00 5.075405879e+00
1.9892688947641300e+15 3.440000000e-05 1.134637211e+06 4.836337411e+33 5.892427667e+33 3.136247464e+45 1.170184615e+00 5.024513975e+00
1.9692688947641300e+15 3.860000000e-05 1.135528696e+06 4.828600984e+33 5.879657046e+33 3.129029200e+45 1.156309586e+00 4.976391137e+00
1.9492688947641300e+15 4.320000000e-05 1.135175723e+06 4.820541143e+33 5.866394386e+33 3.125531718e+45 1.142032696e+00 4.920447755e+00
1.9292688947641300e+15 4.820000000e-05 1.136980082e+06 4.811996904e+33 5.852346631e+33 3.118755983e+45 1.127569991e+00 4.868689860e+00
1.9092688947641300e+15 5.360000000e-05 1.137656671e+06 4.803072224e+33 5.837717843e+33 3.110132965e+45 1.113008944e+00 4.819141690e+00
1.8892688947641300e+15 5.940000000e-05 1.137942632e+06 4.793893730e+33 5.822732186e+33 3.101204137e+45 1.098451573e+00 4.769804271e+00
1.8692688947641300e+15 6.560000000e-05 1.138606867e+06 4.784549662e+33 5.807494511e+33 3.097245747e+45 1.083962620e+00 4.712904489e+00
1.8492688947641300e+15 7.230000000e-05 1.139270269e+06 4.774815150e+33 5.791661413e+33 3.091111311e+45 1.069391417e+00 4.658778338e+00
1.8292688947641300e+15 7.970000000e-05 1.139838371e+06 4.764352115e+33 5.774690151e+33 3.076048449e+45 1.054403740e+00 4.615978360e+00
1.8092688947641300e+15 8.790000000e-05 1.140694604e+06 4.753444421e+33 5.757061114e+33 3.074750028e+45 1.039033983e+00 4.550613342e+00
1.7892688947641300e+15 9.680000000e-05 1.141354876e+06 4.742090150e+33 5.738755052e+33 3.067821678e+45 1.023599295e+00 4.493139102e+00
1.7692688947641300e+15 1.065000000e-04 1.141929359e+06 4.730116314e+33 5.719492791e+33 3.057448821e+45 1.007994315e+00 4.439651539e+00
1.7492688947641300e+15 1.170000000e-04 1.142113810e+06 4.717721143e+33 5.699609035e+33 3.046297569e+45 9.923645990e-01 4.386811134e+00
1.7292688947641300e+15 1.283000000e-04 1.143602583e+06 4.705107916e+33 5.679462075e+33 3.038944880e+45 9.768541585e-01 4.328694182e+00
1.7092688947641300e+15 1.406000000e-04 1.144161853e+06 4.691795350e+33 5.658238343e+33 3.027085928e+45 9.611566393e-01 4.275820044e+00
1.6892688947641300e+15 1.542000000e-04 1.144544372e+06 4.677818296e+33 5.636032726e+33 3.017001070e+45 9.451377510e-01 4.218612584e+00
1.6692688947641300e+15 1.694000000e-04 1.144160084e+06 4.662684703e+33 5.612061212e+33 2.999418017e+45 9.285403314e-01 4.168826052e+00
1.6492688947641300e+15 1.858000000e-04 1.143509073e+06 4.647317176e+33 5.587822586e+33 2.989096614e+45 9.121223265e-01 4.109255370e+00
1.6292688947641300e+15 2.036000000e-04 1.146555033e+06 4.631395587e+33 5.562789395e+33 2.977348982e+45 8.956957056e-01 4.051172607e+00
1.6092688947641300e+15 2.229000000e-04 1.147130323e+06 4.614945324e+33 5.537016222e+33 2.965357706e+45 8.792897879e-01 3.993051744e+00
1.5892688947641300e+15 2.439000000e-04 1.147339001e+06 4.597676891e+33 5.510052244e+33 2.948862850e+45 8.627452625e-01 3.939834753e+00
1.5692688947641300e+15 2.667000000e-04 1.148782980e+06 4.579890485e+33 5.482378532e+33 2.935042523e+45 8.462264165e-01 3.882595784e+00
1.5492688947641300e+15 2.926000000e-04 1.148832600e+06 4.560547271e+33 5.452392136e+33 2.917458613e+45 8.289211715e-01 3.826119464e+00
2.0492688947641300e+15 2.370000000e-05 1.133485739e+06 4.856787141e+33 5.926333854e+33 3.141759858e+45 1.209986018e+00 5.186296757e+00
2.0692688947641300e+15 2.040000000e-05 1.132151774e+06 4.863469950e+33 5.937434453e+33 3.152610358e+45 1.223407657e+00 5.225777249e+00
2.0892688947641300e+15 1.730000000e-05 1.131973437e+06 4.869697587e+33 5.947825907e+33 3.156533985e+45 1.236597898e+00 5.275553508e+00
2.1092688947641300e+15 1.430000000e-05 1.131106193e+06 4.875622047e+33 5.957737311e+33 3.158943075e+45 1.249664561e+00 5.327232506e+00
2.1292688947641300e+15 1.130000000e-05 1.130280370e+06 4.881314217e+33 5.967266490e+33 3.161627340e+45 1.262580584e+00 5.377722967e+00
