2.1103209821428572e+15 4.000000000e-05 0.000000000e+00 4.104180003e+33 2.003752634e+45 2.012964682e+00 8.644774166e+00 5.946430148e+00 1.544066811e+01 1.470378703e+02 1.081343734e+02
2.1103232142857142e+15 3.110000000e-03 0.000000000e+00 4.104125223e+33 2.003692568e+45 2.012242712e+00 -5.002792975e+02 5.903048420e+00 1.586283052e+01 9.820657435e+01 1.224359387e+02
2.1103254464285715e+15 4.080000000e-03 0.000000000e+00 4.104079867e+33 2.003680166e+45 2.013045351e+00 8.310644343e+03 5.944318752e+00 1.315756320e+01 1.073309792e+02 1.077872740e+02
2.1103276785714285e+15 4.170000000e-03 0.000000000e+00 4.104076839e+33 2.003676785e+45 2.013358127e+00 2.345364579e+02 5.961497487e+00 1.319466601e+01 1.105729902e+02 1.425801808e+02
2.1103299107142858e+15 5.020000000e-03 0.000000000e+00 4.104040137e+33 2.003630275e+45 2.012827341e+00 1.145301161e+04 5.944264280e+00 1.412174384e+01 1.085299597e+02 8.023505237e+01
2.1103321428571428e+15 5.680000000e-03 0.000000000e+00 4.104010201e+33 2.003600375e+45 2.013933493e+00 -4.883109078e+03 5.984030528e+00 1.153423688e+01 5.813508875e+01 1.340217206e+02
2.1103343750000000e+15 6.170000000e-03 0.000000000e+00 4.103981746e+33 2.003564825e+45 2.014559900e+00 -5.686691053e+03 6.006699571e+00 8.863304841e+00 5.329003999e+01 1.186434184e+02
2.1103366071428572e+15 7.040000000e-03 0.000000000e+00 4.103919060e+33 2.003526199e+45 2.012884471e+00 -1.236014429e+04 5.929389803e+00 1.017291617e+01 1.165703244e+02 1.602469408e+02
2.1103388392857142e+15 7.080000000e-03 0.000000000e+00 4.103914616e+33 2.003507322e+45 2.013019277e+00 -3.595741794e+03 5.950005903e+00 1.629903315e+01 9.509058858e+01 1.138084059e+02
2.1103410714285715e+15 7.220000000e-03 0.000000000e+00 4.103909825e+33 2.003509598e+45 2.014698635e+00 -5.333857956e+03 6.008640851e+00 9.692953280e+00 5.577767250e+01 1.196830598e+02
2.1103433035714285e+15 7.820000000e-03 0.000000000e+00 4.103857839e+33 2.003460708e+45 2.014698820e+00 -6.536433583e+03 6.008794180e+00 9.079869581e+00 4.751209976e+01 1.152714600e+02
2.1103455357142858e+15 8.250000000e-03 0.000000000e+00 4.103822292e+33 2.003446307e+45 2.013098290e+00 1.814887144e+04 5.961876166e+00 1.231212745e+01 9.708553209e+01 1.750251552e+02
2.1103477678571428e+15 8.660000000e-03 0.000000000e+00 4.103791659e+33 2.003398167e+45 2.014866595e+00 2.262841441e+04 6.025979839e+00 8.665513146e+00 5.267186486e+01 1.120590429e+02
2.1103500000000000e+15 9.050000000e-03 9.060000000e-03 4.103762123e+33 2.003375322e+45 2.015479969e+00 3.637528088e+05 6.175586098e+00 1.207414972e+01 1.629629334e+02 2.207870570e+03
2.1103500000000000e+15 9.110000000e-03 0.000000000e+00 4.103760326e+33 2.003362849e+45 2.014127106e+00 -1.510445953e+04 5.999209499e+00 9.781168987e+00 5.301902668e+01 1.053042990e+02
2.1123500000000000e+15 6.834000000e-02 6.835000000e-02 4.080381497e+33 1.981766016e+45 2.014102383e+00 -1.902022929e+06 6.168678186e+00 -2.010378595e+01 -7.688015503e+02 -2.036432949e+04
2.1143500000000000e+15 8.977000000e-02 8.978000000e-02 4.063207354e+33 1.966097348e+45 2.014533107e+00 -2.936397550e+06 6.024132327e+00 -3.618386006e+01 -9.114337302e+02 -1.368073943e+04
2.1163500000000000e+15 1.035700000e-01 1.035800000e-01 4.049791114e+33 1.954004321e+45 2.013644883e+00 -9.170969515e+05 6.826248512e+00 -1.492486708e+01 -5.010844925e+02 -6.150668260e+03
2.1183500000000000e+15 1.136000000e-01 1.136100000e-01 4.038957545e+33 1.944317151e+45 2.013240972e+00 2.757056639e+05 7.551983516e+00 1.909163914e+01 8.187564870e+02 1.343912601e+04
2.1203500000000000e+15 1.213200000e-01 1.213300000e-01 4.030052938e+33 1.936435198e+45 2.013456044e+00 -6.049855602e+06 6.856315211e+00 -6.373654159e+01 -2.235184915e+01 -2.573473676e+01
2.1223500000000000e+15 1.274900000e-01 1.275000000e-01 4.022642492e+33 1.929925152e+45 2.013200792e+00 6.437249606e+05 7.896447138e+00 2.984219104e+01 8.892041605e+02 1.505350759e+04
2.1243500000000000e+15 1.325300000e-01 1.325400000e-01 4.016438230e+33 1.924520805e+45 2.011855288e+00 4.753543172e+06 8.762642290e+00 6.606830893e+01 1.769968878e+03 2.305364980e+04
2.1263500000000000e+15 1.366900000e-01 1.367000000e-01 4.011275277e+33 1.920045773e+45 2.013643686e+00 -7.962423802e+06 6.939712138e+00 -9.298305579e+01 -1.636209545e+03 -2.689363795e+04
2.1283500000000000e+15 1.401800000e-01 1.401900000e-01 4.006950092e+33 1.916314420e+45 2.015957318e+00 2.132522585e+06 8.963846794e+00 7.328323582e+01 1.218128602e+03 1.436933130e+04
2.1303500000000000e+15 1.430900000e-01 1.431000000e-01 4.003375895e+33 1.913257601e+45 2.051518700e+00 2.811344827e+04 9.295448819e+00 9.173208471e+00 1.739176065e+01 5.741121029e+01
2.1323500000000000e+15 1.455100000e-01 1.455200000e-01 4.000497336e+33 1.910809528e+45 0.000000000e+00 0.000000000e+00 0.000000000e+00 0.000000000e+00 0.000000000e+00 0.000000000e+00
