9.1282176493272100e+14 1.395000000e-04 1.324441479e+06 3.726912282e+33 4.225985414e+33 2.529900924e+45 4.037991572e-01 2.149373511e+00
8.9282176493272100e+14 1.745000000e-04 1.320128877e+06 3.652011040e+33 4.127605083e+33 2.456830779e+45 3.840038685e-01 2.104797664e+00
8.7282176493272100e+14 2.154000000e-04 1.316854356e+06 3.574952249e+33 4.027147525e+33 2.381774376e+45 3.645884349e-01 2.061352515e+00
8.5282176493272100e+14 2.632000000e-04 1.323556043e+06 3.495849408e+33 3.924795539e+33 2.304814739e+45 3.455980328e-01 2.019227428e+00
8.3282176493272100e+14 3.188000000e-04 1.322286744e+06 3.415365848e+33 3.821447234e+33 2.231260383e+45 3.272018232e-01 1.974765168e+00
9.3282176493272100e+14 1.094000000e-04 1.322965789e+06 3.799739545e+33 4.322347864e+33 2.605086953e+45 4.239765718e-01 2.191642093e+00
9.5282176493272100e+14 8.350000000e-05 1.326302043e+06 3.869982253e+33 4.415965955e+33 2.672571211e+45 4.443662848e-01 2.239039794e+00
9.7282176493272100e+14 6.050000000e-05 1.328309400e+06 3.938417895e+33 4.507837956e+33 2.745661816e+45 4.651638339e-01 2.281439177e+00
9.9282176493272100e+14 3.930000000e-05 1.328529934e+06 4.004470732e+33 4.597140355e+33 2.812785419e+45 4.861739626e-01 2.327582546e+00
1.0128217649327210e+15 1.530000000e-05 1.327795808e+06 4.068268753e+33 4.683996658e+33 2.877557340e+45 5.073977161e-01 2.374512824e+00
