2.8000000000000012e+14 0.5372041086292038 -1.5310086309909821
2.8095278356298347e+14 0.5352942757498695 -1.5341825783252716
2.8190880925638788e+14 0.5334048796849505 -1.5373446047306061
2.8286808811252962e+14 0.5315326756119987 -1.5404991805553436
2.8383063120126581e+14 0.5296795877126051 -1.5436448156833649
2.8479644963012206e+14 0.5278441017991522 -1.5467815101146698
2.8576555454442062e+14 0.5260293847359053 -1.5499062836170197
2.8673795712741019e+14 0.5242263772426687 -1.5530340373516083
2.8771366860039025e+14 0.5224317227735386 -1.5561677515506744
2.8869270022284769e+14 0.5206585352607253 -1.5592865645885468
2.8967506329258200e+14 0.5189005757768534 -1.5624009072780609
2.9066076914583675e+14 0.5171635172522584 -1.5655018389225006
2.9164982915743050e+14 0.5154431439184231 -1.5685938298702240
2.9264225474088800e+14 0.5137413493979731 -1.5716753900051117
2.9363805734857188e+14 0.5120574674547286 -1.5747465193271637
2.9463724847181506e+14 0.5103925265962036 -1.5778057277202606
2.9563983964105281e+14 0.5087326552644867 -1.5808768570423126
2.9664584242595650e+14 0.5070837775077287 -1.5839494764804840
2.9765526843556650e+14 0.5054549411040768 -1.5870086848735809
2.9866812931842769e+14 0.5038469050253479 -1.5900500118732452
2.9968443676271906e+14 0.5022521533726456 -1.5930883586406708
3.0070420249639562e+14 0.5006759846486587 -1.5961132943630219
3.0172743828731912e+14 0.4991175395114490 -1.5991277992725372
3.0275415594339494e+14 0.4975768645085603 -1.6021274030208588
3.0378436731270838e+14 0.4960471085877058 -1.6051284968852997
3.0481808428366138e+14 0.4945290747870168 -1.6081295907497406
3.0585531878510975e+14 0.4930283003638044 -1.6111172735691071
3.0689608278650075e+14 0.4915439206480322 -1.6140945255756378
3.0794038829801131e+14 0.4900758240334661 -1.6170613467693329
3.0898824737068650e+14 0.4886259769407617 -1.6200132668018341
3.1003967209657869e+14 0.4871917139420310 -1.6229547560214996
3.1109467460888712e+14 0.4857730856197588 -1.6258843243122101
3.1215326708209912e+14 0.4843686607335967 -1.6288079321384430
3.1321546173212544e+14 0.4829750205451057 -1.6317285597324371
3.1428127081644906e+14 0.4815963865243779 -1.6346417367458344
3.1535070663426125e+14 0.4802333942344569 -1.6375415027141571
3.1642378152660525e+14 0.4788875867129195 -1.6404263675212860
3.1750050787651800e+14 0.4775559296247588 -1.6433022916316986
3.1858089810917375e+14 0.4762413158014362 -1.6461618244647980
3.1966496469202694e+14 0.4749410450681937 -1.6490124166011810
3.2075272013495625e+14 0.4736544664620352 -1.6518525779247284
3.2184417699040906e+14 0.4723739124071513 -1.6547016799449921
3.2293934785354606e+14 0.4711092680833872 -1.6575358808040619
3.2403824536238681e+14 0.4698600859787991 -1.6603566706180573
3.2514088219795688e+14 0.4686248681612242 -1.6631655395030975
3.2624727108442875e+14 0.4674056153228852 -1.6659595072269440
3.2735742478927662e+14 0.4661988675959148 -1.6687460243701935
3.2847135612341869e+14 0.4650101314611849 -1.6715116798877716
3.2958907794136600e+14 0.4638305105956976 -1.6742758452892303
3.3071060314137088e+14 0.4626598683790883 -1.6770385205745697
3.3183594466557588e+14 0.4615039459107543 -1.6797877848148346
3.3296511550016306e+14 0.4603649069410836 -1.6825176775455475
3.3409812867550381e+14 0.4592367630862865 -1.6852416098117828
3.3523499726630919e+14 0.4581227445883712 -1.6879506409168243
3.3637573439178100e+14 0.4570222120215653 -1.6906462609767914
3.3752035321576288e+14 0.4559361961451605 -1.6933284699916840
3.3866886694689256e+14 0.4548563387100860 -1.6960136592388153
3.3982128883875538e+14 0.4537894325047340 -1.6986869275569916
3.4097763219003175e+14 0.4527346555153751 -1.7013482749462128
3.4213791034465900e+14 0.4516921529990482 -1.7039991915225983
3.4330213669197994e+14 0.4506651965116455 -1.7066322267055511
3.4447032466689844e+14 0.4496481291699544 -1.7092563211917877
3.4564248775003469e+14 0.4486450674326089 -1.7118655145168304
3.4681863946788075e+14 0.4476509423728369 -1.7144687473773956
3.4799879339295662e+14 0.4466675874387965 -1.7170645296573639
3.4918296314396681e+14 0.4456966305131448 -1.7196469008922577
3.5037116238595744e+14 0.4447349974540803 -1.7222218215465546
3.5156340483047425e+14 0.4437882354185825 -1.7247773706912994
3.5275970423572044e+14 0.4428531736292653 -1.7273195087909698
3.5396007440671712e+14 0.4419277966236569 -1.7298527061939240
3.5516452919545669e+14 0.4410154311609374 -1.7323710024356842
3.5637308250107150e+14 0.4401097357279394 -1.7348878085613251
3.5758574826998838e+14 0.4392180785737972 -1.7373867332935333
3.5880254049609100e+14 0.4383334739395641 -1.7398796975612640
3.6002347322088150e+14 0.4374627397398250 -1.7423547804355621
3.6124856053364231e+14 0.4366018637829264 -1.7448194324970245
3.6247781657159894e+14 0.4357508686478462 -1.7472721636295319
3.6371125552008288e+14 0.4349105422597053 -1.7497129738330841
3.6494889161269562e+14 0.4340781960035795 -1.7521493136882782
3.6619073913147262e+14 0.4332531230999496 -1.7545811831951141
3.6743681240704831e+14 0.4324408246606743 -1.7569936811923981
3.6868712581882125e+14 0.4316356675343799 -1.7594002187252045
3.6994169379512188e+14 0.4308416665235580 -1.7617918550968170
3.7120053081337262e+14 0.4300588516457750 -1.7641685903072357
3.7246365140026431e+14 0.4292833062429716 -1.7665378749370575
3.7373107013191762e+14 0.4285154779411930 -1.7689026892185211
3.7500280163405281e+14 0.4277557985201724 -1.7712570726871490
3.7627886058215862e+14 0.4270058244394617 -1.7735995352268219
3.7755926170166144e+14 0.4262641966405138 -1.7759315669536591
3.7884401976809525e+14 0.4255332156677835 -1.7782472074031830
3.8013314960727231e+14 0.4248099971447288 -1.7805539071559906
3.8142666609545406e+14 0.4240959014051173 -1.7828486859798431
3.8272458415952294e+14 0.4233892102381788 -1.7851345241069794
3.8402691877715444e+14 0.4226929158277014 -1.7874039709568024
3.8533368497699175e+14 0.4220030936908531 -1.7896659672260284
3.8664489783881275e+14 0.4213219049903528 -1.7919160425662994
3.8796057249371344e+14 0.4206501607593455 -1.7941512167453766
3.8928072412427638e+14 0.4199863366454622 -1.7963759601116180
3.9060536796474731e+14 0.4193266861807750 -1.7985992133617401
3.9193451930121112e+14 0.4186736552395311 -1.8008150160312653
3.9326819347176819e+14 0.4180298390263630 -1.8030174076557159
3.9460640586671119e+14 0.4173930733932709 -1.8052078783512115
3.9594917192870312e+14 0.4167642381201056 -1.8073879182338715
3.9729650715295500e+14 0.4161413237849582 -1.8095590174198151
3.9864842708740512e+14 0.4155266677376572 -1.8117167055606842
4.0000494733289812e+14 0.4149166919286817 -1.8138714134693146
4.0136608354336525e+14 0.4143140118929663 -1.8160127103328705
4.0273185142600662e+14 0.4137185290692076 -1.8181435763835907
4.0410226674146569e+14 0.4131285465032575 -1.8202669918537140
4.0547734530402131e+14 0.4125459732400507 -1.8223784863948822
4.0685710298176344e+14 0.4119705017181764 -1.8244765698909760
4.0824155569677788e+14 0.4113992569323008 -1.8265716731548309
4.0963071942533019e+14 0.4108331401022488 -1.8286608159542084
4.1102461019804975e+14 0.4102729698951378 -1.8307395279407501
4.1242324410011525e+14 0.4097191591784288 -1.8328078091144562
4.1382663727143975e+14 0.4091703757791874 -1.8348671495914459
4.1523480590685725e+14 0.4086290343119305 -1.8369130790233612
4.1664776625630950e+14 0.4080915009990421 -1.8389545381069183
4.1806553462503356e+14 0.4075580179490370 -1.8409900367259979
4.1948812737375156e+14 0.4070296872307336 -1.8430165946483612
4.2091556091885294e+14 0.4065086997100941 -1.8450297415256500
4.2234785173259362e+14 0.4059918315388724 -1.8470354378223419
4.2378501634327981e+14 0.4054800995748544 -1.8490307033061981
4.2522707133546019e+14 0.4049745883755163 -1.8510125577449799
4.2667403335011719e+14 0.4044767873286608 -1.8529735505580902
4.2812591908485938e+14 0.4039826106525506 -1.8549285829067230
4.2958274529411356e+14 0.4034927718693256 -1.8568761646747589
4.3104452878931894e+14 0.4030083286000328 -1.8588118255138397
4.3251128643912019e+14 0.4025265914778899 -1.8607415258884430
4.3398303516956294e+14 0.4020491236069579 -1.8626637756824493
4.3545979196428862e+14 0.4015763504014969 -1.8645770847797394
4.3694157386473044e+14 0.4011068387757700 -1.8664814531803131
4.3842839797031219e+14 0.4006406779992284 -1.8683798611164093
4.3992028143863800e+14 0.4001795274520166 -1.8702678382396698
4.4141724148570138e+14 0.3997216988072871 -1.8721468746662140
4.4291929538607644e+14 0.3992593184915531 -1.8740482628345490
4.4442646047311938e+14 0.3987962138844275 -1.8759615719318390
4.4593875413916812e+14 0.3983359746106317 -1.8778674304485321
4.4745619383574338e+14 0.3978790087832368 -1.8797673285007477
4.4897879707374975e+14 0.3974234577515672 -1.8816627562046051
4.5050658142367794e+14 0.3969708318984042 -1.8835522234439850
4.5203956451580756e+14 0.3965221370542901 -1.8854312598705292
4.5357776404041044e+14 0.3960756442963128 -1.8873043358325958
4.5512119774795488e+14 0.3956318216609281 -1.8891714513301849
4.5666988344931225e+14 0.3951899632424821 -1.8910326063632965
4.5822383901595519e+14 0.3947502662358444 -1.8928863108158112
4.5978308238017494e+14 0.3943122440890854 -1.8947370350360870
4.6134763153528081e+14 0.3938738284986834 -1.8965907394886017
4.6291750453580975e+14 0.3934374634081255 -1.8984369933605194
4.6449271949773469e+14 0.3930031130330990 -1.9002787768840790
4.6607329459867350e+14 0.3925697989812103 -1.9021145999431610
4.6765924807809888e+14 0.3921390244113629 -1.9039429724216461
4.6925059823754875e+14 0.3917070305519440 -1.9057728350162506
4.7084736344083744e+14 0.3912784084271143 -1.9075907766819000
4.7244956211426769e+14 0.3908504701035033 -1.9094057381153107
4.7405721274684325e+14 0.3904233830598508 -1.9112147390842438
4.7567033389048212e+14 0.3899968772340063 -1.9130207598209381
4.7728894416023281e+14 0.3895714027143501 -1.9148208200931549
4.7891306223448119e+14 0.3891453308015531 -1.9166208803653717
4.8054270685517775e+14 0.3887194917682106 -1.9184164702892303
4.8217789682804606e+14 0.3882941566124377 -1.9202075898647308
4.8381865102280188e+14 0.3878693785612639 -1.9219942390918732
4.8546498837337081e+14 0.3874445925965149 -1.9237764179706573
4.8711692787810669e+14 0.3870190730195293 -1.9255571067333221
4.8877448860001100e+14 0.3865928924411890 -1.9273333251476288
4.9043768966695269e+14 0.3861668334718323 -1.9291065633296967
4.9210655027188912e+14 0.3857407178058967 -1.9308738410472870
4.9378108967308731e+14 0.3853135747759636 -1.9326396286487579
4.9546132719434625e+14 0.3848828829464747 -1.9344143569469452
4.9714728222522219e+14 0.3844438495137999 -1.9362114369869232
4.9883897422124369e+14 0.3840045389784592 -1.9380055367946625
5.0053642270414894e+14 0.3835658912303252 -1.9397921860218048
5.0223964726210250e+14 0.3831235575236080 -1.9415818154811859
5.0394866754992350e+14 0.3826801061930615 -1.9433684647083282
5.0566350328931250e+14 0.3822343073360865 -1.9451536238193512
5.0738417426907906e+14 0.3817877952907104 -1.9469343125820160
5.0911070034536994e+14 0.3813390347704119 -1.9487135112285614
5.1084310144189856e+14 0.3808878075701913 -1.9504912197589874
5.1258139755017450e+14 0.3804351158708490 -1.9522659480571747
5.1432560872973462e+14 0.3799734657694663 -1.9540615379810333
5.1607575510837425e+14 0.3795099352583555 -1.9558541476726532
5.1783185688238162e+14 0.3790442946362856 -1.9576437771320343
5.1959393431676256e+14 0.3785746466695061 -1.9594348967075348
5.2136200774548706e+14 0.3781021874718211 -1.9612245261669159
5.2313609757171525e+14 0.3776258907755286 -1.9630141556262970
5.2491622426803519e+14 0.3771474227514995 -1.9648008048534393
5.2670240837669894e+14 0.3766640344504398 -1.9665889441967010
5.2849467050985988e+14 0.3761763269428707 -1.9683800637722015
5.3029303134981019e+14 0.3756860875575626 -1.9701667129993439
5.3209751164921988e+14 0.3751866260390610 -1.9719697535037994
5.3390813223137600e+14 0.3746837284675119 -1.9737698137760162
5.3572491399042306e+14 0.3741751482242132 -1.9755743443965912
5.3754787789160431e+14 0.3736615252184704 -1.9773788750171661
5.3937704497150319e+14 0.3731447182268043 -1.9791804254055023
5.4121243633828888e+14 0.3726210281723341 -1.9809879362583160
5.4305407317195062e+14 0.3720933879418889 -1.9827939569950104
5.4490197672455556e+14 0.3715587113299094 -1.9846029579639435
5.4675616832048519e+14 0.3710192118724916 -1.9864119589328766
5.4861666935668344e+14 0.3704728660317235 -1.9882254302501678
5.5048350130290381e+14 0.3699165397997874 -1.9900538027286530
5.5235668570195712e+14 0.3693538229450660 -1.9918836653232574
5.5423624416995994e+14 0.3687850206640673 -1.9937135279178619
5.5612219839658406e+14 0.3682098337474623 -1.9955463707447052
5.5801457014530700e+14 0.3676265185534692 -1.9973836839199066
5.5991338125366294e+14 0.3670362897240214 -1.9992224872112274
5.6181865363349475e+14 0.3664372640870233 -2.0010672509670258
5.6373040927120700e+14 0.3658315112683050 -2.0029135048389435
5.6564867022802175e+14 0.3652191459887038 -2.0047612488269806
5.6757345864022400e+14 0.3645993499390069 -2.0066089928150177
5.6950479671943112e+14 0.3639701516769065 -2.0084626972675323
5.7144270675283988e+14 0.3633330479183952 -2.0103178918361664
5.7338721110348562e+14 0.3626856380459369 -2.0121805369853973
5.7533833221050088e+14 0.3620319843572036 -2.0140431821346283
5.7729609258937375e+14 0.3613664683987656 -2.0159132778644562
5.7926051483220825e+14 0.3606938293949254 -2.0177848637104034
5.8123162160798462e+14 0.3600100610142273 -2.0196639001369476
5.8320943566282125e+14 0.3593159440225770 -2.0215474069118500
5.8519397982023675e+14 0.3586072805984497 -2.0234502851963043
5.8718527698141362e+14 0.3578798237845103 -2.0253755152225494
5.8918335012546500e+14 0.3571441382740175 -2.0273022353649139
5.9118822230969000e+14 0.3563957449963454 -2.0292378962039948
5.9319991666985425e+14 0.3556372830018050 -2.0311765372753143
5.9521845642044762e+14 0.3548661756013593 -2.0331226289272308
5.9724386485495375e+14 0.3540810436704735 -2.0350761711597443
5.9927616534611950e+14 0.3532847768756635 -2.0370371639728546
6.0131538134622475e+14 0.3524770179671428 -2.0389996469020844
6.0336153638735250e+14 0.3516571904417278 -2.0409695804119110
6.0541465408166050e+14 0.3508224144297495 -2.0429454743862152
6.0747475812165425e+14 0.3499776509932132 -2.0449243485927582
6.0954187228045988e+14 0.3491170353076123 -2.0469121634960175
6.1161602041209888e+14 0.3482423881373854 -2.0489089190959930
6.1369722645176538e+14 0.3473524867698743 -2.0509131252765656
6.1578551441609288e+14 0.3464514865123235 -2.0529203116893768
6.1788090840344612e+14 0.3455313021804044 -2.0549409091472626
6.1998343259418900e+14 0.3445969857634112 -2.0569689571857452
6.2209311125096662e+14 0.3436449647283411 -2.0590089261531830
6.2420996871898475e+14 0.3426764537213733 -2.0610593259334564
6.2633402942629125e+14 0.3416911927944680 -2.0631171762943268
6.2846531788405725e+14 0.3406901540723445 -2.0651824772357941
6.3060385868686088e+14 0.3396684138671398 -2.0672626793384552
6.3274967651297062e+14 0.3386329881490169 -2.0693458616733551
6.3490279612462988e+14 0.3375770981683829 -2.0714424550533295
6.3706324236834300e+14 0.3365047879107078 -2.0735464990139008
6.3923104017516250e+14 0.3354083991086800 -2.0756684243679047
6.4140621456097800e+14 0.3342895556667949 -2.0778097212314606
6.4358879062679612e+14 0.3331489245479083 -2.0799614489078522
6.4577879355904450e+14 0.3319848714324147 -2.0821295678615570
6.4797624862985262e+14 0.3308023808920505 -2.0843051373958588
6.5018118119734588e+14 0.3295993795449630 -2.0864926278591156
6.5239361670593850e+14 0.3283764028774740 -2.0886875689029694
6.5461358068662662e+14 0.3271284307464397 -2.0908974111080170
6.5684109875728338e+14 0.3258579580498734 -2.0931206643581390
6.5907619662295425e+14 0.3245577608743271 -2.0953662693500519
6.6131890007615400e+14 0.3232323018412728 -2.0976252853870392
6.6356923499716388e+14 0.3218837347287599 -2.0998962223529816
6.6582722735433075e+14 0.3205086454771165 -2.1021820604801178
6.6809290320436638e+14 0.3191096080790133 -2.1044783294200897
6.7036628869265112e+14 0.3176841356683668 -2.1067894995212555
6.7264741005352425e+14 0.3162316218219869 -2.1091140806674957
6.7493629361060400e+14 0.3147513643390464 -2.1114520728588104
6.7723296577707925e+14 0.3132487395438215 -2.1137960255146027
6.7953745305601800e+14 0.3117214594969768 -2.1161504089832306
6.8184978204067275e+14 0.3101633203060688 -2.1185211837291718
6.8416997941478750e+14 0.3085773941115278 -2.1209053695201874
6.8649807195290562e+14 0.3069604427884894 -2.1233044564723969
6.8883408652067875e+14 0.3053134429614621 -2.1257169544696808
6.9117805007517712e+14 0.3036358983327080 -2.1281443536281586
6.9352998966520038e+14 0.3019259889035594 -2.1305881440639496
6.9588993243158962e+14 0.3001859746482372 -2.1330438554286957
6.9825790560754400e+14 0.2984126529231636 -2.1355144679546356
7.0063393651892262e+14 0.2966088387532358 -2.1379984915256500
7.0301805258457812e+14 0.2947699278456142 -2.1404989063739777
7.0541028131666088e+14 0.2928923670441839 -2.1430186927318573
7.0781065032093925e+14 0.2909819062793687 -2.1455504000186920
7.1021918729711900e+14 0.2890346862433678 -2.1480999886989594
7.1263592003916225e+14 0.2870489548867285 -2.1506674587726593
7.1506087643560800e+14 0.2850307343546389 -2.1532453596591949
7.1749408446989475e+14 0.2829722496819093 -2.1558411419391632
7.1993557222068300e+14 0.2808746062806087 -2.1584533154964447
7.2238536786217900e+14 0.2787372562461125 -2.1610833704471588
7.2484349966446025e+14 0.2765579363407814 -2.1637313067913055
7.2730999599380475e+14 0.2743337915853787 -2.1663971245288849
7.2978488531300600e+14 0.2720714266736097 -2.1690793335437775
7.3226819618172000e+14 0.2697663103701159 -2.1717764437198639
7.3475995725678212e+14 0.2674273583686528 -2.1744780242443085
7.3726019729254150e+14 0.2650395386564839 -2.1772019565105438
7.3976894514119212e+14 0.2626108100416556 -2.1799392998218536
7.4228622975310662e+14 0.2601265348027492 -2.1827034652233124
7.4481208017716950e+14 0.2576021013215133 -2.1854765713214874
7.4734652556111325e+14 0.2550260813720754 -2.1882750093936920
7.4988959515185375e+14 0.2523963111197695 -2.1910913288593292
7.5244131829582838e+14 0.2497134638446395 -2.1939314901828766
7.5500172443933475e+14 0.2469774961821563 -2.1967910230159760
7.5757084312887000e+14 0.2441850599039028 -2.1996714174747467
7.6014870401147538e+14 0.2413325571695529 -2.2025756537914276
7.6273533683506538e+14 0.2384291936994566 -2.2054962813854218
7.6533077144879050e+14 0.2354758852335501 -2.2084318101406097
7.6793503780336825e+14 0.2324491509444117 -2.2113971412181854
7.7054816595143262e+14 0.2293705346554249 -2.2143773734569550
7.7317018604788075e+14 0.2262297219124882 -2.2173769772052765
7.7580112835022075e+14 0.2230272857105343 -2.2203989326953888
7.7844102321892075e+14 0.2197574824883312 -2.2234417498111725
7.8108990111775975e+14 0.2164229383349902 -2.2265069186687469
7.8374779261417862e+14 0.2130196184320815 -2.2295929491519928
7.8641472837963312e+14 0.2095505906899728 -2.2326998412609100
7.8909073918994788e+14 0.2060063565262339 -2.2358305752277374
7.9177585592567125e+14 0.2024150149059434 -2.2389627993106842
7.9447010957243538e+14 0.1987551908463769 -2.2421129047870636
7.9717353122130038e+14 0.1950151396898481 -2.2452883422374725
7.9988615206913262e+14 0.1911994044259743 -2.2484876215457916
8.0260800341895212e+14 0.1873022015308057 -2.2517092525959015
8.0533911668029662e+14 0.1833240593355126 -2.2549532353878021
8.0807952336958412e+14 0.1792606902304409 -2.2582255303859711
8.1082925511047688e+14 0.1750893432625415 -2.2615365684032440
8.1358834363424575e+14 0.1708285291002633 -2.2648744285106659
8.1635682078013700e+14 0.1664743614440358 -2.2682361304759979
8.1913471849573925e+14 0.1620291299880615 -2.2716246545314789
8.2192206883735262e+14 0.1574884735923744 -2.2750340402126312
8.2471890397035788e+14 0.1528489920389817 -2.2784702479839325
8.2752525616959200e+14 0.1481156506952153 -2.2819258272647858
8.3034115781970612e+14 0.1433498024079370 -2.2853575646877289
8.3316664141556025e+14 0.1384838090704385 -2.2888131439685822
8.3600173956258450e+14 0.1335167014773516 -2.2922910749912262
8.3884648497715850e+14 0.1284391880450373 -2.2957943379878998
8.4170091048698912e+14 0.1232473947313190 -2.2993244230747223
8.4456504903148950e+14 0.1179394681719535 -2.3028828203678131
8.4743893366215888e+14 0.1125232294557315 -2.3064605891704559
8.5032259754296400e+14 0.1069679528695886 -2.3100771009922028
8.5321607395072200e+14 0.1012846883106633 -2.3137219250202179
8.5611939627548425e+14 0.0954716645898916 -2.3173920810222626
8.5903259802092175e+14 0.0895315405462822 -2.3210890591144562
8.6195571280471525e+14 0.0834585846949714 -2.3248113691806793
8.6488877435892925e+14 0.0772456934495376 -2.3285590112209320
8.6783181653042212e+14 0.0709203370560727 -2.3323170840740204
8.7078487328122262e+14 0.0645058414234071 -2.3360691964626312
8.7374797868892575e+14 0.0579447777717069 -2.3398481309413910
8.7672116694708550e+14 0.0512334845616620 -2.3436538875102997
8.7970447236560962e+14 0.0443714556145780 -2.3474834859371185
8.8269792937115562e+14 0.0373454352615746 -2.3513399064540863
8.8570157250752800e+14 0.0301599049345180 -2.3552231490612030
8.8871543643607688e+14 0.0227825898582803 -2.3591436445713043
8.9173955593609775e+14 0.0152214085019951 -2.3630954325199127
8.9477396590523338e+14 0.0074792273167297 -2.3670770227909088
8.9781870135987600e+14 -0.0004406589154947 -2.3710794746875763
9.0087379743557512e+14 -0.0085642177599471 -2.3751176893711090
9.0393928938742862e+14 -0.0168858002340574 -2.3791812360286713
9.0701521259051150e+14 -0.0254127172017999 -2.3832745850086212
9.1010160254026888e+14 -0.0341080377057518 -2.3873738944530487
9.1319849485293025e+14 -0.0430152979247401 -2.3915000259876251
9.1630592526591950e+14 -0.0521540906112398 -2.3956589400768280
9.1942392963826800e+14 -0.0615156280927061 -2.3998402059078217
9.2255254395102838e+14 -0.0711315100252290 -2.4040587246417999
9.2569180430768912e+14 -0.0810005146091394 -2.4083100259304047
9.2884174693459175e+14 -0.0910171669231929 -2.4125419557094574
9.3200240818134900e+14 -0.1012367081608806 -2.4167783558368683
9.3517382452126350e+14 -0.1117273245873555 -2.4210460484027863
9.3835603255174975e+14 -0.1224960794968396 -2.4253435432910919
9.4154906899475912e+14 -0.1335525115227335 -2.4296723306179047
9.4475297069718938e+14 -0.1448960628255397 -2.4340219795703888
9.4796777463133212e+14 -0.1565627725985939 -2.4384088814258575
9.5119351789528438e+14 -0.1685925351552603 -2.4428404867649078
9.5443023771338050e+14 -0.1809575129481315 -2.4473018944263458
9.5767797143662188e+14 -0.1936661958475896 -2.4517931044101715
9.6093675654310775e+14 -0.2067467798270926 -2.4563170969486237
9.6420663063846775e+14 -0.2201945095115054 -2.4608694016933441
9.6748763145629588e+14 -0.2340406585403381 -2.4654544889926910
9.7077979685858600e+14 -0.2481457985048596 -2.4700246751308441
9.7408316483616875e+14 -0.2626249545381877 -2.4746082723140717
9.7739777350915375e+14 -0.2775435794483384 -2.4792291224002838
9.8072366112735388e+14 -0.2929114108831443 -2.4838767945766449
9.8406086607075025e+14 -0.3087449574493979 -2.4885572493076324
9.8740942684991938e+14 -0.3250632335761017 -2.4932660162448883
9.9076938210648150e+14 -0.3418946593503839 -2.4980075657367706
9.9414077061354662e+14 -0.3592629708810149 -2.5027804076671600
9.9752363127616150e+14 -0.3771916038992733 -2.5075875222682953
1.0009180031317592e+15 -0.3956935021895250 -2.5124229490756989
1.0043239253506095e+15 -0.4148099135400370 -2.5172896683216095
1.0077414372362700e+15 -0.4345752612272394 -2.5221951305866241
1.0111705782260412e+15 -0.4548404280756502 -2.5270856916904449
1.0146113878914202e+15 -0.4756147147229619 -2.5319702923297882
1.0180639059385582e+15 -0.4970762765260172 -2.5368772447109222
1.0215281722087228e+15 -0.5192967034913222 -2.5418184697628021
1.0250042266787402e+15 -0.5423070240806044 -2.5467939674854279
1.0284921094614829e+15 -0.5661421350987135 -2.5517962872982025
1.0319918608063149e+15 -0.5908485066930383 -2.5568343698978424
1.0355035210995608e+15 -0.6164633652867677 -2.5619007647037506
1.0390271308649716e+15 -0.6430516235197881 -2.5669984519481659
1.0425627307641926e+15 -0.6706607836903840 -2.5721289217472076
1.0461103615972324e+15 -0.6993617172461627 -2.5772981345653534
1.0496700643029339e+15 -0.7291976893489713 -2.5824926793575287
1.0532418799594464e+15 -0.7601830444996611 -2.5877140462398529
1.0568258497847000e+15 -0.7922842590287950 -2.5929398834705353
1.0604220151368812e+15 -0.8257164709882862 -2.5981940329074860
1.0640304175149101e+15 -0.8605835618626142 -2.6034824550151825
1.0676510985589235e+15 -0.8969683419882902 -2.6088051497936249
1.0712841000507380e+15 -0.9349731083053949 -2.6141606271266937
1.0749294639143585e+15 -0.9747074332888809 -2.6195488870143890
1.0785872322164445e+15 -1.0162874666427446 -2.6249699294567108
1.0822574471667999e+15 -1.0598285504670364 -2.6304192841053009
1.0859401511188600e+15 -1.1055060816625375 -2.6359118521213531
1.0896353865701804e+15 -1.1534511989333465 -2.6414342224597931
1.0933431961629270e+15 -1.2038289632473440 -2.6469849050045013
1.0970636226843689e+15 -1.2563265118784759 -2.6525191962718964
1.1007967090673710e+15 -1.3109493905605039 -2.6580236852169037
1.1045424983908909e+15 -1.3684986124554095 -2.6635564863681793
1.1083010338804744e+15 -1.4292227352141891 -2.6691235601902008
1.1120723589087556e+15 -1.4933928256781519 -2.6747219264507294
1.1158565169959615e+15 -1.5613055031171323 -2.6803515851497650
1.1196535518103958e+15 -1.6332971531297817 -2.6860170066356659
1.1234635071689702e+15 -1.7097485636733925 -2.6917122304439545
1.1272864270376925e+15 -1.7910842836805709 -2.6974402368068695
1.1311223555321772e+15 -1.8777774906618074 -2.7032010257244110
1.1349713369181560e+15 -1.9703907686220787 -2.7089960873126984
1.1388334156119875e+15 -2.0695368326484713 -2.7148284018039703
1.1427086361811708e+15 -2.1753028949489330 -2.7206577360630035
1.1465970433448582e+15 -2.2888595907156208 -2.7265004813671112
1.1504986819743735e+15 -2.4113216700694928 -2.7323894202709198
1.1544135970937278e+15 -2.5437425998561292 -2.7383051812648773
1.1583418338801445e+15 -2.6874184811792023 -2.7442611753940582
1.1622834376645622e+15 -2.8438163604526334 -2.7502469718456268
1.1662384539321858e+15 -3.0147204263297387 -2.7562610805034637
1.1702069283229918e+15 -3.2022485608063400 -2.7623124420642853
1.1741889066322610e+15 -3.4089534722720174 -2.7683995664119720
1.1781844348111060e+15 -3.6379307888718957 -2.7745194733142853
1.1821935589670018e+15 -3.8929943056040539 -2.7806676924228668
1.1862163253643180e+15 -4.1759120567084578 -2.7867995202541351
1.1902527804248522e+15 -4.4907945174294888 -2.7928881347179413
1.1943029707283668e+15 -4.8478391801876946 -2.7990050613880157
1.1983669430131242e+15 -5.2561298488415336 -2.8051562607288361
1.2024447441764298e+15 -5.7275990292808299 -2.8113387525081635
1.2065364212751690e+15 -6.2781325109029584 -2.8175540268421173
1.2106420215263588e+15 -6.9294557296464747 -2.8238065540790558
1.2147615923076702e+15 -7.7121392699790379 -2.8300903737545013
1.2188951811580068e+15 -8.6704244787714853 -2.8364039957523346
1.2230428357780315e+15 -9.8709218263281322 -2.8427533805370331
1.2272046040307238e+15 -11.4188163827842910 -2.8491310775279999
1.2313805339419308e+15 -13.4807019104923391 -2.8555162250995636
1.2355706737009220e+15 -16.3335918143262901 -2.8618566691875458
1.2397750716609450e+15 -20.6086919200290666 -2.8682224452495575
1.2439937763397845e+15 -27.7212298423876220 -2.8746284544467926
1.2482268364203205e+15 -41.9026076918225456 -2.8810597956180573
1.2524743007510920e+15 -84.1265319454869029 -2.8875194489955902
1.2567362183468588e+15 -7320.6396062415115011 -2.8940178453922272
1.2610126383891685e+15 87.7427747540292273 -2.9005430638790131
1.2653036102269288e+15 44.0141982834787413 -2.9071040451526642
1.2696091833769562e+15 29.5545227312607253 -2.9136992990970612
1.2739294075245788e+15 22.3436194548066034 -2.9203258454799652
1.2782643325241878e+15 18.0285266236681601 -2.9269732534885406
1.2826140083998195e+15 15.1642198073746410 -2.9336236417293549
1.2869784853457320e+15 13.1154242144363042 -2.9403038322925568
1.2913578137269842e+15 11.5776129802134822 -2.9470168054103851
1.2957520440800170e+15 10.3803125311398041 -2.9537595808506012
1.3001612271132365e+15 9.4217430787240595 -2.9605351388454437
1.3045854137076000e+15 8.6370275012811906 -2.9673509299755096
1.3090246549172015e+15 7.9824686717612270 -2.9741920530796051
1.3134790019698622e+15 7.4279922138733365 -2.9810614883899689
1.3179485062677218e+15 6.9527440300201020 -2.9879771173000336
1.3224332193878355e+15 6.5401660418001315 -2.9949106276035309
1.3269331930827492e+15 6.1828719195543229 -3.0018039047718048
1.3314484792811288e+15 5.8709990335037068 -3.0086345970630646
1.3359791300883368e+15 5.5928906906729017 -3.0155025422573090
1.3405251977870400e+15 5.3430259339082387 -3.0223898589611053
1.3450867348378132e+15 5.1174723011215750 -3.0293099582195282
1.3496637938797432e+15 4.9127673732470525 -3.0362613499164581
1.3542564277310372e+15 4.7261333936619758 -3.0432455241680145
1.3588646893896325e+15 4.5552299498411921 -3.0502565205097198
1.3634886320338072e+15 4.3980793601953359 -3.0573017895221710
1.3681283090227945e+15 4.2530762645777500 -3.0643798410892487
1.3727837738974040e+15 4.1188437478058608 -3.0714832246303558
1.3774550803806172e+15 3.9951040563369098 -3.0785642564296722
1.3821422823782405e+15 3.8801072187170318 -3.0856691300868988
1.3868454339795058e+15 3.7725664575573776 -3.0927874147891998
1.3915645894576992e+15 3.6718732624306707 -3.0999459326267242
1.3962998032707885e+15 3.5773578776878856 -3.1071342527866364
1.4010511300620500e+15 3.4884018979377500 -3.1143523752689362
1.4058186246607012e+15 3.4045470272136145 -3.1216003000736237
1.4106023420825320e+15 3.3253397668487716 -3.1288839876651764
1.4154023375305392e+15 3.2503356530168355 -3.1361900269985199
1.4202186663955652e+15 3.1792461202445734 -3.1435318291187286
1.4250513842569360e+15 3.1120880521301144 -3.1508587300777435
1.4299005468831028e+15 3.0490423358655239 -3.1581185758113861
1.4347662102322910e+15 2.9889081899329959 -3.1654037535190582
1.4396484304531240e+15 2.9315050028423650 -3.1727261841297150
1.4445472638853042e+15 2.8766237103517658 -3.1800724565982819
1.4494627670602418e+15 2.8240660308609828 -3.1874515116214752
1.4543949967017108e+15 2.7736747171022413 -3.1948558986186981
1.4593440097265058e+15 2.7252913189817085 -3.2022871077060699
1.4643098632450972e+15 2.6788061140817163 -3.2097510993480682
1.4692926145622912e+15 2.6340861213743243 -3.2172434031963348
1.4742923211778902e+15 2.5909891742775426 -3.2247580587863922
1.4793090407873578e+15 2.5500111967048675 -3.2322026789188385
1.4843428312824820e+15 2.5104997708090178 -3.2396830618381500
1.4893937507520468e+15 2.4722528427584249 -3.2471664249897003
1.4944618574824990e+15 2.4352564223817752 -3.2546900212764740
1.4995472099586298e+15 2.3994440566284254 -3.2622464001178741
1.5046498668642230e+15 2.3647121035653060 -3.2698221504688263
1.5097698870827705e+15 2.3310173185431418 -3.2774321734905243
1.5149073296981265e+15 2.2982821932359885 -3.2850645482540131
1.5200622539951955e+15 2.2664544768919379 -3.2927237451076508
1.5252347194606170e+15 2.2355069737341240 -3.3004172146320343
1.5304247857834512e+15 2.2056409005552999 -3.3080659806728363
1.5356325128558682e+15 2.1766417970007899 -3.3157177269458771
1.5408579607738392e+15 2.1483505354608639 -3.3234007656574249
1.5461011898378298e+15 2.1207063359769815 -3.3310912549495697
1.5513622605534958e+15 2.0937054089770024 -3.3388145267963409
1.5566412336323818e+15 2.0673099731186486 -3.3465839922428131
1.5619381699926210e+15 2.0414673422551823 -3.3543594181537628
1.5672531307596462e+15 2.0161636682650044 -3.3621720969676971
1.5725861772668675e+15 1.9913547863165961 -3.3700011670589447
1.5779373710564200e+15 1.9670301905521230 -3.3778689801692963
1.5833067738798475e+15 1.9434491119410049 -3.3856578171253204
1.5886944476988220e+15 1.9204587124616974 -3.3934138715267181
1.5941004546858590e+15 1.8978547518997542 -3.4011967480182648
1.5995248572250338e+15 1.8756128243771872 -3.4090094268321991
1.6049677179127028e+15 1.8537090035971731 -3.4168384969234467
1.6104290995582245e+15 1.8321254806853908 -3.4246928989887238
1.6159090651846855e+15 1.8108432131544705 -3.4325771033763885
1.6214076780296275e+15 1.7898430656090447 -3.4404836595058441
1.6269250015457828e+15 1.7691078313069322 -3.4484110772609711
1.6324610994017810e+15 1.7486209658286445 -3.4563757479190826
1.6380160354829228e+15 1.7286468600819254 -3.4642510116100311
1.6435898738918915e+15 1.7090526798043897 -3.4720711410045624
1.6491826789494990e+15 1.6896494262884534 -3.4799151122570038
1.6547945151954272e+15 1.6704206835018685 -3.4877948462963104
1.6604254473889742e+15 1.6513545759043087 -3.4956909716129303
1.6660755405098010e+15 1.6324366845238532 -3.5036034882068634
1.6717448597586805e+15 1.6136512100296883 -3.5115532577037811
1.6774334705582520e+15 1.5949900537043991 -3.5195194184780121
1.6831414385537732e+15 1.5764389100697445 -3.5274989902973175
1.6888688296138810e+15 1.5579837891139414 -3.5355143249034882
1.6946157098313490e+15 1.5395420218682230 -3.5435788333415985
1.7003821455238582e+15 1.5211362932891561 -3.5516910254955292
1.7061682032347350e+15 1.5027982618499283 -3.5598151385784149
1.7119739497337595e+15 1.4845034787891409 -3.5679720342159271
1.7177994520179095e+15 1.4662586644261213 -3.5761497914791107
1.7236447773121395e+15 1.4480430977162710 -3.5843394696712494
1.7295099930701578e+15 1.4298342010783474 -3.5925664007663727
1.7353951669752030e+15 1.4116386676358250 -3.6008156836032867
1.7413003669408270e+15 1.3934349714432228 -3.6090858280658722
1.7472256611116772e+15 1.3752270504002391 -3.6173768341541290
1.7531711178642840e+15 1.3573755927272495 -3.6255158483982086
1.7591368058078490e+15 1.3394826239039368 -3.6336801946163177
1.7651227937850372e+15 1.3215470153353286 -3.6418505012989044
1.7711291508727718e+15 1.3035426748143253 -3.6500580608844757
1.7771559463830368e+15 1.2854627956008071 -3.6582775413990021
1.7832032498636508e+15 1.2673012264014631 -3.6665268242359161
1.7892711310991098e+15 1.2490280377143728 -3.6748059093952179
1.7953596601113662e+15 1.2306653738488451 -3.6830894649028778
1.8014689071606430e+15 1.2121704387018850 -3.6913953721523285
1.8075989427462438e+15 1.1938936594559222 -3.6995716392993927
1.8137498376073675e+15 1.1759507848967858 -3.7075527012348175
1.8199216627239248e+15 1.1578632706164238 -3.7155546247959137
1.8261144893173558e+15 1.1396037173763391 -3.7235714495182037
1.8323283888514532e+15 1.1211785937590582 -3.7316031754016876
1.8385634330331868e+15 1.1025542258656484 -3.7396512925624847
1.8448196938135305e+15 1.0837254666489644 -3.7477232515811920
1.8510972433882930e+15 1.0646794737271359 -3.7558130919933319
1.8573961541989580e+15 1.0454026720098548 -3.7639059126377106
1.8637164989334910e+15 1.0258667913929702 -3.7720389664173126
1.8700583505272220e+15 1.0059919542152858 -3.7802048027515411
1.8764217821636580e+15 0.9857831442805345 -3.7884108722209930
1.8828068672753345e+15 0.9652747892567182 -3.7966378033161163
1.8892136795446635e+15 0.9444580228474703 -3.8048736751079559
1.8956422929047830e+15 0.9232794119750510 -3.8131467998027802
1.9020927815404105e+15 0.9017493571678281 -3.8214333355426788
1.9085652198886995e+15 0.8798445548854411 -3.8297303020954132
1.9150596826400982e+15 0.8575483918086642 -3.8380466401576996
1.9215762447392110e+15 0.8348446739683246 -3.8463734090328217
1.9281149813856718e+15 0.8116624615810302 -3.8547299802303314
1.9346759680349795e+15 0.7878611731252028 -3.8631565868854523
1.9412592803994175e+15 0.7635648260630080 -3.8716115057468414
1.9478649944488940e+15 0.7387234786533751 -3.8800798356533051
1.9544931864118280e+15 0.7133486509392258 -3.8885541260242462
1.9611439327760285e+15 0.6873826773518837 -3.8970492780208588
1.9678173102895768e+15 0.6607787776254614 -3.9055682718753815
1.9745133959617122e+15 0.6335349273487643 -3.9141096174716949
1.9812322670637220e+15 0.6055697041682310 -3.9226628839969635
1.9879740011298310e+15 0.5768900139605364 -3.9312280714511871
1.9947386759580980e+15 0.5484857520027853 -3.9395160973072052
2.0015263696113122e+15 0.5194428382423359 -3.9477817714214325
2.0083371604178958e+15 0.4896192662137225 -3.9560385048389435
2.0151711269728140e+15 0.4588881498868287 -3.9643384516239166
2.0220283481384508e+15 0.4272474071258698 -3.9726369082927704
2.0289089030455675e+15 0.3946602029021588 -3.9809532463550568
2.0358128710941832e+15 0.3610201176254264 -3.9892874658107758
2.0427403319544990e+15 0.3262692679896032 -3.9976395666599274
2.0496913655678182e+15 0.2903686015748675 -4.0059946477413177
2.0566660521474678e+15 0.2535643058155366 -4.0142960846424103
2.0636644721797248e+15 0.2158153547854390 -4.0225185453891754
2.0706867064247445e+15 0.1766783443278792 -4.0307767689228058
2.0777328359174930e+15 0.1361025298560475 -4.0390335023403168
2.0848029419686822e+15 0.0939553412660063 -4.0473081171512604
2.0918971061657075e+15 0.0501405369266641 -4.0555916726589203
2.0990154103735900e+15 0.0045196756224454 -4.0638916194438934
2.1061579367359295e+15 -0.0430437152443329 -4.0722094476222992
2.1133247676758185e+15 -0.0926501346840641 -4.0805377066135406
2.1205159858968438e+15 -0.1443252381460886 -4.0888465940952301
2.1277316743840078e+15 -0.1976948257985796 -4.0970660746097565
2.1349719164046938e+15 -0.2535665855282626 -4.1052855551242828
2.1422367955096275e+15 -0.3121526757106770 -4.1135318577289581
2.1495263955338408e+15 -0.3736978502175319 -4.1217811405658722
2.1568408005976388e+15 -0.4384517849751204 -4.1300542652606964
2.1641800951075718e+15 -0.5066737981660890 -4.1383273899555206
2.1715443637574082e+15 -0.5786766819282773 -4.1466094553470612
2.1789336915291125e+15 -0.6548031841664621 -4.1549108922481537
2.1863481636938250e+15 -0.7355223698487549 -4.1632242500782013
2.1937878658128475e+15 -0.8217578991939427 -4.1715897619724274
2.2012528837386380e+15 -0.9136832754000132 -4.1799850761890411
2.2087433036157660e+15 -1.0117660091409206 -4.1883908212184906
2.2162592118819610e+15 -1.1167158291495018 -4.1968129575252533
2.2238006952690735e+15 -1.2293121626808654 -4.2052336037158966
2.2313678408040855e+15 -1.3504083431543770 -4.2136721312999725
2.2389607358101130e+15 -1.4811313414003762 -4.2221240699291229
2.2465794679074165e+15 -1.6227060861305291 -4.2305804789066315
2.2542241250144095e+15 -1.7766081016270552 -4.2390741407871246
2.2618947953486745e+15 -1.9386050117881319 -4.2472608387470245
2.2695915674279810e+15 -2.1149918719555845 -4.2554475367069244
2.2773145300713060e+15 -2.3085311572004357 -4.2636357247829437
2.2850637723998690e+15 -2.5219563352953727 -4.2718224227428436
2.2928393838381235e+15 -2.7586108345618090 -4.2800344526767731
2.3006414541148445e+15 -3.0225153681687060 -4.2882405221462250
2.3084700732641255e+15 -3.3188849886854683 -4.2964674532413483
2.3163253316264290e+15 -3.6541772871959401 -4.3046988546848297
2.3242073198496275e+15 -4.0367575209427793 -4.3129421770572662
2.3321161288900500e+15 -4.4806489497731148 -4.3212451040744781
2.3400518500135315e+15 -4.9995001059713839 -4.3295688927173615
2.3480145747964660e+15 -5.6129218664431946 -4.3379001319408417
2.3560043951268635e+15 -6.3496442491021288 -4.3462432920932770
2.3640214032054115e+15 -7.2513240760537725 -4.3545894324779510
2.3720656915465360e+15 -8.3807548314658753 -4.3629504740238190
2.3801373529794725e+15 -9.8372363583517810 -4.3713398277759552
2.3882364806493450e+15 -11.7881560081648882 -4.3797008693218231
2.3963631680182015e+15 -14.5368019236565615 -4.3881140649318695
2.4045175088661530e+15 -18.5457169734759795 -4.3962396681308746
2.4126995972924150e+15 -25.1685876670812014 -4.4043548405170441
2.4209095277164035e+15 -38.2811729270134151 -4.4124744832515717
2.4291473948788245e+15 -76.6002674313874650 -4.4206269085407257
2.4374132938427685e+15 -2053.7907425627090561 -4.4287391006946564
2.4457073199948060e+15 86.1305636688944105 -4.4368885457515717
2.4540295690460885e+15 42.9802921010080681 -4.4450499117374420
2.4623801370334535e+15 28.9735374050471712 -4.4531948864459991
2.4707591203205325e+15 22.0382727374173761 -4.4613488018512726
2.4791666155988630e+15 17.9400370184582414 -4.4694192707538605
2.4876027198890045e+15 15.2059474636716931 -4.4774614274501801
2.4960675305416680e+15 13.2497494487075720 -4.4855363667011261
2.5045611452387985e+15 11.7797302747773180 -4.4935829937458038
2.5130836619947635e+15 10.6344638452325526 -4.5016624033451080
2.5216351791574440e+15 9.7168728935637176 -4.5097343623638153
2.5302157954093790e+15 8.9647391400461576 -4.5178182423114777
2.5388256097689035e+15 8.3366860711617612 -4.5258902013301849
2.5474647215912930e+15 7.8044313593755597 -4.5339994132518768
2.5561332305699075e+15 7.3397795628222218 -4.5422203838825226
2.5648312367373450e+15 6.9369207330741594 -4.5504458248615265
2.5735588404665935e+15 6.5845361396630500 -4.5586921274662018
2.5823161424721900e+15 6.2734921560745631 -4.5669548213481903
2.5911032438113830e+15 5.9966012873471968 -4.5752115547657013
2.5999202458852985e+15 5.7485733792987928 -4.5834504067897797
2.6087672504401200e+15 5.5250618425366644 -4.5917235314846039
2.6176443595682220e+15 5.3224510331434427 -4.6000011265277863
2.6265516757094100e+15 5.1407005653146980 -4.6081550419330597
2.6354893016520610e+15 4.9801679424130763 -4.6159870922565460
2.6444573405343200e+15 4.8319094468597630 -4.6238236129283905
2.6534558958452905e+15 4.6945366694563209 -4.6316586434841156
2.6624850714262285e+15 4.5667962408104747 -4.6395026147365570
2.6715449714717410e+15 4.4476115586133851 -4.6473555266857147
2.6806357005309875e+15 4.3361342031304231 -4.6552009880542755
2.6897573635088885e+15 4.2315221184927134 -4.6630524098873138
2.6989100656673335e+15 4.1331493671588175 -4.6708919107913971
2.7080939126264095e+15 4.0396428741113564 -4.6788252890110016
2.7173090103655725e+15 3.9505677618522945 -4.6867884695529938
2.7265554652249400e+15 3.8663956116659199 -4.6947948634624481
2.7358333839064710e+15 3.7866211911558292 -4.7028116881847382
2.7451428734752110e+15 3.7108317445350298 -4.7107912600040436
2.7544840413605250e+15 3.6387228644798428 -4.7187753021717072
2.7638569953573405e+15 3.5700273953148569 -4.7267876565456390
2.7732618436273865e+15 3.5044440198278730 -4.7347925603389740
2.7826986947004475e+15 3.4417281832041144 -4.7428004443645477
2.7921676574756110e+15 3.3830923143348097 -4.7506220638751984
2.8016688412225270e+15 3.3270731443503250 -4.7583900392055511
2.8112023555826675e+15 3.2731672089873864 -4.7661505639553070
2.8207683105705935e+15 3.2212392362186439 -4.7739230096340179
2.8303668165752335e+15 3.1711249045664798 -4.7816939651966095
2.8399979843611130e+15 3.1227157974469630 -4.7894679009914398
2.8496619250697030e+15 3.0758848844651556 -4.7972433269023895
2.8593587502206525e+15 3.0305168776991867 -4.8050127923488617
2.8690885717130910e+15 2.9866711574168847 -4.8127569258213043
2.8788515018269180e+15 2.9446644936431992 -4.8203922808170319
2.8886476532240985e+15 2.9038083527214171 -4.8280365765094757
2.8984771389499640e+15 2.8640194381632686 -4.8356913030147552
2.9083400724345160e+15 2.8252326096559277 -4.8433192074298859
2.9182365674937350e+15 2.7873776568504729 -4.8509500920772552
2.9281667383308955e+15 2.7503940322360538 -4.8585705459117889
2.9381306995378820e+15 2.7142242418802383 -4.8662118613719940
2.9481285660965120e+15 2.6788137083516999 -4.8738457262516022
2.9581604533798755e+15 2.6439979282147097 -4.8815123736858368
2.9682264771536175e+15 2.6097349777533161 -4.8892028629779816
2.9783267535773455e+15 2.5760981580082256 -4.8968784511089325
2.9884613992059240e+15 2.5430413539743868 -4.9045570194721222
2.9986305309908300e+15 2.5105190236602173 -4.9122400581836700
3.0088342662815015e+15 2.4785041926924460 -4.9199111759662628
3.0190727228266945e+15 2.4469421555118718 -4.9275927245616913
3.0293460187758395e+15 2.4157970420095247 -4.9352638423442841
3.0396542726804060e+15 2.3850719195757537 -4.9429319798946381
3.0499976034952705e+15 2.3552929560787814 -4.9504466354846954
3.0603761305800880e+15 2.3258126360427243 -4.9579583108425140
3.0707899737006835e+15 2.2965740590368142 -4.9654863774776459
3.0812392530303710e+15 2.2675990199364882 -4.9729727208614349
3.0917240891514780e+15 2.2388140821990237 -4.9804829061031342
3.1022446030565605e+15 2.2101940720188571 -4.9879841506481171
3.1128009161499395e+15 2.1817204610846712 -4.9954958260059357
3.1233931502490365e+15 2.1533810178765869 -5.0029836595058441
3.1340214275857935e+15 2.1254622313021132 -5.0103954970836639
3.1446858708080840e+15 2.0979654316919163 -5.0176896154880524
3.1553866029811265e+15 2.0704818877132887 -5.0249926745891571
3.1661237475889060e+15 2.0429826881074198 -5.0323061645030975
3.1768974285355985e+15 2.0154629609189221 -5.0396002829074860
3.1877077701470010e+15 1.9879046064848962 -5.0468586385250092
3.1985548971719665e+15 1.9601871358682565 -5.0541885197162628
3.2094389347838560e+15 1.9324195813321554 -5.0614513456821442
3.2203600085819300e+15 1.9044408239872417 -5.0687499344348907
3.2313182445928795e+15 1.8759161250612757 -5.0761260092258453
3.2423137692722230e+15 1.8471496504920830 -5.0835274159908295
3.2533467095057840e+15 1.8181879088506934 -5.0909049808979034
3.2644171926111520e+15 1.7889596231350626 -5.0982885062694550
3.2755253463391525e+15 1.7594449345684555 -5.1056273281574249
3.2866712988753215e+15 1.7295829809896353 -5.1129885017871857
3.2978551788413840e+15 1.6993350902450273 -5.1203541457653046
3.3090771152967395e+15 1.6686837528415301 -5.1277182996273041
3.3203372377399505e+15 1.6379712075853317 -5.1349870860576630
3.3316356761102365e+15 1.6068441526853177 -5.1422469317913055
3.3429725607889750e+15 1.5752390271664363 -5.1494754850864410
3.3543480226012170e+15 1.5430325891746886 -5.1567010581493378
3.3657621928171460e+15 1.5102470608822454 -5.1639176905155182
3.3772152031536710e+15 1.4767134526441079 -5.1711626350879669
3.3887071857758935e+15 1.4424971776791433 -5.1783733069896698
3.4002382732986460e+15 1.4074776481773947 -5.1855780184268951
3.4118085987880240e+15 1.3720593991689021 -5.1927007734775543
3.4234182957629185e+15 1.3363056665923250 -5.1996879279613495
3.4350674981965590e+15 1.2995985513862012 -5.2066840231418610
3.4467563405180590e+15 1.2618800565565347 -5.2136801183223724
3.4584849576139665e+15 1.2230331600455322 -5.2206464111804962
3.4702534848298230e+15 1.1829507079476613 -5.2276305854320526
3.4820620579717210e+15 1.1415379706678275 -5.2346162497997284
3.4939108133078760e+15 1.0987884118083833 -5.2415572106838226
3.5057998875702100e+15 1.0544376188441849 -5.2485309541225433
3.5177294179558735e+15 1.0084789418902320 -5.2554808557033539
3.5296995421289135e+15 0.9606962698551864 -5.2624605596065521
3.5417103982218075e+15 0.9110674651184065 -5.2693702280521393
3.5537621248370680e+15 0.8592959087832511 -5.2762888371944427
3.5658548610488445e+15 0.8052030073999075 -5.2832223474979401
3.5779887464045285e+15 0.7486295732691488 -5.2901394665241241
3.5901639209263630e+15 0.6893346119140884 -5.2970685064792633
3.6023805251130575e+15 0.6271176477933367 -5.3039558231830597
3.6146386999414110e+15 0.5626447465707076 -5.3107731044292450
3.6269385868679385e+15 0.4949107127478488 -5.3175248205661774
3.6392803278305170e+15 0.4233001334338562 -5.3242988884449005
3.6516640652499500e+15 0.3474444475871651 -5.3310476243495941
3.6640899420317760e+15 0.2670519062519733 -5.3377695381641388
3.6765581015677065e+15 0.1813420355049192 -5.3445242345333099
3.6890686877374455e+15 0.0898496844501009 -5.3512744605541229
3.7016218449102765e+15 -0.0080568983506288 -5.3579904139041901
3.7142177179467430e+15 -0.1136539569327810 -5.3647570312023163
3.7268564522003185e+15 -0.2277093724472147 -5.3715072572231293
3.7395381935190860e+15 -0.3511227229573380 -5.3782515227794647
3.7522630882474195e+15 -0.4852176308046156 -5.3849913179874420
3.7650312832276735e+15 -0.6316012418167581 -5.3917236626148224
3.7778429258018785e+15 -0.7920483533286662 -5.3984411060810089
3.7906981638134390e+15 -0.9689062494844420 -5.4051257669925690
3.8035971456088565e+15 -1.1651294021376299 -5.4118670523166656
3.8165400200393795e+15 -1.3793997330070620 -5.4184384644031525
3.8295269364628140e+15 -1.6165818766981621 -5.4249338805675507
3.8425580447451845e+15 -1.8840593740697575 -5.4313771426677704
3.8556334952624795e+15 -2.1888438204394376 -5.4378874599933624
3.8687534389023870e+15 -2.5388499521841679 -5.4443128407001495
3.8819180270660350e+15 -2.9459817880092993 -5.4507784545421600
3.8951274116697395e+15 -3.4253309102977503 -5.4572127759456635
3.9083817451467565e+15 -3.9986577679056139 -5.4636277258396149
3.9216811804490420e+15 -4.6981174929083167 -5.4700620472431183
3.9350258710490170e+15 -5.5716690819706178 -5.4764904081821442
3.9484159709413370e+15 -6.6918585673622131 -5.4829306900501251
3.9618516346446720e+15 -8.1813866901021175 -5.4893456399440765
3.9753330172035030e+15 -10.2606396727652349 -5.4957546293735504
3.9888602741898475e+15 -13.3688551117702819 -5.5021367967128754
4.0024335617051520e+15 -18.5245182793749201 -5.5085487663745880
4.0160530363820290e+15 -28.7578044885668369 -5.5149279534816742
4.0297188553860795e+15 -58.7873505966875669 -5.5212743580341339
4.0434311764177075e+15 -1861.7092974097624847 -5.5276282131671906
4.0571901577139405e+15 67.4540990467419590 -5.5339835584163666
4.0709959580502535e+15 34.2441003172459588 -5.5402703583240509
4.0848487367424030e+15 23.4293463256375176 -5.5466122925281525
4.0987486536482650e+15 18.0637092392062613 -5.5529095232486725
4.1126958691696800e+15 14.8558161639429915 -5.5592246353626251
4.1266905442543025e+15 12.7208375669432154 -5.5655054748058319
4.1407328403974605e+15 11.2120601150833554 -5.5717103183269501
4.1548229196440350e+15 10.0908526832745444 -5.5778272449970245
4.1689609445902610e+15 9.2135747447205745 -5.5839516222476959
4.1831470783857075e+15 8.5074806812057933 -5.5900432169437408
4.1973814847350920e+15 7.9265983500527515 -5.5961035192012787
4.2116643279001860e+15 7.4402211070741986 -5.6021727621555328
4.2259957727017090e+15 7.0266452535509725 -5.6082405149936676
4.2403759845212350e+15 6.6704972763128598 -5.6142799556255341
4.2548051293030965e+15 6.3617244236217703 -5.6203015148639679
4.2692833735563005e+15 6.0917724509788389 -5.6262828409671783
4.2838108843564525e+15 5.8520364055783256 -5.6322388350963593
4.2983878293476805e+15 5.6375961995520116 -5.6381665170192719
4.3130143767445915e+15 5.4446084530433634 -5.6441418826580048
4.3276906953341205e+15 5.2696871727217403 -5.6500397622585297
4.3424169544776750e+15 5.1106092541817754 -5.6559808552265167
4.3571933241128410e+15 4.9649211982408143 -5.6618712842464447
4.3720199747555390e+15 4.8304578929969235 -5.6678108870983124
4.3868970775019030e+15 4.7058104059447485 -5.6737773120403290
4.4018248040302725e+15 4.5904008434348818 -5.6796543300151825
4.4168033266031740e+15 4.4832742346294294 -5.6856222450733185
4.4318328180693085e+15 4.3833975350662335 -5.6915365159511566
4.4469134518655460e+15 4.2899535385722247 -5.6974031031131744
4.4620454020189280e+15 4.2023710592775716 -5.7033114135265350
4.4772288431486745e+15 4.1199856496600162 -5.7091973721981049
4.4924639504681995e+15 4.0431376280311877 -5.7150341570377350
4.5077508997871510e+15 3.9707579039233938 -5.7207830250263214
4.5230898675133670e+15 3.9021069395587729 -5.7265691459178925
4.5384810306550220e+15 3.8368155978128917 -5.7323299348354340
4.5539245668225920e+15 3.7745954541890212 -5.7380594313144684
4.5694206542309300e+15 3.7151909207011720 -5.7437635958194733
4.5849694717013150e+15 3.6583570528201412 -5.7494960725307465
4.6005711986635200e+15 3.6038803974781022 -5.7551734149456024
4.6162260151578810e+15 3.5520215566675750 -5.7608567178249359
4.6319341018373760e+15 3.5021717198060194 -5.7664655148983002
4.6476956399697070e+15 3.4541062874852457 -5.7721026241779327
4.6635108114393940e+15 3.4076852046270889 -5.7777084410190582
4.6793797987498750e+15 3.3627724597903486 -5.7833187282085419
4.6953027850256080e+15 3.3192711032475626 -5.7888753712177277
4.7112799540142060e+15 3.2770424479519709 -5.7944603264331818
4.7273114900884840e+15 3.2360256023738607 -5.8000393211841583
4.7433975782486930e+15 3.1962421473643450 -5.8055408298969269
4.7595384041245870e+15 3.1574377511185454 -5.8110706508159637
4.7757341539775790e+15 3.1195631226454195 -5.8165661990642548
4.7919850147028940e+15 3.0825198197889283 -5.8220930397510529
4.8082911738317200e+15 3.0462707885233216 -5.8275662362575531
4.8246528195333800e+15 3.0107078219364531 -5.8330558240413666
4.8410701406174960e+15 2.9758121784459122 -5.8384828269481659
4.8575433265361740e+15 2.9418131432507795 -5.8438993990421295
4.8740725673861850e+15 2.9088097109314162 -5.8492042124271393
4.8906580539111620e+15 2.8762141705687130 -5.8545105159282684
4.9072999775038000e+15 2.8440367679752714 -5.8597870171070099
4.9239985302080850e+15 2.8121423289090868 -5.8650977909564972
4.9407539047214290e+15 2.7805787903316159 -5.8703802525997162
4.9575662943970160e+15 2.7492771808611489 -5.8756344020366669
4.9744358932459500e+15 2.7181696326520637 -5.8808796107769012
4.9913628959395190e+15 2.6872074033985496 -5.8861218392848969
5.0083474978114330e+15 2.6563747859565248 -5.8913327753543854
5.0253898948600880e+15 2.6256436165646595 -5.8965198695659637
5.0424902837508210e+15 2.5948977775942876 -5.9017397463321686
5.0596488618181820e+15 2.5642028226935598 -5.9069119393825531
5.0768658270682100e+15 2.5333870167399217 -5.9121154248714447
5.0941413781807180e+15 2.5025431577305741 -5.9172607958316803
5.1114757145116100e+15 2.4715437448704538 -5.9224046766757965
5.1288690360950720e+15 2.4405768366844032 -5.9275157749652863
5.1463215436461130e+15 2.4093078507416852 -5.9326373040676117
5.1638334385625880e+15 2.3778124768576894 -5.9376962482929230
5.1814049229277530e+15 2.3459809855295854 -5.9427820146083832
5.1990361995124900e+15 2.3137013678193843 -5.9478469192981720
5.2167274717776720e+15 2.2810531539960772 -5.9528820216655731
5.2344789438765060e+15 2.2478143562062654 -5.9579424560070038
5.2522908206568910e+15 2.2144513985720291 -5.9628956019878387
5.2701633076637840e+15 2.1807932322544050 -5.9678249061107635
5.2880966111415700e+15 2.1464814179855094 -5.9727333486080170
5.3060909380364400e+15 2.1113720106605873 -5.9775806963443756
5.3241464959987830e+15 2.0753661801666703 -5.9824950993061066
5.3422634933856010e+15 2.0385127066439281 -5.9873603284358978
5.3604421392628290e+15 2.0006058707492622 -5.9922166168689728
5.3786826434078740e+15 1.9616353576845258 -5.9970162808895111
5.3969852163119560e+15 1.9213884394245102 -6.0018397867679596
5.4153500691825490e+15 1.8798094309379780 -6.0066558420658112
5.4337774139458270e+15 1.8367256172653981 -6.0114465653896332
5.4522674632491040e+15 1.7919897982488830 -6.0162775218486786
5.4708204304632920e+15 1.7455823271430349 -6.0210146009922028
5.4894365296853600e+15 1.6971017097947809 -6.0257948935031891
5.5081159757408040e+15 1.6465219085866183 -6.0305245220661163
5.5268589841861320e+15 1.5934403485583513 -6.0352675616741180
5.5456657713113440e+15 1.5373717611252948 -6.0400448739528656
5.5645365541424320e+15 1.4784706735714708 -6.0447730123996735
5.5834715504439080e+15 1.4161906080222699 -6.0495145618915558
5.6024709787212230e+15 1.3502973827479303 -6.0542516410350800
5.6215350582234260e+15 1.2802953228795195 -6.0589484870433807
5.6406640089456040e+15 1.2057362856898048 -6.0636438429355621
5.6598580516314430e+15 1.1259039687334700 -6.0683585703372955
5.6791174077757770e+15 1.0423752046798342 -6.0728885233402252
5.6984422996271380e+15 0.9525043269988973 -6.0774512588977814
5.7178329501903300e+15 0.8554053186756095 -6.0819782316684723
5.7372895832289940e+15 0.7500397443154286 -6.0864947736263275
5.7568124232681940e+15 0.6350557448229548 -6.0910396277904510
5.7764016955970090e+15 0.5090337846847146 -6.0955084860324860
5.7960576262711310e+15 0.3701128161235072 -6.0999609529972076
5.8157804421154710e+15 0.2164708042488141 -6.1044104397296906
5.8355703707268080e+15 0.0453692307815568 -6.1088629066944122
5.8554276404763120e+15 -0.1471058666184806 -6.1132840812206268
5.8753524805123260e+15 -0.3655189641458851 -6.1176605522632599
5.8953451207629180e+15 -0.6157399573524984 -6.1220683157444000
5.9154057919385490e+15 -0.9058790948082214 -6.1264045536518097
5.9355347255347480e+15 -1.2464521382443237 -6.1307944357395172
5.9557321538347700e+15 -1.6525548499831408 -6.1351425945758820
5.9759983099122890e+15 -2.1461827665417652 -6.1394788324832916
5.9963334276340770e+15 -2.7588892348312357 -6.1438061296939850
6.0167377416627100e+15 -3.5406591910386420 -6.1481155455112457
6.0372114874592730e+15 -4.5738049222699866 -6.1523951590061188
6.0577549012861030e+15 -6.0047671358737746 -6.1567135155200958
6.0783682202093890e+15 -8.1207411153382409 -6.1609856784343719
6.0990516821021850e+15 -11.5725955721833031 -6.1652965843677521
6.1198055256468020e+15 -18.1042533662277592 -6.1694644391536713
6.1406299903378410e+15 -35.4233212116735885 -6.1736308038234711
6.1615253164848280e+15 -223.1695606712248150 -6.1777614057064056
6.1824917452150150e+15 60.2846559087352816 -6.1819069087505341
6.2035295184761620e+15 28.2292809611026350 -6.1860255897045135
6.2246388790393260e+15 19.0924275116073687 -6.1901427805423737
6.2458200705016680e+15 14.7644777303623993 -6.1942659318447113
6.2670733372892590e+15 12.2376265914802911 -6.1983250081539154
6.2883989246599030e+15 10.5805509876673369 -6.2023915350437164
6.3097970787059680e+15 9.4094377654118198 -6.2064655125141144
6.3312680463572480e+15 8.5360645736107319 -6.2104903161525726
6.3528120753837150e+15 7.8598047881820845 -6.2145523726940155
6.3744294143985280e+15 7.3198244709245834 -6.2185458838939667
6.3961203128608010e+15 6.8783895608799117 -6.2225289642810822
6.4178850210785070e+15 6.5119085932557894 -6.2266014516353607
6.4397237902113660e+15 6.2044639016963776 -6.2304429709911346
6.4616368722737450e+15 5.9400967909527482 -6.2343455851078033
6.4836245201375650e+15 5.7097976855932098 -6.2382258474826813
6.5056869875352180e+15 5.5073852049023939 -6.2421061098575592
6.5278245290624970e+15 5.3277957435937315 -6.2459759414196014
6.5500374001815330e+15 5.1672554611709547 -6.2498308718204498
6.5723258572237440e+15 5.0226568683076573 -6.2536396086215973
6.5946901573927910e+15 4.8915481702950157 -6.2574781477451324
6.6171305587675750e+15 4.7721238278758245 -6.2612958252429962
6.6396473203051060e+15 4.6627435398475718 -6.2651105225086212
6.6622407018436520e+15 4.5621516483466955 -6.2688849866390228
6.6849109641056350e+15 4.4692086886017606 -6.2726609408855438
6.7076583687006600e+15 4.3829803659115862 -6.2764279544353485
6.7304831781285370e+15 4.3026955341276905 -6.2801770865917206
6.7533856557823110e+15 4.2281881376383321 -6.2838606536388397
6.7763660659513000e+15 4.1584928121349449 -6.2876082956790924
6.7994246738241440e+15 4.0928512440093368 -6.2912292778491974
6.8225617454918690e+15 4.0308747886918992 -6.2949188053607941
6.8457775479509530e+15 3.9721839431640991 -6.2985204160213470
6.8690723491064110e+15 3.9164615968820709 -6.3021562993526459
6.8924464177748820e+15 3.8634196256935756 -6.3057579100131989
6.9159000236877650e+15 3.8128269433864284 -6.3093759119510651
6.9394334374942140e+15 3.7644513400595168 -6.3129372894763947
6.9630469307644340e+15 3.7180699034368052 -6.3165180385112762
6.9867407759926980e+15 3.6735132311195962 -6.3200376927852631
7.0105152466005240e+15 3.6305901951914246 -6.3236571848392487
7.0343706169398270e+15 3.5891812336502973 -6.3271708786487579
7.0583071622960890e+15 3.5491358560849275 -6.3306994736194611
7.0823251588915290e+15 3.5106141040747900 -6.3341669738292694
7.1064248838882980e+15 3.4734247505343689 -6.3376091420650482
7.1306066153916710e+15 3.4372384055606942 -6.3410289585590363
7.1548706324532620e+15 3.4019225881603394 -6.3444472849369049
7.1792172150742690e+15 3.3674196850419147 -6.3478685915470123
7.2036466442085600e+15 3.3336353154954583 -6.3512466847896576
7.2281592017662400e+15 3.3005190841986090 -6.3545994460582733
7.2527551706164880e+15 3.2681842650478452 -6.3579626381397247
7.2774348345911520e+15 3.2365953750396677 -6.3612930476665497
7.3021984784878690e+15 3.2054507570352073 -6.3645370304584503
7.3270463880733880e+15 3.1746187717142740 -6.3678435981273651
7.3519788500868620e+15 3.1441158942242953 -6.3711129128932953
7.3769961522431610e+15 3.1138390714113848 -6.3743762671947479
7.4020985832361920e+15 3.0838072006545660 -6.3775934278964996
7.4272864327422270e+15 3.0538019252233837 -6.3808314502239227
7.4525599914232480e+15 3.0237655008680733 -6.3840456306934357
7.4779195509303030e+15 2.9937513864497305 -6.3872270286083221
7.5033654039068980e+15 2.9636958772258040 -6.3904471695423126
7.5288978439922560e+15 2.9335694285211207 -6.3936464488506317
7.5545171658248870e+15 2.9033524361976322 -6.3968040049076080
7.5802236650458630e+15 2.8728176598531330 -6.3999749720096588
7.6060176383022670e+15 2.8421262964394676 -6.4031414687633514
7.6318993832506090e+15 2.8111916693631436 -6.4062081277370453
7.6578691985602660e+15 2.7797548448824139 -6.4093492925167084
7.6839273839169250e+15 2.7478428766029745 -6.4124681055545807
7.7100742400260450e+15 2.7154525269909389 -6.4155228435993195
7.7363100686163240e+15 2.6823513638357608 -6.4185880124568939
7.7626351724431810e+15 2.6484999975988539 -6.4216710627079010
7.7890498552922540e+15 2.6141634759652721 -6.4246498048305511
7.8155544219828970e+15 2.5789843157738437 -6.4276494085788727
7.8421491783717400e+15 2.5427825477779251 -6.4306102693080902
7.8688344313560820e+15 2.5054040893049825 -6.4336039125919342
7.8956104888776300e+15 2.4667579778935083 -6.4365483820438385
7.9224776599259210e+15 2.4267210224872109 -6.4394362270832062
7.9494362545419220e+15 2.3848850615886330 -6.4423941075801849
7.9764865838216050e+15 2.3417523944294385 -6.4452596008777618
8.0036289599195420e+15 2.2967542247642849 -6.4481176435947418
8.0308636960525020e+15 2.2495055614197201 -6.4510159194469452
8.0581911065030680e+15 2.1998479160382978 -6.4538113772869110
8.0856115066232630e+15 2.1472896810239335 -6.4566202461719513
8.1131252128381900e+15 2.0916803872754941 -6.4594306051731110
8.1407325426497160e+15 2.0324700723113214 -6.4621992409229279
8.1684338146399690e+15 1.9691598218388686 -6.4650051295757294
8.1962293484753820e+15 1.9012734901813788 -6.4677692949771881
8.2241194649099140e+15 1.8281480259224892 -6.4705334603786469
8.2521044857891190e+15 1.7490622274546825 -6.4732752740383148
8.2801847340536940e+15 1.6629896319469517 -6.4760021865367889
8.3083605337432370e+15 1.5688746285612669 -6.4787499606609344
8.3366322099999870e+15 1.4653525034948960 -6.4813919365406036
