2.5692500000000000e+15 6.290000000e-03 6.300000000e-03 1.012817490e+06 4.397197329e+33 -5.175368353e-01 4.397199131e+33 5.743524700e-04 -2.017702097e-03 -1.456738858e-12 5.854545660e+00
2.5712500000000000e+15 9.187000000e-02 9.188000000e-02 1.015391916e+06 4.369187186e+33 -5.095643655e-01 4.369510879e+33 7.769039891e-03 -2.698120776e-02 -1.543077590e-12 7.090471310e+00
2.5732500000000000e+15 1.004400000e-01 1.004500000e-01 1.016057186e+06 4.364208076e+33 -5.079831714e-01 4.364578710e+33 8.330671419e-03 -2.886302044e-02 -1.333504137e-12 5.856961495e+00
2.5752500000000000e+15 1.058400000e-01 1.058500000e-01 1.016775771e+06 4.361026046e+33 -5.067230080e-01 4.361423622e+33 8.644582132e-03 -2.988943119e-02 -1.619181846e-12 6.047325919e+00
2.5772500000000000e+15 1.096600000e-01 1.096700000e-01 1.017568497e+06 4.358819856e+33 -5.055988408e-01 4.359233896e+33 8.838483569e-03 -3.050076166e-02 -1.212032916e-12 5.763176373e+00
2.5792500000000000e+15 1.124900000e-01 1.125000000e-01 1.017003674e+06 4.357234600e+33 -5.057677767e-01 4.357664954e+33 9.003429774e-03 -3.109016528e-02 -1.719961239e-12 5.952578076e+00
2.5812500000000000e+15 1.146200000e-01 1.146300000e-01 1.017665137e+06 4.356104417e+33 -5.049737463e-01 4.356541186e+33 9.083624705e-03 -3.132126888e-02 -1.604673201e-12 5.573423122e+00
7.0250000000000000e+15 6.420000000e-03 6.430000000e-03 8.735628706e+05 4.057965276e+33 -5.854509078e-01 4.057965570e+33 -1.921648992e-04 8.301732107e-04 -1.606426295e-12 5.463901691e+00
7.0050000000000000e+15 1.458000000e-02 1.459000000e-02 8.743411510e+05 4.060331543e+33 -5.851089287e-01 4.060333014e+33 -4.298295031e-04 1.854728115e-03 -2.428957604e-12 4.795102678e+00
6.9850000000000000e+15 1.966000000e-02 1.967000000e-02 8.747287544e+05 4.062744045e+33 -5.852766309e-01 4.062746643e+33 -5.712704432e-04 2.464705447e-03 -1.704075437e-12 5.082286118e+00
6.9650000000000000e+15 2.376000000e-02 2.377000000e-02 8.747338458e+05 4.065222010e+33 -5.859498609e-01 4.065225698e+33 -6.804657170e-04 2.938353801e-03 -1.808297636e-12 4.604169225e+00
6.9450000000000000e+15 2.738000000e-02 2.739000000e-02 8.762791675e+05 4.067787588e+33 -5.846877956e-01 4.067792239e+33 -7.657428381e-04 3.295501857e-03 -7.486696224e-13 4.509786126e+00
6.9250000000000000e+15 3.082000000e-02 3.083000000e-02 8.756342494e+05 4.070523737e+33 -5.862554317e-01 4.070529426e+33 -8.456984449e-04 3.649409575e-03 -4.788286733e-12 4.700514679e+00
