1.0907800000000000e+15 5.070000000e-03 5.080000000e-03 4.208401678e+33 2.973984522e+45 2.103748973e+00 3.130223764e+01 6.747528551e+01 5.679387120e+01 5.179859809e+01 4.820502743e+01
1.0907773214285714e+15 5.540000000e-03 0.000000000e+00 4.208277906e+33 2.974527293e+45 2.103914351e+00 3.702673869e+01 6.776992498e+01 5.690626206e+01 5.189732904e+01 4.888204724e+01
1.0907621428571429e+15 7.980000000e-03 0.000000000e+00 4.207452641e+33 2.972995787e+45 2.097697575e+00 4.036572765e+01 6.639356880e+01 5.589783634e+01 5.114489634e+01 4.865656503e+01
1.0907469642857142e+15 9.800000000e-03 0.000000000e+00 4.206644353e+33 2.972916301e+45 2.107905654e+00 3.626984421e+01 6.902455704e+01 5.778399916e+01 5.257080558e+01 4.934327013e+01
1.0907317857142858e+15 1.135000000e-02 0.000000000e+00 4.205827805e+33 2.972366084e+45 2.110868277e+00 3.486454785e+01 6.960174485e+01 5.831328889e+01 5.300723792e+01 4.957286154e+01
1.0907166071428571e+15 1.275000000e-02 0.000000000e+00 4.204983880e+33 2.971242191e+45 2.107197555e+00 4.013601325e+01 6.858140756e+01 5.767716433e+01 5.259228178e+01 4.985922955e+01
1.0903800000000000e+15 3.598000000e-02 3.599000000e-02 4.176834679e+33 2.939454490e+45 2.096531898e+00 6.194541563e+01 6.879563458e+01 5.821342291e+01 5.346220402e+01 5.349638258e+01
1.0911800000000000e+15 5.766000000e-02 5.767000000e-02 4.127773426e+33 2.889252678e+45 2.202438473e+00 8.442436603e+01 1.006549956e+02 8.525492777e+01 7.632886581e+01 7.140809812e+01
1.0915800000000000e+15 6.018000000e-02 6.019000000e-02 4.120940979e+33 2.882144856e+45 2.236530876e+00 9.355232415e+01 1.110051253e+02 9.630934389e+01 8.636837409e+01 7.977807992e+01
1.0919800000000000e+15 6.205000000e-02 6.206000000e-02 4.115805266e+33 2.877643685e+45 1.168829632e+00 -3.965031791e+01 3.588459181e+01 2.944337286e+01 2.560807327e+01 2.368049520e+01
1.0923800000000000e+15 6.354000000e-02 6.355000000e-02 4.111689857e+33 2.874009305e+45 0.000000000e+00 0.000000000e+00 0.000000000e+00 0.000000000e+00 0.000000000e+00 0.000000000e+00
1.0927800000000000e+15 6.475000000e-02 6.476000000e-02 4.108370358e+33 2.870383696e+45 0.000000000e+00 0.000000000e+00 0.000000000e+00 0.000000000e+00 0.000000000e+00 0.000000000e+00
1.0931800000000000e+15 6.577000000e-02 6.578000000e-02 4.105596105e+33 2.868143795e+45 0.000000000e+00 0.000000000e+00 0.000000000e+00 0.000000000e+00 0.000000000e+00 0.000000000e+00
1.0935800000000000e+15 6.662000000e-02 6.663000000e-02 4.103334948e+33 2.865483006e+45 0.000000000e+00 0.000000000e+00 0.000000000e+00 0.000000000e+00 0.000000000e+00 0.000000000e+00
1.0939800000000000e+15 6.735000000e-02 6.736000000e-02 4.101438100e+33 2.864794183e+45 0.000000000e+00 0.000000000e+00 0.000000000e+00 0.000000000e+00 0.000000000e+00 0.000000000e+00
1.0943800000000000e+15 6.796000000e-02 6.797000000e-02 4.099921904e+33 2.863319697e+45 0.000000000e+00 0.000000000e+00 0.000000000e+00 0.000000000e+00 0.000000000e+00 0.000000000e+00
