9.9630000000000000e+14 7.899000000e-02 1.135889252e+06 2.614813210e+33 2.911699387e+33 1.189007606e+45 1.596820859e-01 1.808512695e+00
9.8580000000000000e+14 9.060000000e-03 1.144458013e+06 2.790194097e+33 3.132597459e+33 1.328182404e+45 1.814625274e-01 1.839836502e+00
9.8600000000000000e+14 1.949000000e-02 1.143306724e+06 2.781625270e+33 3.121727063e+33 1.321112541e+45 1.803283128e-01 1.838121021e+00
9.8650000000000000e+14 3.241000000e-02 1.141684755e+06 2.762256809e+33 3.097193221e+33 1.305230274e+45 1.777868548e-01 1.834266805e+00
9.8674786602456475e+14 3.673000000e-02 1.144209542e+06 2.753593274e+33 3.086231695e+33 1.298166057e+45 1.766595598e-01 1.832554470e+00
9.8774786602456475e+14 4.881000000e-02 1.141091014e+06 2.723530528e+33 3.048249127e+33 1.273867178e+45 1.727986284e-01 1.826695424e+00
9.8874786602456475e+14 5.663000000e-02 1.141256973e+06 2.699467068e+33 3.017911625e+33 1.254652702e+45 1.697657602e-01 1.822118318e+00
9.8974786602456475e+14 6.229000000e-02 1.140332846e+06 2.679873901e+33 2.993263396e+33 1.239175753e+45 1.673386165e-01 1.818499831e+00
9.9074786602456475e+14 6.662000000e-02 1.138168666e+06 2.663727087e+33 2.972978981e+33 1.226536157e+45 1.653696736e-01 1.815622314e+00
9.9174786602456475e+14 7.004000000e-02 1.138361726e+06 2.650370522e+33 2.956219454e+33 1.216165908e+45 1.637661151e-01 1.813348258e+00
9.9274786602456475e+14 7.280000000e-02 1.138013126e+06 2.639299365e+33 2.942338389e+33 1.207637199e+45 1.624582514e-01 1.811570709e+00
9.9374786602456475e+14 7.504000000e-02 1.136601500e+06 2.630231299e+33 2.930980979e+33 1.200694166e+45 1.614046993e-01 1.810230060e+00
2.2254313026497515e+15 6.410000000e-03 1.038466362e+06 4.360820433e+33 5.356890719e+33 2.314973978e+45 8.144218262e-01 4.737544346e+00
2.2244313026497515e+15 7.860000000e-03 1.039135793e+06 4.360431848e+33 5.356247800e+33 2.314977488e+45 8.138796113e-01 4.734383068e+00
2.2234313026497515e+15 9.080000000e-03 1.038511336e+06 4.360035205e+33 5.355572150e+33 2.314972951e+45 8.133319338e-01 4.731206472e+00
2.2224313026497515e+15 1.016000000e-02 1.038994662e+06 4.359658624e+33 5.354961954e+33 2.314991832e+45 8.127989317e-01 4.728067399e+00
2.2214313026497515e+15 1.113000000e-02 1.039754272e+06 4.359260470e+33 5.354286121e+33 2.314997630e+45 8.122511303e-01 4.724868994e+00
2.2204313026497515e+15 1.203000000e-02 1.039726037e+06 4.358866062e+33 5.353624046e+33 2.314997832e+45 8.117065649e-01 4.721700842e+00
2.2194313026497515e+15 1.286000000e-02 1.038558193e+06 4.358474731e+33 5.352979795e+33 2.315015825e+45 8.111645099e-01 4.718511033e+00
2.2184313026497515e+15 1.365000000e-02 1.039326093e+06 4.358074514e+33 5.352304084e+33 2.315014757e+45 8.106169553e-01 4.715328105e+00
2.2174313026497515e+15 1.440000000e-02 1.039245870e+06 4.357674121e+33 5.351646526e+33 2.315007607e+45 8.100696270e-01 4.712158870e+00
2.2164313026497515e+15 1.511000000e-02 1.040367459e+06 4.357280441e+33 5.351005437e+33 2.315027617e+45 8.095273848e-01 4.708963956e+00
2.2154313026497515e+15 1.579000000e-02 1.040519887e+06 4.356875528e+33 5.350318986e+33 2.315029548e+45 8.089776937e-01 4.705762516e+00
2.2144313026497515e+15 1.644000000e-02 1.039452151e+06 4.356473005e+33 5.349649287e+33 2.315042801e+45 8.084301004e-01 4.702550285e+00
2.2134313026497515e+15 1.707000000e-02 1.039803135e+06 4.356068145e+33 5.348972541e+33 2.315048786e+45 8.078812381e-01 4.699345464e+00
2.2124313026497515e+15 1.769000000e-02 1.040209570e+06 4.355657115e+33 5.348291582e+33 2.315040492e+45 8.073288483e-01 4.696149105e+00
2.2114313026497515e+15 1.828000000e-02 1.040768871e+06 4.355246211e+33 5.347613010e+33 2.315048264e+45 8.067766896e-01 4.692921500e+00
2.2104313026497515e+15 1.886000000e-02 1.041047383e+06 4.354827092e+33 5.346905244e+33 2.315037167e+45 8.062192967e-01 4.689701692e+00
2.2094313026497515e+15 1.942000000e-02 1.041004250e+06 4.354412788e+33 5.346218873e+33 2.315046193e+45 8.056654200e-01 4.686461573e+00
2.2084313026497515e+15 1.997000000e-02 1.041299517e+06 4.353997540e+33 5.345537942e+33 2.315055830e+45 8.051116792e-01 4.683221033e+00
2.2074313026497515e+15 2.051000000e-02 1.040925325e+06 4.353571394e+33 5.344822812e+33 2.315049274e+45 8.045505137e-01 4.679970065e+00
2.2064313026497515e+15 2.104000000e-02 1.041351737e+06 4.353145818e+33 5.344116253e+33 2.315049646e+45 8.039902563e-01 4.676710366e+00
2.2054313026497515e+15 2.156000000e-02 1.041818179e+06 4.352718896e+33 5.343412499e+33 2.315054953e+45 8.034294095e-01 4.673437277e+00
2.2044313026497515e+15 2.208000000e-02 1.041770367e+06 4.352282432e+33 5.342683118e+33 2.315037762e+45 8.028622806e-01 4.670173047e+00
2.2034313026497515e+15 2.258000000e-02 1.041971777e+06 4.351852274e+33 5.341975934e+33 2.315060076e+45 8.022997155e-01 4.666855678e+00
2.2024313026497515e+15 2.309000000e-02 1.042024751e+06 4.351394672e+33 5.341201362e+33 2.315023598e+45 8.017186288e-01 4.663549066e+00
2.2014313026497515e+15 2.358000000e-02 1.042468249e+06 4.350956745e+33 5.340485052e+33 2.315051949e+45 8.011512755e-01 4.660191735e+00
2.2004313026497515e+15 2.408000000e-02 1.042103438e+06 4.350500319e+33 5.339728658e+33 2.315043126e+45 8.005713884e-01 4.656836356e+00
2.1994313026497515e+15 2.458000000e-02 1.042360686e+06 4.350035680e+33 5.338947644e+33 2.315032841e+45 7.999859654e-01 4.653451688e+00
2.1984313026497515e+15 2.508000000e-02 1.041405460e+06 4.349569384e+33 5.338186060e+33 2.315039671e+45 7.993996162e-01 4.650027226e+00
2.1974313026497515e+15 2.558000000e-02 1.042620248e+06 4.349085327e+33 5.337375841e+33 2.315038184e+45 7.988005550e-01 4.646545531e+00
2.1964313026497515e+15 2.610000000e-02 1.043127586e+06 4.348588739e+33 5.336560693e+33 2.315033034e+45 7.981929474e-01 4.643021464e+00
2.1954313026497515e+15 2.664000000e-02 1.043598487e+06 4.348065009e+33 5.335681294e+33 2.315016857e+45 7.975658215e-01 4.639405945e+00
2.1944313026497515e+15 2.721000000e-02 1.043658705e+06 4.347517279e+33 5.334783026e+33 2.315029398e+45 7.969206604e-01 4.635627959e+00
2.1934313026497515e+15 2.790000000e-02 1.042967682e+06 4.346879300e+33 5.333720057e+33 2.315016131e+45 7.962087040e-01 4.631513104e+00
3.8443939044398710e+15 2.470000000e-03 9.475132682e+05 4.328639906e+33 5.299028624e+33 2.029450553e+45 1.311612715e+00 8.703163483e+00
3.8433939044398710e+15 3.030000000e-03 9.475179714e+05 4.328764094e+33 5.299256734e+33 2.029695845e+45 1.311394093e+00 8.700661207e+00
3.8423939044398710e+15 3.490000000e-03 9.474242645e+05 4.328881480e+33 5.299464277e+33 2.029951786e+45 1.311167537e+00 8.698061275e+00
3.8413939044398710e+15 3.910000000e-03 9.479732820e+05 4.328999448e+33 5.299671616e+33 2.030177063e+45 1.310940569e+00 8.695590602e+00
3.8403939044398710e+15 4.280000000e-03 9.478381170e+05 4.329117383e+33 5.299880614e+33 2.030428545e+45 1.310714102e+00 8.693011607e+00
3.8393939044398710e+15 4.620000000e-03 9.471753726e+05 4.329234186e+33 5.300086082e+33 2.030680812e+45 1.310486197e+00 8.690420352e+00
3.8383939044398710e+15 4.940000000e-03 9.480991247e+05 4.329354508e+33 5.300297264e+33 2.030923266e+45 1.310262322e+00 8.687898441e+00
3.8373939044398710e+15 5.240000000e-03 9.481214905e+05 4.329476143e+33 5.300519406e+33 2.031172139e+45 1.310040026e+00 8.685360157e+00
3.8363939044398710e+15 5.530000000e-03 9.479798685e+05 4.329596458e+33 5.300735441e+33 2.031399861e+45 1.309815297e+00 8.682896765e+00
3.8353939044398710e+15 5.800000000e-03 9.481247806e+05 4.329714687e+33 5.300943966e+33 2.031643957e+45 1.309588324e+00 8.680349094e+00
3.8343939044398710e+15 6.060000000e-03 9.488599157e+05 4.329834265e+33 5.301157019e+33 2.031881728e+45 1.309362741e+00 8.677838256e+00
3.8333939044398710e+15 6.300000000e-03 9.484057327e+05 4.329951871e+33 5.301367066e+33 2.032151924e+45 1.309135744e+00 8.675180221e+00
3.8323939044398710e+15 6.540000000e-03 9.476024348e+05 4.330067447e+33 5.301563121e+33 2.032386712e+45 1.308904819e+00 8.672647956e+00
3.8313939044398710e+15 6.770000000e-03 9.494266473e+05 4.330190888e+33 5.301792971e+33 2.032636984e+45 1.308683854e+00 8.670116215e+00
3.8303939044398710e+15 7.000000000e-03 9.477114744e+05 4.330309215e+33 5.301996116e+33 2.032844890e+45 1.308455327e+00 8.667715644e+00
3.8293939044398710e+15 7.210000000e-03 9.484391293e+05 4.330429248e+33 5.302210985e+33 2.033121095e+45 1.308230636e+00 8.665049870e+00
3.8283939044398710e+15 7.420000000e-03 9.484063990e+05 4.330554339e+33 5.302439077e+33 2.033372465e+45 1.308011251e+00 8.662525760e+00
3.8273939044398710e+15 7.630000000e-03 9.486828981e+05 4.330669643e+33 5.302643167e+33 2.033586919e+45 1.307778599e+00 8.660071632e+00
3.8263939044398710e+15 7.820000000e-03 9.495331476e+05 4.330789077e+33 5.302861300e+33 2.033869213e+45 1.307553206e+00 8.657377304e+00
3.8253939044398710e+15 8.020000000e-03 9.476838664e+05 4.330910880e+33 5.303070114e+33 2.034095874e+45 1.307328163e+00 8.654922747e+00
3.8243939044398710e+15 8.210000000e-03 9.481833636e+05 4.331029386e+33 5.303280264e+33 2.034338219e+45 1.307099797e+00 8.652380038e+00
3.8233939044398710e+15 8.390000000e-03 9.488750219e+05 4.331147373e+33 5.303491051e+33 2.034602922e+45 1.306871576e+00 8.649743844e+00
3.8223939044398710e+15 8.580000000e-03 9.489084208e+05 4.331277861e+33 5.303734616e+33 2.034824031e+45 1.306656490e+00 8.647380509e+00
3.8213939044398710e+15 8.750000000e-03 9.488270497e+05 4.331397031e+33 5.303939665e+33 2.035106580e+45 1.306429810e+00 8.644679981e+00
3.8203939044398710e+15 8.930000000e-03 9.490392500e+05 4.331516289e+33 5.304150511e+33 2.035335347e+45 1.306200741e+00 8.642192761e+00
3.8193939044398710e+15 9.100000000e-03 9.489761978e+05 4.331637419e+33 5.304365819e+33 2.035591398e+45 1.305974913e+00 8.639611725e+00
3.8183939044398710e+15 9.270000000e-03 9.487828523e+05 4.331757148e+33 5.304580158e+33 2.035831458e+45 1.305746637e+00 8.637082995e+00
3.8173939044398710e+15 9.430000000e-03 9.487971900e+05 4.331876498e+33 5.304797141e+33 2.036102740e+45 1.305519089e+00 8.634427271e+00
3.8163939044398710e+15 9.600000000e-03 9.491845497e+05 4.331999766e+33 5.305013237e+33 2.036326290e+45 1.305293555e+00 8.631987906e+00
3.8153939044398710e+15 9.760000000e-03 9.493683077e+05 4.332122189e+33 5.305230607e+33 2.036579444e+45 1.305068287e+00 8.629425394e+00
3.8143939044398710e+15 9.920000000e-03 9.493166595e+05 4.332245057e+33 5.305454829e+33 2.036824686e+45 1.304842877e+00 8.626896085e+00
3.8133939044398710e+15 1.007000000e-02 9.493241630e+05 4.332362727e+33 5.305654968e+33 2.037096540e+45 1.304612231e+00 8.624220116e+00
3.8123939044398710e+15 1.023000000e-02 9.494610089e+05 4.332486309e+33 5.305877634e+33 2.037323593e+45 1.304386198e+00 8.621764932e+00
3.8113939044398710e+15 1.038000000e-02 9.494769245e+05 4.332603008e+33 5.306082630e+33 2.037579559e+45 1.304152912e+00 8.619140063e+00
3.8103939044398710e+15 1.053000000e-02 9.495557220e+05 4.332731346e+33 5.306318039e+33 2.037840818e+45 1.303933500e+00 8.616585148e+00
3.8093939044398710e+15 1.068000000e-02 9.493043391e+05 4.332851428e+33 5.306529321e+33 2.038084448e+45 1.303703057e+00 8.614032514e+00
3.8083939044398710e+15 1.083000000e-02 9.495752924e+05 4.332969871e+33 5.306728482e+33 2.038308525e+45 1.303469401e+00 8.611541869e+00
3.8073939044398710e+15 1.098000000e-02 9.499313745e+05 4.333097959e+33 5.306960270e+33 2.038578599e+45 1.303235897e+00 8.608858525e+00
3.8063939044398710e+15 1.112000000e-02 9.499935802e+05 4.333228459e+33 5.307200179e+33 2.038888983e+45 1.303007245e+00 8.606037795e+00
3.8053939044398710e+15 1.127000000e-02 9.494942039e+05 4.333356738e+33 5.307429551e+33 2.039142025e+45 1.302772311e+00 8.603418366e+00
3.8043939044398710e+15 1.142000000e-02 9.498980623e+05 4.333483985e+33 5.307653661e+33 2.039392166e+45 1.302535341e+00 8.600798372e+00
3.8033939044398710e+15 1.156000000e-02 9.499346069e+05 4.333609081e+33 5.307872975e+33 2.039673010e+45 1.302297426e+00 8.598043358e+00
3.8023939044398710e+15 1.171000000e-02 9.499446148e+05 4.333740121e+33 5.308109408e+33 2.039914854e+45 1.302063368e+00 8.595478895e+00
3.8013939044398710e+15 1.185000000e-02 9.500086142e+05 4.333864367e+33 5.308325043e+33 2.040190999e+45 1.301822783e+00 8.592727479e+00
3.8003939044398710e+15 1.199000000e-02 9.502069559e+05 4.333996741e+33 5.308567095e+33 2.040470422e+45 1.301591460e+00 8.590024142e+00
3.7993939044398710e+15 1.213000000e-02 9.511075245e+05 4.334127670e+33 5.308799331e+33 2.040744793e+45 1.301357370e+00 8.587324541e+00
3.7983939044398710e+15 1.228000000e-02 9.501359677e+05 4.334260496e+33 5.309037279e+33 2.040967394e+45 1.301121707e+00 8.584833044e+00
3.7973939044398710e+15 1.242000000e-02 9.502137910e+05 4.334387310e+33 5.309257614e+33 2.041235792e+45 1.300880515e+00 8.582113061e+00
3.7963939044398710e+15 1.256000000e-02 9.499824302e+05 4.334518645e+33 5.309487813e+33 2.041513043e+45 1.300643931e+00 8.579386985e+00
3.7953939044398710e+15 1.270000000e-02 9.499099061e+05 4.334651674e+33 5.309728083e+33 2.041789681e+45 1.300408418e+00 8.576671286e+00
3.7943939044398710e+15 1.284000000e-02 9.499728902e+05 4.334786311e+33 5.309972632e+33 2.042075714e+45 1.300173815e+00 8.573922875e+00
3.7933939044398710e+15 1.298000000e-02 9.507373621e+05 4.334921573e+33 5.310211158e+33 2.042360141e+45 1.299938605e+00 8.571177977e+00
3.7923939044398710e+15 1.312000000e-02 9.504492651e+05 4.335053098e+33 5.310438124e+33 2.042643719e+45 1.299697463e+00 8.568398296e+00
3.7913939044398710e+15 1.326000000e-02 9.506766116e+05 4.335199357e+33 5.310711085e+33 2.042953322e+45 1.299473259e+00 8.565621915e+00
3.7903939044398710e+15 1.341000000e-02 9.507506100e+05 4.335339236e+33 5.310961987e+33 2.043223088e+45 1.299235727e+00 8.562925488e+00
3.7893939044398710e+15 1.356000000e-02 9.503653317e+05 4.335475255e+33 5.311198083e+33 2.043495820e+45 1.298991384e+00 8.560172459e+00
3.7883939044398710e+15 1.371000000e-02 9.499708869e+05 4.335618520e+33 5.311445066e+33 2.043811447e+45 1.298753562e+00 8.557283537e+00
3.7873939044398710e+15 1.387000000e-02 9.502329317e+05 4.335760482e+33 5.311690298e+33 2.044109944e+45 1.298507064e+00 8.554410039e+00
