2.1438000000000000e+15 4.090000000e-03 4.100000000e-03 4.717115390e+33 2.952122894e+45 2.014394492e+00 -1.615752193e+05 4.917493597e+00 8.629933400e+00 5.065782304e+01 6.811902655e+01
2.1439319754464285e+15 1.636000000e-02 0.000000000e+00 4.716270347e+33 2.951316938e+45 2.016738594e+00 -1.779537690e+04 5.022281318e+00 5.208964710e+00 2.630049256e+01 5.956206938e+01
2.1440756696428572e+15 2.316000000e-02 0.000000000e+00 4.715371031e+33 2.950433296e+45 2.015092359e+00 7.365492085e+04 5.002695756e+00 9.108275213e+00 6.112470435e+01 6.874790553e+01
2.1442193638392858e+15 2.829000000e-02 0.000000000e+00 4.714489113e+33 2.949605593e+45 2.014175147e+00 -9.817046051e+04 4.969253118e+00 9.409384031e+00 4.183217686e+01 3.276010263e+01
2.1443630580357142e+15 3.254000000e-02 0.000000000e+00 4.713626222e+33 2.948784493e+45 2.016530921e+00 -8.318762727e+04 5.034979116e+00 5.240074469e+00 1.517917041e+01 2.860672758e+01
2.1445067522321428e+15 3.621000000e-02 0.000000000e+00 4.712783160e+33 2.947965031e+45 2.012749875e+00 2.597989810e+05 4.993866019e+00 1.886500276e+01 6.825172589e+01 6.212381719e+01
2.1446504464285715e+15 3.951000000e-02 0.000000000e+00 4.711955767e+33 2.947176752e+45 2.017877577e+00 -8.948354948e+04 5.104397319e+00 3.742817398e+00 1.597420793e+01 2.671470151e+01
2.1447941406250000e+15 4.250000000e-02 0.000000000e+00 4.711138936e+33 2.946413972e+45 2.012592236e+00 -7.471747026e+04 4.996748406e+00 1.714830495e+01 4.889635912e+01 6.137294501e+01
2.1449378348214285e+15 4.524000000e-02 0.000000000e+00 4.710343656e+33 2.945641266e+45 2.014831721e+00 -2.375912328e+05 5.025589959e+00 6.297853055e+00 3.551351125e+01 1.765405682e+01
2.1450815290178572e+15 4.778000000e-02 0.000000000e+00 4.709557822e+33 2.944883642e+45 2.012945283e+00 2.811521426e+05 5.077991055e+00 1.626013713e+01 4.578858046e+01 6.005855066e+01
2.1452252232142858e+15 5.016000000e-02 0.000000000e+00 4.708789129e+33 2.944158192e+45 2.015102524e+00 -2.928554788e+05 5.062712027e+00 4.533980080e+00 2.169647977e+01 3.338383716e+01
2.1453689174107142e+15 5.239000000e-02 0.000000000e+00 4.708024383e+33 2.943462373e+45 2.015352876e+00 3.417834755e+05 5.225444773e+00 1.159101081e+01 1.573838040e+02 2.866002948e+03
2.1455126116071428e+15 5.452000000e-02 0.000000000e+00 4.707275764e+33 2.942734222e+45 2.016509599e+00 -2.305220664e+05 5.118190863e+00 4.153372534e+00 1.794088628e+01 7.234438557e+01
2.1456563058035715e+15 5.651000000e-02 0.000000000e+00 4.706539003e+33 2.942048482e+45 2.014025920e+00 4.938383156e+05 5.221336168e+00 1.456838182e+01 2.021264816e+02 1.038598182e+02
2.1458000000000000e+15 5.841000000e-02 0.000000000e+00 4.705825040e+33 2.941374010e+45 2.015425294e+00 -2.840826309e+05 5.123943304e+00 4.524402329e+00 2.557089223e+01 -1.759650051e+01
2.1458000000000000e+15 5.841000000e-02 5.842000000e-02 4.705815838e+33 2.941379586e+45 2.015144980e+00 1.019246106e+06 5.430995855e+00 2.364791902e+01 5.001489817e+02 8.484569407e+03
2.1478000000000000e+15 7.840000000e-02 7.841000000e-02 4.696891913e+33 2.933099134e+45 2.014687079e+00 1.540590846e+06 5.701247018e+00 3.198190764e+01 7.422146064e+02 1.305470662e+04
2.1498000000000000e+15 9.176000000e-02 9.177000000e-02 4.689613646e+33 2.926516803e+45 2.015001433e+00 -9.841672993e+05 5.439023487e+00 -2.122846996e+00 -3.461743740e+02 1.434184643e+01
2.1518000000000000e+15 1.017400000e-01 1.017500000e-01 4.683563192e+33 2.921149894e+45 2.015804858e+00 -3.452194378e+04 5.568721310e+00 3.020911781e+00 -3.863588504e+01 -2.770382495e+02
2.1538000000000000e+15 1.096000000e-01 1.096100000e-01 4.678476519e+33 2.916755450e+45 2.013698446e+00 -2.310261367e+04 5.922290153e+00 2.717881871e+01 5.950744930e+02 9.823553225e+03
2.1558000000000000e+15 1.160000000e-01 1.160100000e-01 4.674155541e+33 2.913098419e+45 2.016149948e+00 -4.349032994e+05 5.777942769e+00 1.130248346e+00 2.732940116e+02 3.938310806e+03
2.1578000000000000e+15 1.213400000e-01 1.213500000e-01 4.670453854e+33 2.910053506e+45 2.016698968e+00 -2.115082568e+06 5.386013601e+00 -3.216476989e+01 -4.350866766e+02 -1.770610079e+04
2.1598000000000000e+15 1.258400000e-01 1.258500000e-01 4.667303630e+33 2.907506067e+45 2.015562186e+00 -2.051564335e+06 5.537435547e+00 -2.740780441e+01 4.271482616e+00 -7.082372718e+03
2.1618000000000000e+15 1.296900000e-01 1.297000000e-01 4.664593514e+33 2.905354873e+45 2.015439552e+00 -1.100797800e+06 5.823459134e+00 -1.081092542e+01 7.254190999e+01 1.293411151e+03
2.1638000000000000e+15 1.330000000e-01 1.330100000e-01 4.662269109e+33 2.903573132e+45 2.014514217e+00 2.320882082e+06 6.557656854e+00 4.292048194e+01 1.062987555e+03 1.979469488e+04
2.1658000000000000e+15 1.358600000e-01 1.358700000e-01 4.660293373e+33 2.902082231e+45 2.016230547e+00 -3.510733025e+06 5.393365629e+00 -5.143291439e+01 -1.273875871e+03 -2.417395886e+04
2.1678000000000000e+15 1.383200000e-01 1.383300000e-01 4.658635853e+33 2.900871148e+45 2.028987782e+00 2.159911977e+05 6.781453480e+00 2.003233705e+01 1.731278512e+02 1.267561396e+03
2.1698000000000000e+15 1.404300000e-01 1.404400000e-01 4.657253855e+33 2.899889836e+45 2.063901710e+00 1.051878276e+04 8.453814061e+00 7.379863550e+00 8.891604639e+00 1.728535545e+01
2.1718000000000000e+15 1.422000000e-01 1.422100000e-01 4.656157331e+33 2.899137864e+45 0.000000000e+00 0.000000000e+00 0.000000000e+00 0.000000000e+00 0.000000000e+00 0.000000000e+00
