6.2645000000000000e+14 6.220000000e-04 6.221000000e-04 1.392486996e+06 2.862513650e+33 -1.819556716e-01 2.864750808e+33 9.834330451e-03 2.662404949e-03 -1.152273328e-12 6.296082132e+01
6.2545000000000000e+14 6.982000000e-04 6.983000000e-04 1.394273681e+06 2.853019605e+33 -1.809000726e-01 2.855552042e+33 1.097882223e-02 2.774144582e-03 -1.757785912e-12 6.097600286e+01
6.2445000000000000e+14 7.682000000e-04 7.683000000e-04 1.390236399e+06 2.843524073e+33 -1.807603468e-01 2.846720617e+33 1.199533798e-02 3.156511142e-03 -1.052261810e-12 5.898706423e+01
6.2345000000000000e+14 8.335000000e-04 8.336000000e-04 1.386485036e+06 2.834034617e+33 -1.805760208e-01 2.837924589e+33 1.292501905e-02 3.521440310e-03 -5.612676970e-13 5.699826389e+01
6.2245000000000000e+14 8.952000000e-04 8.953000000e-04 1.389687569e+06 2.824544919e+33 -1.793013562e-01 2.828422604e+33 1.381042456e-02 3.413786040e-03 -1.055296386e-12 5.700061718e+01
6.2145000000000000e+14 9.540000000e-04 9.541000000e-04 1.386204096e+06 2.815059871e+33 -1.790702975e-01 2.819587026e+33 1.461785180e-02 3.722956662e-03 -9.727216711e-13 5.898418585e+01
6.2045000000000000e+14 1.010500000e-03 1.010600000e-03 1.386084915e+06 2.805572920e+33 -1.783145250e-01 2.810337053e+33 1.539134289e-02 3.779185537e-03 -7.194724291e-13 5.997719210e+01
6.1945000000000000e+14 1.064900000e-03 1.065000000e-03 1.388232340e+06 2.796097678e+33 -1.772117506e-01 2.800722010e+33 1.613098720e-02 3.636235443e-03 -6.679820641e-13 6.395110196e+01
6.1845000000000000e+14 1.117600000e-03 1.117700000e-03 1.384732098e+06 2.786626421e+33 -1.769811963e-01 2.791888624e+33 1.681497937e-02 3.914562620e-03 -9.854761962e-13 6.096929003e+01
6.1745000000000000e+14 1.168800000e-03 1.168900000e-03 1.388014752e+06 2.777167557e+33 -1.757088200e-01 2.781952961e+33 1.749231475e-02 3.622486998e-03 -1.059654370e-12 5.799241857e+01
6.1645000000000000e+14 1.218800000e-03 1.218900000e-03 1.379873314e+06 2.767708261e+33 -1.761911792e-01 2.773971158e+33 1.809894576e-02 4.297175240e-03 -8.422636131e-13 5.798661002e+01
6.1545000000000000e+14 1.267700000e-03 1.267800000e-03 1.385218192e+06 2.758251057e+33 -1.746021811e-01 2.763487414e+33 1.873426596e-02 3.765289651e-03 -1.600431692e-12 5.600429299e+01
6.1445000000000000e+14 1.315600000e-03 1.315700000e-03 1.383930101e+06 2.748805036e+33 -1.740328548e-01 2.754216086e+33 1.932000242e-02 3.813145820e-03 -1.559876742e-12 5.600334780e+01
6.1345000000000000e+14 1.362700000e-03 1.362800000e-03 1.382562804e+06 2.739357171e+33 -1.734750861e-01 2.744937504e+33 1.988565992e-02 3.859322650e-03 -2.160911589e-12 5.699543665e+01
6.1245000000000000e+14 1.409000000e-03 1.409100000e-03 1.384361124e+06 2.729920222e+33 -1.724404849e-01 2.734928738e+33 2.044363573e-02 3.587133858e-03 -5.430478658e-13 5.898291288e+01
6.1145000000000000e+14 1.454600000e-03 1.454700000e-03 1.379772574e+06 2.720489730e+33 -1.723705561e-01 2.726367884e+33 2.095944573e-02 3.936133516e-03 -6.972722062e-13 5.500717161e+01
6.1045000000000000e+14 1.499600000e-03 1.499700000e-03 1.381252179e+06 2.711064552e+33 -1.713848217e-01 2.716323849e+33 2.148298760e-02 3.660557466e-03 -1.155658161e-12 5.600142539e+01
6.0945000000000000e+14 1.544100000e-03 1.544200000e-03 1.378427526e+06 2.701636331e+33 -1.710463361e-01 2.707331065e+33 2.197507734e-02 3.822576074e-03 -1.526622621e-12 5.699248294e+01
6.0845000000000000e+14 1.588200000e-03 1.588300000e-03 1.377862398e+06 2.692195792e+33 -1.703681457e-01 2.697716484e+33 2.246276671e-02 3.739620519e-03 -1.218498985e-12 5.500583955e+01
6.0745000000000000e+14 1.631800000e-03 1.631900000e-03 1.373236915e+06 2.682771092e+33 -1.702973943e-01 2.689252968e+33 2.292057269e-02 4.100214537e-03 -7.873231397e-13 6.096119139e+01
6.0645000000000000e+14 1.675100000e-03 1.675200000e-03 1.373211630e+06 2.673338508e+33 -1.695370209e-01 2.679439245e+33 2.338580071e-02 3.940137786e-03 -5.718209620e-13 5.500244403e+01
6.0545000000000000e+14 1.717900000e-03 1.718000000e-03 1.374015661e+06 2.663934129e+33 -1.686600993e-01 2.669371121e+33 2.383899593e-02 3.680984301e-03 -7.946885816e-13 6.592721046e+01
6.0445000000000000e+14 1.760500000e-03 1.760600000e-03 1.376248525e+06 2.654514906e+33 -1.675705669e-01 2.658742845e+33 2.428869850e-02 3.231682365e-03 -9.580408262e-13 5.500467126e+01
6.0345000000000000e+14 1.802700000e-03 1.802800000e-03 1.375167754e+06 2.645119101e+33 -1.669742259e-01 2.649143886e+33 2.471371417e-02 3.160828756e-03 -1.206006731e-12 5.500387246e+01
6.0245000000000000e+14 1.844700000e-03 1.844800000e-03 1.373826845e+06 2.635717149e+33 -1.664141516e-01 2.639586601e+33 2.512920931e-02 3.110246941e-03 -1.490911323e-12 5.500290108e+01
6.0145000000000000e+14 1.886400000e-03 1.886500000e-03 1.371685153e+06 2.626336056e+33 -1.659725880e-01 2.630311086e+33 2.553151217e-02 3.153413271e-03 -1.847451898e-12 5.301503799e+01
6.0045000000000000e+14 1.927900000e-03 1.928000000e-03 1.370658271e+06 2.616959276e+33 -1.653685991e-01 2.620637835e+33 2.592845723e-02 3.056464842e-03 -9.546554657e-13 5.400742949e+01
5.9945000000000000e+14 1.969200000e-03 1.969300000e-03 1.371373839e+06 2.607587342e+33 -1.645135048e-01 2.610310735e+33 2.632155165e-02 2.736589268e-03 -1.575209554e-12 5.500111524e+01
5.9845000000000000e+14 2.010300000e-03 2.010400000e-03 1.368999040e+06 2.598228079e+33 -1.641055622e-01 2.601080758e+33 2.669701798e-02 2.792577141e-03 -1.503752827e-12 5.400622592e+01
5.9745000000000000e+14 2.051200000e-03 2.051300000e-03 1.366096410e+06 2.588883910e+33 -1.637744364e-01 2.592077276e+33 2.706215805e-02 2.918042324e-03 -1.212720166e-12 5.499726943e+01
5.9645000000000000e+14 2.092000000e-03 2.092100000e-03 1.368760084e+06 2.579541915e+33 -1.626446807e-01 2.580901946e+33 2.743531269e-02 2.321251744e-03 -1.595953605e-12 5.400606023e+01
5.9545000000000000e+14 2.132700000e-03 2.132800000e-03 1.369944314e+06 2.570201119e+33 -1.617314631e-01 2.570248506e+33 2.779592205e-02 1.907334191e-03 -7.615686596e-13 5.301374889e+01
5.9445000000000000e+14 2.173300000e-03 2.173400000e-03 1.367340594e+06 2.560862863e+33 -1.613548986e-01 2.561027376e+33 2.814151731e-02 1.967390521e-03 -1.596533373e-12 5.499815528e+01
5.9345000000000000e+14 2.213800000e-03 2.213900000e-03 1.363426509e+06 2.551533514e+33 -1.611644689e-01 2.552376237e+33 2.847652041e-02 2.206075361e-03 -8.811168906e-13 5.201574066e+01
5.9245000000000000e+14 2.254200000e-03 2.254300000e-03 1.363096294e+06 2.542211451e+33 -1.604659159e-01 2.542232094e+33 2.881292925e-02 1.962914099e-03 -1.765699462e-12 5.499506651e+01
5.9145000000000000e+14 2.294600000e-03 2.294700000e-03 1.363884853e+06 2.532887346e+33 -1.596131146e-01 2.531599108e+33 2.914461388e-02 1.569465563e-03 -9.746500005e-13 5.300927479e+01
5.9045000000000000e+14 2.334900000e-03 2.335000000e-03 1.360190841e+06 2.523578320e+33 -1.593880787e-01 2.522847125e+33 2.946227644e-02 1.768094938e-03 -7.638007313e-13 5.300654122e+01
5.8945000000000000e+14 2.375100000e-03 2.375200000e-03 1.360687366e+06 2.514285401e+33 -1.585781940e-01 2.512280961e+33 2.978017195e-02 1.394678337e-03 -1.884623434e-12 5.400011382e+01
5.8845000000000000e+14 2.415300000e-03 2.415400000e-03 1.362119908e+06 2.504992099e+33 -1.576419871e-01 2.501277560e+33 3.009249616e-02 8.913041779e-04 -1.512586330e-12 5.300796873e+01
5.8745000000000000e+14 2.455400000e-03 2.455500000e-03 1.360531612e+06 2.495722080e+33 -1.571262680e-01 2.491590228e+33 3.039443444e-02 7.917965841e-04 -9.595630498e-13 5.300680889e+01
5.8645000000000000e+14 2.495500000e-03 2.495600000e-03 1.359086919e+06 2.486455255e+33 -1.565921395e-01 2.481846741e+33 3.069057495e-02 6.746447758e-04 -5.168157251e-13 5.300568592e+01
5.8545000000000000e+14 2.535600000e-03 2.535700000e-03 1.355797001e+06 2.477193917e+33 -1.563067191e-01 2.472876256e+33 3.098212463e-02 7.933314016e-04 -9.239068397e-13 5.300328224e+01
5.8445000000000000e+14 2.575600000e-03 2.575700000e-03 1.355849504e+06 2.467960492e+33 -1.555676887e-01 2.462419431e+33 3.126852290e-02 4.539378885e-04 -1.189905261e-12 5.399654390e+01
5.8345000000000000e+14 2.615700000e-03 2.615800000e-03 1.353614982e+06 2.458713146e+33 -1.551409172e-01 2.453007895e+33 3.154914420e-02 4.342614128e-04 -1.114819243e-12 5.796800560e+01
5.8245000000000000e+14 2.655600000e-03 2.655700000e-03 1.354933297e+06 2.449517049e+33 -1.542345599e-01 2.441932698e+33 3.182372332e-02 -9.405294271e-05 -1.175088519e-12 6.194181645e+01
5.8145000000000000e+14 2.695700000e-03 2.695800000e-03 1.354263013e+06 2.440292658e+33 -1.535963486e-01 2.431725910e+33 3.209499653e-02 -3.513560029e-04 -1.011561285e-12 5.399537757e+01
5.8045000000000000e+14 2.735700000e-03 2.735800000e-03 1.355438753e+06 2.431103589e+33 -1.527174666e-01 2.420712781e+33 3.235735813e-02 -8.564898456e-04 -6.044667821e-13 5.200975736e+01
5.7945000000000000e+14 2.775700000e-03 2.775800000e-03 1.353841501e+06 2.421925106e+33 -1.522082955e-01 2.410947116e+33 3.261701580e-02 -9.920541623e-04 -1.087008703e-12 5.101538113e+01
5.7845000000000000e+14 2.815800000e-03 2.815900000e-03 1.354502292e+06 2.412742819e+33 -1.514003637e-01 2.400104182e+33 3.286975678e-02 -1.441306816e-03 -7.904382583e-13 5.300233574e+01
5.7745000000000000e+14 2.856000000e-03 2.856100000e-03 1.351319997e+06 2.403553662e+33 -1.510996931e-01 2.391043339e+33 3.312326281e-02 -1.364943516e-03 -8.302666353e-13 5.200677973e+01
5.7645000000000000e+14 2.896100000e-03 2.896200000e-03 1.349992424e+06 2.394406991e+33 -1.505568483e-01 2.381139097e+33 3.336855563e-02 -1.546877235e-03 -8.083738317e-13 5.299899884e+01
5.7545000000000000e+14 2.936300000e-03 2.936400000e-03 1.347197551e+06 2.385254867e+33 -1.502060209e-01 2.371930984e+33 3.361233253e-02 -1.525169413e-03 -5.074933292e-13 5.101039816e+01
5.7445000000000000e+14 2.976500000e-03 2.976600000e-03 1.347455734e+06 2.376126475e+33 -1.494570761e-01 2.361248526e+33 3.384629353e-02 -1.935197658e-03 -5.854073920e-13 5.200385083e+01
5.7345000000000000e+14 3.016800000e-03 3.016900000e-03 1.346855669e+06 2.366993700e+33 -1.488215240e-01 2.350970729e+33 3.407734018e-02 -2.225824154e-03 -7.588289991e-13 5.398985999e+01
5.7245000000000000e+14 3.057000000e-03 3.057100000e-03 1.347046311e+06 2.357911650e+33 -1.480877146e-01 2.340337996e+33 3.430058520e-02 -2.630811941e-03 -9.975201089e-13 5.101028870e+01
5.7145000000000000e+14 3.097300000e-03 3.097400000e-03 1.345467916e+06 2.348825985e+33 -1.475826408e-01 2.330545057e+33 3.452415891e-02 -2.792618071e-03 -1.090440427e-12 5.200236686e+01
5.7045000000000000e+14 3.137700000e-03 3.137800000e-03 1.344195346e+06 2.339743770e+33 -1.470382646e-01 2.320590725e+33 3.474339761e-02 -3.000741461e-03 -9.954475579e-13 5.100814787e+01
5.6945000000000000e+14 3.178100000e-03 3.178200000e-03 1.342890631e+06 2.330687630e+33 -1.465000656e-01 2.310671966e+33 3.495795403e-02 -3.205600936e-03 -7.240036702e-13 5.001388620e+01
5.6845000000000000e+14 3.218500000e-03 3.218600000e-03 1.343657096e+06 2.321661041e+33 -1.457021445e-01 2.299782643e+33 3.516042753e-02 -3.695000685e-03 -1.343324655e-12 5.200102170e+01
5.6745000000000000e+14 3.259000000e-03 3.259100000e-03 1.342168645e+06 2.312636174e+33 -1.451913057e-01 2.289979582e+33 3.536656250e-02 -3.874973204e-03 -1.098557893e-12 5.001335110e+01
5.6645000000000000e+14 3.299500000e-03 3.299600000e-03 1.344112716e+06 2.303639552e+33 -1.442538216e-01 2.278593104e+33 3.555336419e-02 -4.514576947e-03 -8.908886712e-13 5.100804540e+01
5.6545000000000000e+14 3.340100000e-03 3.340200000e-03 1.340523566e+06 2.294652073e+33 -1.440073680e-01 2.269775386e+33 3.576077159e-02 -4.422285792e-03 -7.631857970e-13 5.100535012e+01
5.6445000000000000e+14 3.380800000e-03 3.380900000e-03 1.340237028e+06 2.285669931e+33 -1.433481616e-01 2.259370163e+33 3.595043111e-02 -4.781926518e-03 -9.560592154e-13 5.199851508e+01
5.6345000000000000e+14 3.421600000e-03 3.421700000e-03 1.337221010e+06 2.276697610e+33 -1.430293507e-01 2.250284823e+33 3.614854829e-02 -4.770546998e-03 -9.665913666e-13 5.199626746e+01
5.6245000000000000e+14 3.462500000e-03 3.462600000e-03 1.341756783e+06 2.267734116e+33 -1.417830625e-01 2.237701981e+33 3.630389548e-02 -5.757147252e-03 -8.224110119e-13 5.001303739e+01
5.6145000000000000e+14 3.503400000e-03 3.503500000e-03 1.338796394e+06 2.258807239e+33 -1.414596058e-01 2.228593637e+33 3.649432507e-02 -5.763412941e-03 -9.342264639e-13 5.001077863e+01
5.6045000000000000e+14 3.544400000e-03 3.544500000e-03 1.342348305e+06 2.249883221e+33 -1.403480085e-01 2.216599550e+33 3.664172428e-02 -6.597670607e-03 -6.512082065e-13 5.001344869e+01
5.5945000000000000e+14 3.585400000e-03 3.585500000e-03 1.338895410e+06 2.241001788e+33 -1.400851169e-01 2.207704412e+33 3.682840914e-02 -6.553944148e-03 -2.034413114e-12 5.001086622e+01
5.5845000000000000e+14 3.626500000e-03 3.626600000e-03 1.334871564e+06 2.232127031e+33 -1.398931983e-01 2.199144048e+33 3.701438980e-02 -6.421326896e-03 -9.089168739e-13 4.901450239e+01
5.5745000000000000e+14 3.667700000e-03 3.667800000e-03 1.337645525e+06 2.223264252e+33 -1.388835103e-01 2.187506056e+33 3.715380002e-02 -7.168943919e-03 -1.917616323e-12 5.199653044e+01
5.5645000000000000e+14 3.708900000e-03 3.709000000e-03 1.336712852e+06 2.214441161e+33 -1.383244406e-01 2.177609064e+33 3.731177140e-02 -7.433392457e-03 -1.228379646e-12 5.000918251e+01
5.5545000000000000e+14 3.750100000e-03 3.750200000e-03 1.332455764e+06 2.205659138e+33 -1.381600965e-01 2.169149408e+33 3.749067674e-02 -7.294894376e-03 -9.635441092e-13 5.497264215e+01
5.5445000000000000e+14 3.791500000e-03 3.791600000e-03 1.329876946e+06 2.196858942e+33 -1.377949631e-01 2.159949890e+33 3.765515867e-02 -7.365053988e-03 -1.831140123e-13 4.801734899e+01
5.5345000000000000e+14 3.832900000e-03 3.833000000e-03 1.333408047e+06 2.188100921e+33 -1.367167099e-01 2.148230583e+33 3.776728576e-02 -8.176043555e-03 -9.557750331e-13 4.901332936e+01
5.5245000000000000e+14 3.874300000e-03 3.874400000e-03 1.331721120e+06 2.179388561e+33 -1.362537890e-01 2.138745148e+33 3.791612919e-02 -8.355180919e-03 -1.141858617e-12 4.901213057e+01
5.5145000000000000e+14 3.915800000e-03 3.915900000e-03 1.331455171e+06 2.170686339e+33 -1.356268979e-01 2.128689313e+33 3.804951125e-02 -8.704045736e-03 -1.142044446e-12 4.901189727e+01
5.5045000000000000e+14 3.957400000e-03 3.957500000e-03 1.331826949e+06 2.162004808e+33 -1.349306493e-01 2.118442331e+33 3.817250995e-02 -9.118383114e-03 -1.358627975e-12 5.000556017e+01
5.4945000000000000e+14 3.999100000e-03 3.999200000e-03 1.329561047e+06 2.153338658e+33 -1.345386079e-01 2.109247073e+33 3.831556061e-02 -9.229906336e-03 -1.773549606e-12 4.801710074e+01
5.4845000000000000e+14 4.040900000e-03 4.041000000e-03 1.330393633e+06 2.144687659e+33 -1.337932360e-01 2.098846256e+33 3.842665274e-02 -9.700539819e-03 -1.900107586e-12 4.901109920e+01
5.4745000000000000e+14 4.082600000e-03 4.082700000e-03 1.328167062e+06 2.136115330e+33 -1.334033817e-01 2.089750103e+33 3.856113874e-02 -9.813242058e-03 -9.002708440e-13 5.496949143e+01
5.4645000000000000e+14 4.124500000e-03 4.124600000e-03 1.327179848e+06 2.127521783e+33 -1.328709973e-01 2.080138813e+33 3.868109330e-02 -1.007234052e-02 -7.599714898e-13 4.801531295e+01
5.4545000000000000e+14 4.166300000e-03 4.166400000e-03 1.331788864e+06 2.119010561e+33 -1.317217837e-01 2.068677759e+33 3.873642879e-02 -1.091742320e-02 -1.534369977e-12 5.099885995e+01
5.4445000000000000e+14 4.208200000e-03 4.208300000e-03 1.329348013e+06 2.110514043e+33 -1.313613814e-01 2.059727594e+33 3.886213575e-02 -1.101243032e-02 -9.838303397e-13 5.099696142e+01
5.4345000000000000e+14 4.250200000e-03 4.250300000e-03 1.326234656e+06 2.102034659e+33 -1.310754427e-01 2.051015343e+33 3.899230648e-02 -1.104080525e-02 -8.138756069e-13 4.702118643e+01
5.4245000000000000e+14 4.292100000e-03 4.292200000e-03 1.328634346e+06 2.093631929e+33 -1.301887615e-01 2.040561450e+33 3.905525697e-02 -1.162857363e-02 -1.800611344e-12 4.900977728e+01
5.4145000000000000e+14 4.334100000e-03 4.334200000e-03 1.325587810e+06 2.085245904e+33 -1.299013176e-01 2.031929729e+33 3.917659695e-02 -1.166383737e-02 -1.268357430e-12 4.602733286e+01
5.4045000000000000e+14 4.376100000e-03 4.376200000e-03 1.325673718e+06 2.076904238e+33 -1.292756159e-01 2.022344486e+33 3.925670141e-02 -1.201045395e-02 -1.456852428e-12 4.801412508e+01
5.3945000000000000e+14 4.418000000e-03 4.418100000e-03 1.325725139e+06 2.068642043e+33 -1.286615753e-01 2.012904703e+33 3.933125516e-02 -1.234223386e-02 -1.284796603e-12 4.602743229e+01
5.3845000000000000e+14 4.459900000e-03 4.460000000e-03 1.325680818e+06 2.060431491e+33 -1.280634169e-01 2.003581424e+33 3.940159809e-02 -1.265851940e-02 -1.574614408e-12 4.503403104e+01
5.3745000000000000e+14 4.501700000e-03 4.501800000e-03 1.327644566e+06 2.052293184e+33 -1.272587599e-01 1.993801827e+33 3.943958036e-02 -1.315080380e-02 -1.827208023e-12 4.503556797e+01
5.3645000000000000e+14 4.543500000e-03 4.543600000e-03 1.321924025e+06 2.044199364e+33 -1.272750899e-01 1.986276637e+33 3.957137671e-02 -1.293561061e-02 -6.175775769e-13 4.503108554e+01
