1.0565006982193060e+15 2.970000000e-05 2.980000000e-05 1.041177889e+06 2.278041291e+33 -1.964529403e-01 2.278081142e+33 2.264434498e-03 4.023016535e-04 -6.817137042e-13 6.918408217e+00
1.0465006982193060e+15 1.056000000e-04 1.057000000e-04 1.040857816e+06 2.229718894e+33 -1.911365026e-01 2.229347578e+33 7.450573742e-03 4.009089147e-04 -1.391367397e-12 6.254613223e+00
1.0365006982193060e+15 1.562000000e-04 1.563000000e-04 1.035367972e+06 2.181421178e+33 -1.870107926e-01 2.180104288e+33 1.020242525e-02 8.690014667e-06 -1.123549217e-12 6.155818261e+00
1.0265006982193060e+15 2.030000000e-04 2.031000000e-04 1.031401020e+06 2.133195704e+33 -1.825674463e-01 2.129947121e+33 1.227426622e-02 -9.694362049e-04 -6.506849075e-13 6.437455375e+00
1.0165006982193060e+15 2.481000000e-04 2.482000000e-04 1.030462814e+06 2.086639137e+33 -1.776918262e-01 2.079856837e+33 1.391309815e-02 -2.800670060e-03 -1.513016444e-12 5.867693263e+00
1.0065006982193060e+15 2.941000000e-04 2.942000000e-04 1.026378875e+06 2.040384547e+33 -1.735355738e-01 2.030188714e+33 1.530491910e-02 -4.311175301e-03 -1.335244669e-12 6.054415680e+00
9.9650069821930600e+14 3.419000000e-04 3.420000000e-04 1.022504899e+06 1.994228591e+33 -1.693659239e-01 1.979976642e+33 1.650465514e-02 -6.057837793e-03 -1.022429221e-12 5.861745797e+00
9.8650069821930600e+14 3.922000000e-04 3.923000000e-04 1.020443989e+06 1.948107354e+33 -1.648734926e-01 1.928574999e+33 1.754099943e-02 -8.372711112e-03 -1.137588601e-12 5.765332991e+00
9.7650069821930600e+14 4.453000000e-04 4.454000000e-04 1.017822275e+06 1.902089240e+33 -1.605397497e-01 1.877142699e+33 1.844192720e-02 -1.067844066e-02 -1.550170420e-12 5.763332543e+00
9.6650069821930600e+14 5.014000000e-04 5.015000000e-04 1.014010770e+06 1.856266658e+33 -1.564762868e-01 1.826217707e+33 1.922915652e-02 -1.278930674e-02 -1.016031084e-12 5.950440114e+00
9.5650069821930600e+14 5.610000000e-04 5.611000000e-04 1.010454387e+06 1.810547798e+33 -1.524008155e-01 1.775209081e+33 1.990742222e-02 -1.501296934e-02 -7.210290201e-13 5.852762058e+00
9.4650069821930600e+14 6.240000000e-04 6.241000000e-04 1.006853010e+06 1.765154874e+33 -1.483968077e-01 1.724818302e+33 2.047479139e-02 -1.715862194e-02 -9.793438071e-13 5.565202871e+00
9.3650069821930600e+14 6.908000000e-04 6.909000000e-04 1.006589349e+06 1.720009347e+33 -1.439100449e-01 1.674182762e+33 2.087618182e-02 -1.975614281e-02 -6.467674764e-13 5.565013780e+00
9.2650069821930600e+14 7.613000000e-04 7.614000000e-04 1.006227048e+06 1.675315328e+33 -1.395524892e-01 1.624934410e+33 2.116054619e-02 -2.206917959e-02 -1.420820491e-12 5.469737859e+00
9.1650069821930600e+14 8.367000000e-04 8.368000000e-04 1.004456234e+06 1.630480452e+33 -1.354553278e-01 1.576693307e+33 2.135786983e-02 -2.396362848e-02 -1.181843361e-12 5.278449281e+00
