6.3625000000000000e+14 8.834000000e-04 8.835000000e-04 1.241494366e+06 2.212758886e+33 -1.534923230e-01 2.214483027e+33 1.092406775e-02 2.217997987e-03 -7.620155281e-13 5.888144370e+01
6.3525000000000000e+14 9.723000000e-04 9.724000000e-04 1.236091124e+06 2.201184042e+33 -1.532853090e-01 2.203450865e+33 1.192445862e-02 2.589654877e-03 -1.466040694e-12 5.987141281e+01
6.3425000000000000e+14 1.055200000e-03 1.055300000e-03 1.236465121e+06 2.189638813e+33 -1.522400692e-01 2.191955232e+33 1.285004611e-02 2.562748338e-03 -9.622469816e-13 5.589642344e+01
6.3325000000000000e+14 1.133600000e-03 1.133700000e-03 1.233241535e+06 2.178115612e+33 -1.517158389e-01 2.180781293e+33 1.369795183e-02 2.757259987e-03 -1.269521402e-12 5.887562046e+01
6.3225000000000000e+14 1.208300000e-03 1.208400000e-03 1.233832502e+06 2.166621016e+33 -1.506446162e-01 2.169176868e+33 1.449789937e-02 2.640916435e-03 -1.179307314e-12 5.688831589e+01
6.3125000000000000e+14 1.279900000e-03 1.280000000e-03 1.231263931e+06 2.155159708e+33 -1.500290352e-01 2.157933092e+33 1.524009293e-02 2.746808439e-03 -1.486871050e-12 5.489882267e+01
6.3025000000000000e+14 1.349000000e-03 1.349100000e-03 1.228532361e+06 2.143726601e+33 -1.494383328e-01 2.146731099e+33 1.594001289e-02 2.857610798e-03 -9.326566045e-13 6.086000519e+01
6.2925000000000000e+14 1.416000000e-03 1.416100000e-03 1.228443608e+06 2.132313263e+33 -1.484717265e-01 2.135116343e+33 1.661130110e-02 2.716937601e-03 -1.463600089e-12 5.787834274e+01
6.2825000000000000e+14 1.481100000e-03 1.481200000e-03 1.228270235e+06 2.120934779e+33 -1.475225915e-01 2.123484309e+33 1.724878175e-02 2.560921392e-03 -9.618909911e-13 5.787828056e+01
6.2725000000000000e+14 1.544700000e-03 1.544800000e-03 1.223474957e+06 2.109577565e+33 -1.472253014e-01 2.112637010e+33 1.784652266e-02 2.828484648e-03 -6.021722302e-13 5.886871354e+01
6.2625000000000000e+14 1.606800000e-03 1.606900000e-03 1.223849854e+06 2.098255598e+33 -1.462011014e-01 2.100856505e+33 1.843102582e-02 2.578139392e-03 -9.475842762e-13 5.688115958e+01
6.2525000000000000e+14 1.667700000e-03 1.667800000e-03 1.225332115e+06 2.086962625e+33 -1.450296027e-01 2.088816510e+33 1.899362579e-02 2.195985028e-03 -1.184455758e-12 5.787607371e+01
6.2425000000000000e+14 1.727500000e-03 1.727600000e-03 1.225589928e+06 2.075699152e+33 -1.440344031e-01 2.076972128e+33 1.953058652e-02 1.916356237e-03 -1.105612738e-12 5.688236732e+01
6.2325000000000000e+14 1.786300000e-03 1.786400000e-03 1.218524846e+06 2.064467902e+33 -1.440498447e-01 2.066689466e+33 2.003188659e-02 2.394613587e-03 -5.099270909e-13 5.488954132e+01
6.2225000000000000e+14 1.844200000e-03 1.844300000e-03 1.222543450e+06 2.053272302e+33 -1.425431353e-01 2.053974180e+33 2.053717777e-02 1.678356766e-03 -2.020858589e-12 5.489245672e+01
6.2125000000000000e+14 1.901300000e-03 1.901400000e-03 1.218997807e+06 2.042106708e+33 -1.420755894e-01 2.042946031e+33 2.100998855e-02 1.765327968e-03 -1.802383795e-12 7.079245526e+01
6.2025000000000000e+14 1.957800000e-03 1.957900000e-03 1.217365125e+06 2.030960999e+33 -1.413479535e-01 2.031471539e+33 2.147120477e-02 1.635469066e-03 -1.530514692e-12 5.290085018e+01
6.1925000000000000e+14 2.013600000e-03 2.013700000e-03 1.215891776e+06 2.019849951e+33 -1.406015163e-01 2.019961845e+33 2.191656706e-02 1.478716275e-03 -1.398119391e-12 5.488761957e+01
6.1825000000000000e+14 2.068800000e-03 2.068900000e-03 1.213572242e+06 2.008777588e+33 -1.399714107e-01 2.008678942e+33 2.234619504e-02 1.410860621e-03 -9.980228529e-13 5.488590626e+01
6.1725000000000000e+14 2.123500000e-03 2.123600000e-03 1.213313254e+06 1.997731637e+33 -1.390681655e-01 1.996857321e+33 2.276457734e-02 1.096881130e-03 -1.839914250e-12 5.389186260e+01
6.1625000000000000e+14 2.177600000e-03 2.177700000e-03 1.213583280e+06 1.986732509e+33 -1.380979576e-01 1.984871256e+33 2.316948033e-02 7.009434230e-04 -2.033310839e-12 5.786768131e+01
6.1525000000000000e+14 2.231400000e-03 2.231500000e-03 1.211617849e+06 1.975749487e+33 -1.374271444e-01 1.973483040e+33 2.356101257e-02 5.632428307e-04 -1.498468017e-12 5.389054653e+01
6.1425000000000000e+14 2.284700000e-03 2.284800000e-03 1.212549665e+06 1.964809298e+33 -1.363822351e-01 1.961319744e+33 2.393965832e-02 8.058850967e-05 -7.343197612e-13 5.786682443e+01
6.1325000000000000e+14 2.337700000e-03 2.337800000e-03 1.208994553e+06 1.953897576e+33 -1.359213051e-01 1.950368480e+33 2.430875642e-02 1.074508467e-04 -1.193008245e-12 5.488254607e+01
6.1225000000000000e+14 2.390300000e-03 2.390400000e-03 1.205288204e+06 1.943019868e+33 -1.354836643e-01 1.939531347e+33 2.466565725e-02 1.643484028e-04 -1.305606816e-12 5.388590261e+01
6.1125000000000000e+14 2.442700000e-03 2.442800000e-03 1.205424127e+06 1.932169414e+33 -1.345478977e-01 1.927544971e+33 2.501372647e-02 -2.624760693e-04 -1.883306429e-12 5.388601199e+01
6.1025000000000000e+14 2.494700000e-03 2.494800000e-03 1.203209419e+06 1.921364361e+33 -1.339203099e-01 1.916291357e+33 2.535080352e-02 -4.027155639e-04 -5.979510612e-13 5.090240559e+01
6.0925000000000000e+14 2.546400000e-03 2.546500000e-03 1.202012922e+06 1.910596336e+33 -1.331651561e-01 1.904748721e+33 2.567714226e-02 -6.732856621e-04 -8.742670721e-13 5.189551022e+01
6.0825000000000000e+14 2.598000000e-03 2.598100000e-03 1.203947105e+06 1.899848361e+33 -1.320136912e-01 1.892209875e+33 2.599251936e-02 -1.347557806e-03 -1.142365334e-12 5.686681440e+01
6.0725000000000000e+14 2.649200000e-03 2.649300000e-03 1.204318411e+06 1.889162651e+33 -1.310721271e-01 1.880224106e+33 2.629614029e-02 -1.819961756e-03 -4.129980659e-13 5.587320043e+01
6.0625000000000000e+14 2.700300000e-03 2.700400000e-03 1.204007257e+06 1.878494214e+33 -1.302198827e-01 1.868439013e+33 2.659223923e-02 -2.214384607e-03 -1.096010934e-13 5.090300544e+01
6.0525000000000000e+14 2.751200000e-03 2.751300000e-03 1.199734298e+06 1.867863228e+33 -1.298592540e-01 1.857844864e+33 2.688969865e-02 -2.144101175e-03 -8.871682971e-13 5.288778449e+01
6.0425000000000000e+14 2.801900000e-03 2.802000000e-03 1.202379630e+06 1.857270337e+33 -1.286492966e-01 1.845184632e+33 2.716094949e-02 -2.909847610e-03 -4.640285928e-13 5.189581297e+01
6.0325000000000000e+14 2.852400000e-03 2.852500000e-03 1.197442127e+06 1.846718960e+33 -1.283732657e-01 1.834851559e+33 2.744458822e-02 -2.766453469e-03 -1.177533835e-12 5.189209456e+01
6.0225000000000000e+14 2.902800000e-03 2.902900000e-03 1.198479192e+06 1.836202508e+33 -1.273702219e-01 1.822715275e+33 2.770313447e-02 -3.348026011e-03 -7.694829153e-13 5.189286813e+01
6.0125000000000000e+14 2.953000000e-03 2.953100000e-03 1.193099023e+06 1.825733420e+33 -1.271514346e-01 1.812620501e+33 2.797382454e-02 -3.146307815e-03 -1.683303436e-12 5.288290991e+01
6.0025000000000000e+14 3.003100000e-03 3.003200000e-03 1.196459921e+06 1.815298174e+33 -1.258779486e-01 1.799817709e+33 2.820724583e-02 -4.016286361e-03 -1.280240701e-12 5.089736772e+01
5.9925000000000000e+14 3.053100000e-03 3.053200000e-03 1.192521183e+06 1.804895845e+33 -1.254866643e-01 1.789310222e+33 2.846010266e-02 -4.000894779e-03 -8.204561401e-13 5.089439089e+01
5.9825000000000000e+14 3.103000000e-03 3.103100000e-03 1.194364854e+06 1.794527268e+33 -1.244066329e-01 1.777018896e+33 2.868263696e-02 -4.692745418e-03 -1.413646622e-12 5.487196022e+01
5.9725000000000000e+14 3.152700000e-03 3.152800000e-03 1.196345613e+06 1.784222507e+33 -1.233249867e-01 1.764824094e+33 2.889263317e-02 -5.376003267e-03 -6.686312940e-13 5.189126845e+01
5.9625000000000000e+14 3.202300000e-03 3.202400000e-03 1.187631674e+06 1.773951174e+33 -1.234968241e-01 1.755810726e+33 2.915086781e-02 -4.823757458e-03 -7.055889192e-13 5.387292330e+01
5.9525000000000000e+14 3.251900000e-03 3.252000000e-03 1.194169653e+06 1.763709952e+33 -1.218921235e-01 1.742301731e+33 2.932244022e-02 -6.044729219e-03 -9.283595489e-13 5.188965794e+01
5.9425000000000000e+14 3.301300000e-03 3.301400000e-03 1.187283058e+06 1.753525951e+33 -1.218492924e-01 1.732789245e+33 2.956126514e-02 -5.720831927e-03 -4.768462112e-13 5.188449822e+01
5.9325000000000000e+14 3.350500000e-03 3.350600000e-03 1.186255670e+06 1.743412022e+33 -1.211347279e-01 1.721645920e+33 2.975966934e-02 -6.065947062e-03 -1.589437911e-12 5.287787434e+01
5.9225000000000000e+14 3.399700000e-03 3.399800000e-03 1.185329260e+06 1.733323458e+33 -1.204102961e-01 1.710480397e+33 2.995183986e-02 -6.429147691e-03 -2.517210545e-12 5.585934862e+01
5.9125000000000000e+14 3.448700000e-03 3.448800000e-03 1.182778914e+06 1.723305603e+33 -1.198823758e-01 1.699956890e+33 3.014474391e-02 -6.577100732e-03 -9.895083946e-12 4.889891197e+01
5.9025000000000000e+14 3.497700000e-03 3.497800000e-03 1.186242918e+06 1.713315653e+33 -1.186706687e-01 1.687635273e+33 3.029332873e-02 -7.436075830e-03 -1.498978141e-12 5.088975804e+01
5.8925000000000000e+14 3.546600000e-03 3.546700000e-03 1.183650931e+06 1.703375626e+33 -1.181479830e-01 1.677103013e+33 3.047703814e-02 -7.612056999e-03 -2.212453123e-12 4.989370031e+01
5.8825000000000000e+14 3.595400000e-03 3.595500000e-03 1.185784888e+06 1.693484338e+33 -1.171076352e-01 1.665401471e+33 3.061636906e-02 -8.280632846e-03 -3.891093096e-13 4.890115792e+01
5.8725000000000000e+14 3.644100000e-03 3.644200000e-03 1.184924981e+06 1.683651705e+33 -1.164073129e-01 1.654600868e+33 3.077157553e-02 -8.617661196e-03 -9.333429938e-13 5.188292247e+01
5.8625000000000000e+14 3.692800000e-03 3.692900000e-03 1.185112368e+06 1.673850521e+33 -1.155898578e-01 1.643477819e+33 3.091451615e-02 -9.091488910e-03 -1.460648001e-12 4.790661733e+01
5.8525000000000000e+14 3.741400000e-03 3.741500000e-03 1.181552591e+06 1.664099633e+33 -1.151883540e-01 1.633421678e+33 3.108246061e-02 -9.161015311e-03 -1.141198819e-12 4.889797997e+01
5.8425000000000000e+14 3.789900000e-03 3.790000000e-03 1.177816647e+06 1.654408559e+33 -1.148054243e-01 1.623426470e+33 3.124833886e-02 -9.226816666e-03 -1.350478334e-12 4.889509334e+01
5.8325000000000000e+14 3.838400000e-03 3.838500000e-03 1.184032987e+06 1.644748013e+33 -1.133650401e-01 1.611174323e+33 3.131142380e-02 -1.024910822e-02 -9.080969858e-13 4.889979500e+01
5.8225000000000000e+14 3.886800000e-03 3.886900000e-03 1.178135449e+06 1.635148584e+33 -1.132153671e-01 1.601735320e+33 3.148903754e-02 -1.012111709e-02 -1.177487713e-12 5.088360579e+01
5.8125000000000000e+14 3.935100000e-03 3.935200000e-03 1.174341212e+06 1.625608829e+33 -1.128485053e-01 1.591936309e+33 3.163951384e-02 -1.017647723e-02 -7.116365354e-13 5.286892466e+01
5.8025000000000000e+14 3.983200000e-03 3.983300000e-03 1.178318220e+06 1.616146384e+33 -1.116717968e-01 1.580508511e+33 3.170203933e-02 -1.095763210e-02 -1.122588039e-12 4.988965111e+01
5.7925000000000000e+14 4.031300000e-03 4.031400000e-03 1.175057800e+06 1.606718113e+33 -1.112567132e-01 1.570718556e+33 3.183572021e-02 -1.106227947e-02 -8.780010211e-13 4.789893643e+01
5.7825000000000000e+14 4.079300000e-03 4.079400000e-03 1.175208890e+06 1.597348473e+33 -1.104909853e-01 1.560263881e+33 3.192649389e-02 -1.148012284e-02 -6.060402523e-13 4.690492681e+01
5.7725000000000000e+14 4.127100000e-03 4.127200000e-03 1.172717217e+06 1.588061295e+33 -1.100062781e-01 1.550486244e+33 3.204017677e-02 -1.164795510e-02 -1.217189437e-12 5.386209752e+01
5.7625000000000000e+14 4.174900000e-03 4.175000000e-03 1.174415132e+06 1.578810668e+33 -1.090958402e-01 1.539915611e+33 3.209958954e-02 -1.218454933e-02 -1.062761507e-12 4.591018849e+01
5.7525000000000000e+14 4.222500000e-03 4.222600000e-03 1.174653627e+06 1.569642599e+33 -1.083455415e-01 1.529790038e+33 3.216801676e-02 -1.257390156e-02 -1.454764119e-12 4.690455999e+01
5.7425000000000000e+14 4.269900000e-03 4.270000000e-03 1.175627400e+06 1.560550968e+33 -1.075298152e-01 1.519652027e+33 3.221987720e-02 -1.301336934e-02 -1.672266796e-12 4.789933977e+01
5.7325000000000000e+14 4.317000000e-03 4.317100000e-03 1.171719083e+06 1.551567060e+33 -1.072086870e-01 1.510478088e+33 3.232773279e-02 -1.305998482e-02 -7.399724049e-13 4.889053698e+01
5.7225000000000000e+14 4.364000000e-03 4.364100000e-03 1.173641066e+06 1.542629455e+33 -1.063162299e-01 1.500431454e+33 3.235210186e-02 -1.355071891e-02 -1.004056151e-12 4.491546107e+01
5.7125000000000000e+14 4.410600000e-03 4.410700000e-03 1.171229991e+06 1.533820899e+33 -1.058604359e-01 1.491231942e+33 3.242672006e-02 -1.370479744e-02 -5.264369043e-13 4.491353785e+01
5.7025000000000000e+14 4.456800000e-03 4.456900000e-03 1.170191803e+06 1.525126245e+33 -1.052795387e-01 1.481968200e+33 3.247444782e-02 -1.395395451e-02 -8.950816526e-13 4.789516965e+01
