1.0783156396842100e+15 1.630000000e-05 1.640000000e-05 1.239956228e+06 4.218939443e+33 -3.519342418e-01 4.218942028e+33 3.335097435e-04 2.454284293e-04 -1.564375646e-12 6.484317085e+01
1.0683156396842100e+15 9.708000000e-04 9.709000000e-04 1.236939587e+06 4.167773713e+33 -3.465273887e-01 4.175939453e+33 1.905050057e-02 1.361958579e-02 -1.474031921e-12 5.987204006e+01
1.0583156396842100e+15 1.423000000e-03 1.423100000e-03 1.233836801e+06 4.115891146e+33 -3.410894697e-01 4.131503500e+33 2.686397248e-02 1.859500636e-02 -1.543221640e-12 5.688836310e+01
1.0483156396842100e+15 1.805800000e-03 1.805900000e-03 1.229878577e+06 4.063320989e+33 -3.359304128e-01 4.085910609e+33 3.278169247e-02 2.215441050e-02 -6.212106960e-13 5.787937290e+01
1.0383156396842100e+15 2.160000000e-03 2.160100000e-03 1.227751478e+06 4.010052950e+33 -3.299838339e-01 4.037829797e+33 3.775728703e-02 2.404623330e-02 -1.688771364e-12 5.589011833e+01
1.0283156396842100e+15 2.500900000e-03 2.501000000e-03 1.222618692e+06 3.956107180e+33 -3.251537220e-01 3.989909951e+33 4.201902849e-02 2.636414384e-02 -2.180572111e-12 5.588635830e+01
1.0183156396842100e+15 2.840500000e-03 2.840600000e-03 1.220164255e+06 3.900750572e+33 -3.191326512e-01 3.937519723e+33 4.593450832e-02 2.683595569e-02 -1.443416660e-12 5.588460577e+01
1.0083156396842100e+15 3.197200000e-03 3.197300000e-03 1.217254685e+06 3.841735541e+33 -3.128717566e-01 3.880191992e+33 4.965009294e-02 2.673397737e-02 -1.515518150e-12 5.588251182e+01
9.9831563968421000e+14 3.555800000e-03 3.555900000e-03 1.213333293e+06 3.782128338e+33 -3.069546495e-01 3.821635567e+33 5.299735354e-02 2.649389416e-02 -8.726760346e-13 5.389181320e+01
9.8831563968421000e+14 3.918700000e-03 3.918800000e-03 1.209400447e+06 3.721975382e+33 -3.010090315e-01 3.760846023e+33 5.605663422e-02 2.564259050e-02 -9.619586668e-13 5.190100534e+01
9.7831563968421000e+14 4.287600000e-03 4.287700000e-03 1.207045209e+06 3.661299754e+33 -2.944867967e-01 3.695342923e+33 5.890135206e-02 2.319440066e-02 -1.931556919e-12 5.388717790e+01
9.6831563968421000e+14 4.663700000e-03 4.663800000e-03 1.203865635e+06 3.600143504e+33 -2.882574179e-01 3.628472637e+33 6.149310597e-02 2.064930834e-02 -1.369476910e-12 5.189688626e+01
9.5831563968421000e+14 5.047800000e-03 5.047900000e-03 1.199291067e+06 3.538575079e+33 -2.824985787e-01 3.561521384e+33 6.384338008e-02 1.844787061e-02 -1.376891802e-12 5.487546998e+01
9.4831563968421000e+14 5.440700000e-03 5.440800000e-03 1.194781012e+06 3.476613855e+33 -2.767126151e-01 3.492362220e+33 6.599816330e-02 1.571569207e-02 -1.221892375e-12 5.387817579e+01
9.3831563968421000e+14 5.842400000e-03 5.842500000e-03 1.191694469e+06 3.414397024e+33 -2.704983429e-01 3.418887480e+33 6.797282015e-02 1.163636216e-02 -7.704846131e-13 5.288190173e+01
9.2831563968421000e+14 6.253300000e-03 6.253400000e-03 1.187901978e+06 3.351955297e+33 -2.645418622e-01 3.344853760e+33 6.974616900e-02 7.602878295e-03 -1.283591029e-12 5.188499912e+01
9.1831563968421000e+14 6.692200000e-03 6.692300000e-03 1.184172813e+06 3.286694861e+33 -2.583238958e-01 3.266095475e+33 7.138111513e-02 3.012397702e-03 -1.043172585e-12 5.387039796e+01
9.0831563968421000e+14 7.144300000e-03 7.144400000e-03 1.179415588e+06 3.221153702e+33 -2.524487215e-01 3.187912445e+33 7.279560021e-02 -1.195983720e-03 -1.292212932e-12 5.386686623e+01
8.9831563968421000e+14 7.603400000e-03 7.603500000e-03 1.175151331e+06 3.156495878e+33 -2.466100895e-01 3.109840410e+33 7.394192686e-02 -5.675056420e-03 -5.130588852e-12 4.690485288e+01
