1.7538469794088500e+15 1.627000000e-04 1.009394955e+06 3.808527444e+33 4.561700753e+33 1.810771764e+45 4.347877384e-01 3.233430808e+00
1.7338469794088500e+15 1.928000000e-04 1.008335405e+06 3.776405711e+33 4.513317847e+33 1.785305871e+45 4.215700489e-01 3.179853506e+00
1.7138469794088500e+15 2.251000000e-04 1.008176185e+06 3.743392588e+33 4.463851273e+33 1.759513601e+45 4.085055933e-01 3.126477998e+00
1.6938469794088500e+15 2.600000000e-04 1.007724488e+06 3.709410864e+33 4.413218313e+33 1.731837749e+45 3.955797512e-01 3.075932841e+00
1.6738469794088500e+15 2.977000000e-04 1.006158527e+06 3.674578261e+33 4.361621255e+33 1.706987934e+45 3.828382479e-01 3.020194181e+00
1.6538469794088500e+15 3.387000000e-04 1.004386702e+06 3.638689502e+33 4.308759814e+33 1.679451962e+45 3.702294110e-01 2.968611243e+00
1.6338469794088500e+15 3.832000000e-04 1.004495947e+06 3.601804413e+33 4.254741705e+33 1.651434960e+45 3.577801754e-01 2.917459234e+00
1.6138469794088500e+15 4.315000000e-04 1.003325529e+06 3.563917279e+33 4.199581771e+33 1.622908798e+45 3.455001912e-01 2.866844751e+00
1.5938469794088500e+15 4.885000000e-04 1.002691221e+06 3.521664796e+33 4.138445892e+33 1.590781222e+45 3.323744636e-01 2.813631331e+00
1.5738469794088500e+15 5.527000000e-04 1.001176460e+06 3.477072624e+33 4.074354332e+33 1.557891278e+45 3.191210232e-01 2.758470015e+00
1.5538469794088500e+15 6.230000000e-04 1.000430827e+06 3.431351282e+33 4.009092642e+33 1.523449430e+45 3.061359928e-01 2.706053311e+00
1.5338469794088500e+15 6.997000000e-04 9.984466273e+05 3.384647792e+33 3.942880388e+33 1.490035531e+45 2.934575068e-01 2.652153135e+00
1.5138469794088500e+15 7.833000000e-04 9.973383011e+05 3.336967769e+33 3.875746241e+33 1.456332473e+45 2.810872206e-01 2.599145341e+00
1.4938469794088500e+15 8.743000000e-04 9.980001955e+05 3.288287922e+33 3.807679977e+33 1.421637061e+45 2.690186420e-01 2.548259413e+00
1.7738469794088500e+15 1.344000000e-04 1.010131859e+06 3.839764111e+33 4.609019609e+33 1.835630776e+45 4.481521237e-01 3.287684439e+00
1.7938469794088500e+15 1.074000000e-04 1.009492502e+06 3.870095046e+33 4.655214490e+33 1.858332795e+45 4.616468437e-01 3.345310065e+00
1.8138469794088500e+15 8.060000000e-05 1.011084084e+06 3.899621218e+33 4.700426508e+33 1.881581468e+45 4.752948251e-01 3.401653370e+00
1.8338469794088500e+15 5.270000000e-05 1.012025587e+06 3.927408959e+33 4.743206549e+33 1.904685304e+45 4.886308416e-01 3.454678540e+00
1.8538469794088500e+15 1.060000000e-05 1.011332743e+06 3.952938793e+33 4.782699901e+33 1.925245546e+45 5.013368221e-01 3.506658505e+00
