8.0826187213801062e+14 1.096800000e-03 1.026993601e+06 1.342407285e+33 1.412819622e+33 3.909840324e+44 3.941511749e-02 1.357543647e+00
8.0626187213801062e+14 1.201200000e-03 1.027307642e+06 1.328712438e+33 1.397515568e+33 3.844710403e+44 3.867109452e-02 1.354480725e+00
8.0426187213801062e+14 1.299700000e-03 1.022657057e+06 1.315108567e+33 1.382332031e+33 3.780462046e+44 3.793939528e-02 1.351436112e+00
8.0226187213801062e+14 1.393700000e-03 1.026964166e+06 1.301595548e+33 1.367264417e+33 3.717103943e+44 3.722002825e-02 1.348410080e+00
8.0026187213801062e+14 1.484000000e-03 1.021593697e+06 1.288169565e+33 1.352310133e+33 3.654592633e+44 3.651244559e-02 1.345401620e+00
7.9826187213801062e+14 1.571300000e-03 1.027570372e+06 1.274838736e+33 1.337478893e+33 3.592980057e+44 3.581711829e-02 1.342412020e+00
7.9626187213801062e+14 1.656100000e-03 1.018011482e+06 1.261592557e+33 1.322759131e+33 3.532177022e+44 3.513303611e-02 1.339439860e+00
7.9426187213801062e+14 1.738800000e-03 1.025074469e+06 1.248434712e+33 1.308150330e+33 3.472214080e+44 3.446043857e-02 1.336485663e+00
7.9226187213801062e+14 1.819600000e-03 1.015650291e+06 1.235383527e+33 1.293677090e+33 3.413184618e+44 3.380020850e-02 1.333550901e+00
7.9026187213801062e+14 1.898800000e-03 1.016870898e+06 1.222423641e+33 1.279320479e+33 3.354981531e+44 3.315116952e-02 1.330634313e+00
7.8826187213801062e+14 1.976700000e-03 1.019041027e+06 1.209556131e+33 1.265081015e+33 3.297615677e+44 3.251335589e-02 1.327736078e+00
7.8626187213801062e+14 2.053400000e-03 1.012342546e+06 1.196779176e+33 1.250958383e+33 3.241058667e+44 3.188639540e-02 1.324855560e+00
7.8426187213801062e+14 2.129000000e-03 1.017553831e+06 1.184100435e+33 1.236956723e+33 3.185344283e+44 3.127056793e-02 1.321993706e+00
7.8226187213801062e+14 2.203600000e-03 1.010541937e+06 1.171530576e+33 1.223090684e+33 3.130524308e+44 3.066633446e-02 1.319151833e+00
7.8026187213801062e+14 2.277300000e-03 1.018266339e+06 1.159062126e+33 1.209352016e+33 3.076544005e+44 3.007305288e-02 1.316328803e+00
7.7826187213801062e+14 2.350300000e-03 1.018023286e+06 1.146693779e+33 1.195735345e+33 3.023399101e+44 2.949061177e-02 1.313524870e+00
7.7626187213801062e+14 2.422600000e-03 1.005491464e+06 1.134422722e+33 1.182241562e+33 2.971057024e+44 2.891859796e-02 1.310739067e+00
7.7426187213801062e+14 2.494300000e-03 1.003700920e+06 1.122247725e+33 1.168866887e+33 2.919499106e+44 2.835676118e-02 1.307971487e+00
7.7226187213801062e+14 2.565300000e-03 1.018745844e+06 1.110196998e+33 1.155641728e+33 2.868869360e+44 2.780649865e-02 1.305225447e+00
7.7026187213801062e+14 2.635800000e-03 1.008201355e+06 1.098255097e+33 1.142548782e+33 2.819078516e+44 2.726683322e-02 1.302499387e+00
7.6826187213801062e+14 2.705800000e-03 1.002455652e+06 1.086415301e+33 1.129581334e+33 2.770075064e+44 2.673716602e-02 1.299791919e+00
7.6626187213801062e+14 2.775300000e-03 1.006419102e+06 1.074687445e+33 1.116749982e+33 2.721900899e+44 2.621785875e-02 1.297104327e+00
7.6426187213801062e+14 2.844300000e-03 1.010676260e+06 1.063083369e+33 1.104066327e+33 2.674610001e+44 2.570938994e-02 1.294438152e+00
7.6226187213801062e+14 2.912900000e-03 1.003452451e+06 1.051591287e+33 1.091516793e+33 2.628130499e+44 2.521096686e-02 1.291791948e+00
7.6026187213801062e+14 2.981000000e-03 1.004977051e+06 1.040229401e+33 1.079122114e+33 2.582541794e+44 2.472332121e-02 1.289167803e+00
7.5826187213801062e+14 3.048700000e-03 1.000860862e+06 1.028990230e+33 1.066873317e+33 2.537796444e+44 2.424591028e-02 1.286564924e+00
7.5626187213801062e+14 3.116700000e-03 1.007182323e+06 1.017756145e+33 1.054641470e+33 2.493422511e+44 2.377364749e-02 1.283955407e+00
7.5426187213801062e+14 3.184600000e-03 1.010995821e+06 1.006608765e+33 1.042515759e+33 2.449754518e+44 2.331001753e-02 1.281356660e+00
7.5226187213801062e+14 3.252000000e-03 1.004955073e+06 9.956087377e+32 1.030562481e+33 2.407015744e+44 2.285733227e-02 1.278782276e+00
7.5026187213801062e+14 3.318800000e-03 1.006229139e+06 9.847820709e+32 1.018807014e+33 2.365318055e+44 2.241663627e-02 1.276235721e+00
7.4826187213801062e+14 3.385100000e-03 1.019757052e+06 9.741089567e+32 1.007229981e+33 2.324552604e+44 2.198676594e-02 1.273714146e+00
7.4626187213801062e+14 3.450700000e-03 1.004510106e+06 9.636219493e+32 9.958659973e+32 2.284851633e+44 2.156896553e-02 1.271221735e+00
7.4426187213801062e+14 3.515400000e-03 1.005260110e+06 9.533636480e+32 9.847599535e+32 2.246391533e+44 2.116490775e-02 1.268764224e+00
7.4226187213801062e+14 3.579000000e-03 1.007676309e+06 9.433574652e+32 9.739358748e+32 2.209254705e+44 2.077530985e-02 1.266344064e+00
8.1026187213801062e+14 9.848000000e-04 1.030399619e+06 1.356184989e+33 1.428233534e+33 3.975835435e+44 4.017136143e-02 1.360624065e+00
8.1226187213801062e+14 8.621000000e-04 1.037843589e+06 1.370049377e+33 1.443760197e+33 4.042713958e+44 4.094011552e-02 1.363722631e+00
8.1426187213801062e+14 7.231000000e-04 1.035590495e+06 1.384000658e+33 1.459402836e+33 4.110479343e+44 4.172149707e-02 1.366839155e+00
8.1626187213801062e+14 5.559000000e-04 1.040376378e+06 1.398032883e+33 1.475154350e+33 4.179114541e+44 4.251541171e-02 1.369973329e+00
8.1826187213801062e+14 3.184000000e-04 1.036952175e+06 1.412154010e+33 1.491022567e+33 4.248677806e+44 4.332256525e-02 1.373125917e+00
