2.7123449507015170e+15 3.503000000e-02 3.504000000e-02 1.113458382e+06 4.676334879e+33 -4.887548460e-01 4.676354860e+33 2.238184749e-03 -7.120885575e-03 -4.738931311e-13 5.929525669e+00
2.7143449507015170e+15 7.566000000e-02 7.567000000e-02 1.115678886e+06 4.668140835e+33 -4.856719033e-01 4.668225102e+33 4.628330259e-03 -1.465358925e-02 -1.641117444e-12 5.931181643e+00
2.7163449507015170e+15 8.616000000e-02 8.617000000e-02 1.116080536e+06 4.665382361e+33 -4.848947403e-01 4.665487553e+33 5.179078505e-03 -1.637854490e-02 -2.297903889e-12 5.837056577e+00
2.7183449507015170e+15 9.261000000e-02 9.262000000e-02 1.116029955e+06 4.663650526e+33 -4.846292569e-01 4.663769106e+33 5.500111731e-03 -1.738922163e-02 -7.941461884e-13 5.931443724e+00
2.7203449507015170e+15 9.722000000e-02 9.723000000e-02 1.117531384e+06 4.662435168e+33 -4.833207079e-01 4.662561063e+33 5.688890539e-03 -1.794368608e-02 -1.119010458e-12 5.743756224e+00
2.7223449507015170e+15 1.007600000e-01 1.007700000e-01 1.117289823e+06 4.661517538e+33 -4.833366696e-01 4.661650735e+33 5.849438310e-03 -1.845219509e-02 -5.797321270e-13 6.026786277e+00
2.7243449507015170e+15 1.035500000e-01 1.035600000e-01 1.118399935e+06 4.660832823e+33 -4.824103610e-01 4.660969627e+33 5.944623640e-03 -1.872085025e-02 -1.079093384e-12 5.461160432e+00
2.7263449507015170e+15 1.057900000e-01 1.058000000e-01 1.118123440e+06 4.660310409e+33 -4.825202015e-01 4.660451666e+33 6.037315290e-03 -1.901835421e-02 -1.014773813e-12 5.366552568e+00
2.7283449507015170e+15 1.076100000e-01 1.076200000e-01 1.118660050e+06 4.659907371e+33 -4.820615189e-01 4.660050892e+33 6.093811462e-03 -1.918004922e-02 -3.371867821e-13 5.555779631e+00
2.7303449507015170e+15 1.090900000e-01 1.091000000e-01 1.118887999e+06 4.659600250e+33 -4.818422792e-01 4.659745751e+33 6.139489189e-03 -1.931667469e-02 -1.260366250e-12 5.461552899e+00
8.9880000000000000e+15 2.630000000e-03 2.640000000e-03 9.570119513e+05 4.104073431e+33 -5.065516689e-01 4.104073449e+33 -5.500639207e-05 1.988593646e-04 -1.461441739e-12 6.098624995e+00
8.9680000000000000e+15 9.620000000e-03 9.630000000e-03 9.579044633e+05 4.106042978e+33 -5.061560657e-01 4.106043218e+33 -1.988437043e-04 7.180098508e-04 -6.051066799e-13 4.766323571e+00
8.9480000000000000e+15 1.338000000e-02 1.339000000e-02 9.578963050e+05 4.108039890e+33 -5.065891837e-01 4.108040348e+33 -2.744410285e-04 9.913926901e-04 -1.102843207e-12 6.480058080e+00
8.9280000000000000e+15 1.633000000e-02 1.634000000e-02 9.585077395e+05 4.110069004e+33 -5.064625161e-01 4.110069671e+33 -3.314293709e-04 1.196446446e-03 -2.131200116e-12 5.338067732e+00
8.9080000000000000e+15 1.887000000e-02 1.888000000e-02 9.600498551e+05 4.112121576e+33 -5.054920550e-01 4.112122437e+33 -3.772617749e-04 1.359143060e-03 -4.308791710e-14 4.863244816e+00
8.8880000000000000e+15 2.114000000e-02 2.115000000e-02 9.591554585e+05 4.114219253e+33 -5.067557351e-01 4.114220323e+33 -4.198339543e-04 1.515792820e-03 -9.709350571e-13 4.481702893e+00
8.8680000000000000e+15 2.325000000e-02 2.326000000e-02 9.597715349e+05 4.116380788e+33 -5.066526696e-01 4.116382046e+33 -4.555600845e-04 1.643732649e-03 -1.673602603e-12 4.482210648e+00
8.8480000000000000e+15 2.526000000e-02 2.527000000e-02 9.605594511e+05 4.118608126e+33 -5.064075161e-01 4.118609562e+33 -4.873146707e-04 1.756103054e-03 -1.476307397e-12 4.673242564e+00
8.8280000000000000e+15 2.727000000e-02 2.728000000e-02 9.606367875e+05 4.120969326e+33 -5.068403328e-01 4.120970947e+33 -5.175122749e-04 1.866457650e-03 -1.023919945e-12 4.482929075e+00
8.8080000000000000e+15 2.947000000e-02 2.948000000e-02 9.602161127e+05 4.123655712e+33 -5.077975794e-01 4.123657531e+33 -5.476403824e-04 1.977922104e-03 -8.427036236e-13 4.577775051e+00
