2.0364416437012555e+15 1.020000000e-03 1.030000000e-03 1.140067303e+06 4.893630451e+33 -5.073664071e-01 4.893630543e+33 1.910592903e-04 -3.667774841e-04 -1.547746706e-12 5.980374638e+01
2.0374416437012555e+15 4.344000000e-02 4.345000000e-02 1.140279503e+06 4.887137708e+33 -5.060570045e-01 4.887311147e+33 8.038688628e-03 -1.539907804e-02 -1.408609087e-12 5.483240404e+01
2.0384416437012555e+15 5.968000000e-02 5.969000000e-02 1.140411209e+06 4.881400804e+33 -5.049455475e-01 4.881722800e+33 1.097012556e-02 -2.097773099e-02 -1.340017713e-12 5.582679835e+01
2.0394416437012555e+15 7.115000000e-02 7.116000000e-02 1.140495459e+06 4.876307730e+33 -5.039857730e-01 4.876758616e+33 1.299834330e-02 -2.481932996e-02 -1.477873355e-12 5.383826483e+01
2.0404416437012555e+15 8.012000000e-02 8.013000000e-02 1.141940760e+06 4.871733637e+33 -5.020852020e-01 4.872290771e+33 1.451525965e-02 -2.759559325e-02 -4.776631914e-14 5.483361503e+01
2.0414416437012555e+15 8.749000000e-02 8.750000000e-02 1.141007225e+06 4.867606171e+33 -5.020708843e-01 4.868267757e+33 1.579502589e-02 -3.005883382e-02 -1.330574588e-12 5.085575542e+01
2.0424416437012555e+15 9.375000000e-02 9.376000000e-02 1.140998536e+06 4.863834876e+33 -5.014177121e-01 4.864585756e+33 1.684076355e-02 -3.201893914e-02 -1.566603804e-12 6.079869687e+01
2.0434416437012555e+15 9.915000000e-02 9.916000000e-02 1.140711337e+06 4.860422560e+33 -5.010386067e-01 4.861255343e+33 1.773602361e-02 -3.371315287e-02 -2.539847209e-12 5.184982650e+01
2.0444416437012555e+15 1.039200000e-01 1.039300000e-01 1.141256260e+06 4.857259196e+33 -5.000749511e-01 4.858160137e+33 1.848553304e-02 -3.506766048e-02 -1.821408558e-12 4.986164829e+01
2.0454416437012555e+15 1.081400000e-01 1.081500000e-01 1.141036899e+06 4.854366844e+33 -4.997361400e-01 4.855334628e+33 1.916065737e-02 -3.633937132e-02 -1.452881628e-12 5.185007985e+01
2.0464416437012555e+15 1.119500000e-01 1.119600000e-01 1.141371658e+06 4.851673478e+33 -4.990149129e-01 4.852697725e+33 1.974002837e-02 -3.738506288e-02 -1.505206460e-12 6.179325371e+01
2.0474416437012555e+15 1.153700000e-01 1.153800000e-01 1.141135367e+06 4.849220356e+33 -4.987656152e-01 4.850300509e+33 2.027055084e-02 -3.838593125e-02 -1.093400925e-12 4.886725813e+01
2.0484416437012555e+15 1.184900000e-01 1.185000000e-01 1.141923219e+06 4.846922779e+33 -4.977758259e-01 4.848044365e+33 2.070717350e-02 -3.912250849e-02 -1.459527661e-12 5.881076218e+01
2.0494416437012555e+15 1.213300000e-01 1.213400000e-01 1.141362893e+06 4.844840115e+33 -4.978332163e-01 4.846012042e+33 2.114689500e-02 -3.998083393e-02 -8.236249886e-13 4.986172592e+01
2.0504416437012555e+15 1.239400000e-01 1.239500000e-01 1.142139305e+06 4.842861898e+33 -4.969098996e-01 4.844066617e+33 2.149206275e-02 -4.054468286e-02 -1.667481815e-12 5.682234030e+01
2.0514416437012555e+15 1.263500000e-01 1.263600000e-01 1.141496506e+06 4.841027951e+33 -4.970713727e-01 4.842277253e+33 2.185979300e-02 -4.127677587e-02 -1.407796059e-12 4.986183171e+01
2.0524416437012555e+15 1.285600000e-01 1.285700000e-01 1.141784706e+06 4.839337592e+33 -4.965632951e-01 4.840618020e+33 2.215479673e-02 -4.179006212e-02 -1.224619669e-12 4.886775707e+01
2.0534416437012555e+15 1.306100000e-01 1.306200000e-01 1.142062018e+06 4.837771513e+33 -4.960855866e-01 4.839080325e+33 2.242257721e-02 -4.225287851e-02 -1.840830537e-12 5.582799542e+01
2.0544416437012555e+15 1.325100000e-01 1.325200000e-01 1.141812803e+06 4.836316820e+33 -4.960193877e-01 4.837657513e+33 2.268709929e-02 -4.275890773e-02 -1.455062780e-12 4.886777773e+01
2.0554416437012555e+15 1.342800000e-01 1.342900000e-01 1.142714355e+06 4.834952549e+33 -4.951137469e-01 4.836309104e+33 2.288009136e-02 -4.302337090e-02 -1.399085169e-12 4.986274971e+01
2.0564416437012555e+15 1.359200000e-01 1.359300000e-01 1.141801045e+06 4.833691751e+33 -4.955734935e-01 4.835083691e+33 2.312963406e-02 -4.356536302e-02 -1.006704407e-12 5.284494393e+01
2.0574416437012555e+15 1.374500000e-01 1.374600000e-01 1.142501799e+06 4.832527876e+33 -4.948528014e-01 4.833933600e+33 2.329117228e-02 -4.378996562e-02 -6.319704851e-13 5.085687635e+01
2.0584416437012555e+15 1.388800000e-01 1.388900000e-01 1.142832673e+06 4.831426038e+33 -4.944172849e-01 4.832848135e+33 2.345204863e-02 -4.404817833e-02 -1.925257584e-12 4.886854943e+01
2.0594416437012555e+15 1.402000000e-01 1.402100000e-01 1.142531079e+06 4.830435363e+33 -4.944694606e-01 4.831879860e+33 2.362322000e-02 -4.438785529e-02 -1.371958186e-12 4.687974893e+01
2.0604416437012555e+15 1.414300000e-01 1.414400000e-01 1.143580543e+06 4.829518010e+33 -4.935363515e-01 4.830966019e+33 2.371997047e-02 -4.445849353e-02 -1.953541449e-13 4.886912167e+01
2.0614416437012555e+15 1.425700000e-01 1.425800000e-01 1.142268721e+06 4.828682661e+33 -4.943607771e-01 4.830162994e+33 2.390806058e-02 -4.492902867e-02 -7.562842283e-13 4.886812422e+01
2.0624416437012555e+15 1.436400000e-01 1.436500000e-01 1.142751665e+06 4.827898764e+33 -4.938686862e-01 4.829386935e+33 2.400499160e-02 -4.505457238e-02 -1.577202174e-12 5.185134254e+01
2.0634416437012555e+15 1.446100000e-01 1.446200000e-01 1.142971010e+06 4.827233190e+33 -4.935922212e-01 4.828730870e+33 2.409851109e-02 -4.520170792e-02 -1.442041110e-12 4.886866416e+01
2.0644416437012555e+15 1.455200000e-01 1.455300000e-01 1.142598320e+06 4.826579440e+33 -4.937543016e-01 4.828093379e+33 2.420985990e-02 -4.543890373e-02 -1.279570142e-12 5.284552035e+01
2.0654416437012555e+15 1.463300000e-01 1.463400000e-01 1.143044088e+06 4.826046747e+33 -4.933339290e-01 4.827564335e+33 2.426925195e-02 -4.550117163e-02 -1.498979878e-12 4.688014059e+01
