1.0154000000000000e+15 4.570000000e-03 4.580000000e-03 2.855640826e+33 1.411115858e+45 2.008797203e+00 3.540285298e+06 2.678974969e+02 2.969729742e+02 1.374217143e+03 1.200591857e+04
1.0155250837053571e+15 1.255000000e-02 0.000000000e+00 2.851844481e+33 1.407923785e+45 2.009212765e+00 2.283690971e+06 2.696078824e+02 2.888159271e+02 1.044582260e+03 2.087493255e+03
1.0156693080357142e+15 1.762000000e-02 0.000000000e+00 2.847584370e+33 1.404342515e+45 2.008528949e+00 4.803962801e+06 2.699104168e+02 3.137243190e+02 1.208116199e+03 1.786676049e+03
1.0158135323660714e+15 2.141000000e-02 0.000000000e+00 2.843452882e+33 1.400880635e+45 2.010538683e+00 -2.819521746e+06 2.731980115e+02 2.238750655e+02 1.539915199e+02 3.577996526e+02
1.0159577566964286e+15 2.453000000e-02 0.000000000e+00 2.839461083e+33 1.397535859e+45 2.009765173e+00 -4.456916294e+06 2.731586373e+02 2.174688348e+02 2.111991132e+02 3.635700976e+02
1.0161019810267858e+15 2.722000000e-02 0.000000000e+00 2.835571115e+33 1.394282997e+45 2.008427636e+00 1.390556799e+07 2.748873208e+02 4.005640772e+02 4.067840698e+03 1.032337748e+03
1.0162462053571429e+15 2.960000000e-02 0.000000000e+00 2.831790019e+33 1.391129182e+45 2.008722520e+00 -4.588473125e+06 2.740709384e+02 2.514211095e+02 5.103434764e+02 3.793541533e+02
1.0163904296875000e+15 3.175000000e-02 0.000000000e+00 2.828090546e+33 1.388054459e+45 2.011755235e+00 -4.339227604e+06 2.797681416e+02 1.963885165e+02 5.574944465e+01 -1.959862798e+04
1.0165346540178571e+15 3.370000000e-02 0.000000000e+00 2.824531435e+33 1.385086687e+45 2.011114011e+00 -5.884026439e+06 2.790061921e+02 1.784968068e+02 8.733997248e+01 1.610782606e+02
1.0166788783482142e+15 3.549000000e-02 0.000000000e+00 2.821053113e+33 1.382223425e+45 2.007959050e+00 3.073807409e+07 2.810940152e+02 5.535887570e+02 8.468582328e+03 1.578143076e+05
1.0168231026785714e+15 3.716000000e-02 0.000000000e+00 2.817662089e+33 1.379395831e+45 2.009411612e+00 1.478994805e+07 2.849661504e+02 4.919057726e+02 5.226726730e+03 7.251010723e+04
1.0169673270089286e+15 3.871000000e-02 0.000000000e+00 2.814359409e+33 1.376673775e+45 2.010999818e+00 -7.344835101e+06 2.817077876e+02 1.614502723e+02 -2.260261361e+03 -1.325179906e+02
1.0171115513392858e+15 4.017000000e-02 0.000000000e+00 2.811134097e+33 1.374002361e+45 2.011777735e+00 -7.342271642e+06 2.829296552e+02 1.402974205e+02 -2.408629309e+03 3.293251927e+02
1.0172557756696429e+15 4.153000000e-02 0.000000000e+00 2.808014496e+33 1.371435994e+45 2.010433265e+00 -8.576322278e+06 2.828843859e+02 1.688696274e+02 9.166099464e+01 -2.314176334e+02
1.0174000000000000e+15 4.282000000e-02 4.283000000e-02 2.804953210e+33 1.368910130e+45 2.009803999e+00 -7.644680859e+06 2.855325558e+02 2.763171050e+02 1.519139639e+03 1.605807054e+04
1.0174000000000000e+15 4.282000000e-02 0.000000000e+00 2.804957901e+33 1.368925932e+45 2.009090875e+00 2.108736526e+07 2.906292894e+02 5.847684899e+02 7.288393951e+03 1.029484263e+05
1.0194000000000000e+15 5.571000000e-02 5.572000000e-02 2.769294002e+33 1.339840593e+45 2.009966869e+00 -7.964973343e+05 2.973748786e+02 2.620173182e+02 1.360622865e+03 -3.135084171e+03
1.0214000000000000e+15 6.356000000e-02 6.357000000e-02 2.743212120e+33 1.318930645e+45 2.053901479e+00 2.126005809e+04 4.082744126e+02 3.648283827e+02 3.444936362e+02 3.372317568e+02
1.0234000000000000e+15 6.892000000e-02 6.893000000e-02 2.723792271e+33 1.303588495e+45 0.000000000e+00 0.000000000e+00 0.000000000e+00 0.000000000e+00 0.000000000e+00 0.000000000e+00
1.0254000000000000e+15 7.275000000e-02 7.276000000e-02 2.709458824e+33 1.292404126e+45 0.000000000e+00 0.000000000e+00 0.000000000e+00 0.000000000e+00 0.000000000e+00 0.000000000e+00
1.0274000000000000e+15 7.550000000e-02 7.551000000e-02 2.699331995e+33 1.284581319e+45 0.000000000e+00 0.000000000e+00 0.000000000e+00 0.000000000e+00 0.000000000e+00 0.000000000e+00
