7.4320000000000000e+14 7.970000000e-05 7.980000000e-05 1.828919670e+33 7.279382305e+44 2.006850164e+00 -2.292891787e+06 3.043002817e+03 2.963913064e+03 1.736371679e+03 9.706571318e+03
7.3720000000000000e+14 8.126000000e-04 8.127000000e-04 1.780228708e+33 6.964395900e+44 2.005498473e+00 1.867033899e+08 4.679460103e+03 6.831430333e+03 4.527476723e+04 5.832272270e+05
7.3120000000000000e+14 1.175300000e-03 1.175400000e-03 1.732154998e+33 6.659232618e+44 2.007766146e+00 -9.210647253e+08 6.703040992e+03 2.024833514e+03 -1.534672454e+05 -2.845325673e+06
7.2520000000000000e+14 1.475500000e-03 1.475600000e-03 1.684475282e+33 6.362303722e+44 2.002940837e+00 5.731362924e+08 8.526355762e+03 1.667290694e+04 1.413733294e+05 1.651395672e+06
7.1920000000000000e+14 1.745600000e-03 1.745700000e-03 1.637499594e+33 6.075343967e+44 2.008123187e+00 -4.740446297e+08 1.114215278e+04 8.539269799e+03 -9.128047229e+04 -1.345982144e+06
7.1320000000000000e+14 1.998500000e-03 1.998600000e-03 1.591273480e+33 5.798484800e+44 2.015804102e+00 -3.434502631e+09 1.377431113e+04 -1.108846823e+04 -6.363698729e+05 -9.509752797e+06
7.0720000000000000e+14 2.241100000e-03 2.241200000e-03 1.545757803e+33 5.531231837e+44 1.997033260e+00 2.923536064e+09 1.750315673e+04 4.583770194e+04 5.652801270e+05 7.828970233e+06
7.0120000000000000e+14 2.476700000e-03 2.476800000e-03 1.501063152e+33 5.274031986e+44 1.997997973e+00 4.810092847e+09 2.286118521e+04 5.691095541e+04 7.922186497e+05 1.283979264e+07
6.9520000000000000e+14 2.707500000e-03 2.707600000e-03 1.457239845e+33 5.026975612e+44 2.001713488e+00 2.877015062e+09 2.760123960e+04 4.930974815e+04 4.634194215e+05 7.491851738e+06
6.8920000000000000e+14 2.935200000e-03 2.935300000e-03 1.414296601e+33 4.789837227e+44 2.023106234e+00 -2.017995817e+10 3.124631695e+04 -6.197089243e+04 -2.810968051e+06 -5.066063064e+07
6.8320000000000000e+14 3.160300000e-03 3.160400000e-03 1.372363658e+33 4.563114308e+44 2.014445255e+00 -4.094370681e+09 3.662118535e+04 1.135139224e+04 -6.881162297e+05 -9.223719643e+06
6.7720000000000000e+14 3.383100000e-03 3.383200000e-03 1.331554369e+33 4.347220342e+44 2.017079797e+00 -6.230935407e+09 4.178653197e+04 5.129903689e+01 -1.043722603e+06 -1.388607318e+07
6.7120000000000000e+14 3.603900000e-03 3.604000000e-03 1.291953647e+33 4.142431428e+44 1.994485338e+00 1.108406931e+09 5.538874570e+04 1.138018243e+05 6.905176775e+05 -9.427062182e+04
6.7120000000000000e+14 3.603900000e-03 3.604000000e-03 1.291953647e+33 4.142431428e+44 1.994485338e+00 1.108406931e+09 5.538874570e+04 1.138018243e+05 6.905176775e+05 -9.427062182e+04
6.7020000000000000e+14 3.640500000e-03 3.640600000e-03 1.285476694e+33 4.109385409e+44 2.029559352e+00 -3.012538248e+10 5.095695275e+04 -1.075574076e+05 -4.235894187e+06 -6.711496703e+07
6.6920000000000000e+14 3.676900000e-03 3.677000000e-03 1.279068806e+33 4.076836841e+44 2.024244574e+00 -3.803695933e+10 5.447392713e+04 -1.062098801e+05 -4.818639872e+06 -8.691388177e+07
6.6820000000000000e+14 3.713300000e-03 3.713400000e-03 1.272677919e+33 4.044486492e+44 2.049914964e+00 -4.071776053e+10 5.021766410e+04 -2.096844116e+05 -6.157808855e+06 -8.767979229e+07
6.6720000000000000e+14 3.749400000e-03 3.749500000e-03 1.266381573e+33 4.012786369e+44 2.017898182e+00 -1.711806221e+10 5.763111758e+04 -2.318878276e+04 -2.297165653e+06 -3.732383662e+07
6.6620000000000000e+14 3.785400000e-03 3.785500000e-03 1.260127412e+33 3.981431705e+44 1.981125552e+00 2.615611601e+10 6.152318943e+04 2.387398986e+05 3.858469189e+06 5.560918982e+07
6.6520000000000000e+14 3.821300000e-03 3.821400000e-03 1.253912627e+33 3.950365285e+44 2.000531474e+00 1.584860388e+10 6.329427355e+04 1.369301068e+05 1.929157339e+06 3.569885506e+07
6.6520000000000000e+14 3.821300000e-03 3.821400000e-03 1.253912627e+33 3.950365285e+44 2.000531474e+00 1.584860388e+10 6.329427355e+04 1.369301068e+05 1.929157339e+06 3.569885506e+07
6.6420000000000000e+14 3.856900000e-03 3.857000000e-03 1.247787005e+33 3.919938021e+44 2.024139113e+00 -3.853479269e+10 6.298501027e+04 -8.267657950e+04 -4.520218374e+06 -8.433298049e+07
6.6320000000000000e+14 3.892100000e-03 3.892200000e-03 1.241773543e+33 3.890254939e+44 2.031740046e+00 -2.984060438e+10 6.190871727e+04 -1.009541774e+05 -4.134985992e+06 -6.133280055e+07
6.6220000000000000e+14 3.927000000e-03 3.927100000e-03 1.235833335e+33 3.861052209e+44 2.019634788e+00 -2.980592920e+10 7.159518423e+04 -4.299799314e+04 -3.560024843e+06 -6.340355698e+07
