6.3027752659234600e+14 1.347200000e-03 1.231975723e+06 2.144036836e+33 2.308228539e+33 1.045811944e+45 1.163233969e-01 1.497833281e+00
6.2827752659234600e+14 1.479400000e-03 1.228328982e+06 2.121247690e+33 2.281662157e+33 1.027457319e+45 1.139004244e-01 1.492834110e+00
6.2627752659234600e+14 1.605100000e-03 1.222052155e+06 2.098576171e+33 2.255276234e+33 1.009337184e+45 1.115194687e-01 1.487868045e+00
6.2427752659234600e+14 1.725800000e-03 1.223310199e+06 2.076023271e+33 2.229070193e+33 9.914501570e+44 1.091799756e-01 1.482934964e+00
6.2227752659234600e+14 1.842600000e-03 1.220420829e+06 2.053588266e+33 2.203041433e+33 9.737941447e+44 1.068813191e-01 1.478034747e+00
6.2027752659234600e+14 1.956200000e-03 1.217145926e+06 2.031282286e+33 2.177201712e+33 9.563771803e+44 1.046240534e-01 1.473168196e+00
6.1827752659234600e+14 2.067300000e-03 1.216370892e+06 2.009084612e+33 2.151530642e+33 9.391746331e+44 1.024049852e-01 1.468333621e+00
6.1627752659234600e+14 2.176200000e-03 1.212417974e+06 1.987032455e+33 2.126065390e+33 9.222242582e+44 1.002280284e-01 1.463533417e+00
6.1427752659234600e+14 2.283300000e-03 1.211756705e+06 1.965111864e+33 2.100790634e+33 9.055066284e+44 9.809061858e-02 1.458766688e+00
6.1227752659234600e+14 2.388900000e-03 1.208254528e+06 1.943324558e+33 2.075708968e+33 8.890206296e+44 9.599226929e-02 1.454033517e+00
6.1027752659234600e+14 2.493200000e-03 1.205197227e+06 1.921682202e+33 2.050832741e+33 8.727753699e+44 9.393365489e-02 1.449334855e+00
6.0827752659234600e+14 2.596500000e-03 1.205381480e+06 1.900158878e+33 2.026129851e+33 8.567423161e+44 9.191115130e-02 1.444667777e+00
6.0627752659234600e+14 2.698900000e-03 1.199423800e+06 1.878794394e+33 2.001647217e+33 8.409608821e+44 8.992891331e-02 1.440036660e+00
6.0427752659234600e+14 2.800500000e-03 1.198413606e+06 1.857569595e+33 1.977359435e+33 8.254052842e+44 8.798363701e-02 1.435438742e+00
6.0227752659234600e+14 2.901400000e-03 1.202071491e+06 1.836504072e+33 1.953292762e+33 8.100923818e+44 8.607690064e-02 1.430876235e+00
6.0027752659234600e+14 3.001700000e-03 1.200982984e+06 1.815595811e+33 1.929440024e+33 7.950170277e+44 8.420776419e-02 1.426348678e+00
5.9827752659234600e+14 3.101600000e-03 1.193556730e+06 1.794828746e+33 1.905783801e+33 7.801630474e+44 8.237407214e-02 1.421854502e+00
5.9627752659234600e+14 3.201000000e-03 1.187327056e+06 1.774233323e+33 1.882357888e+33 7.655528830e+44 8.057801027e-02 1.417396449e+00
5.9427752659234600e+14 3.300000000e-03 1.185608317e+06 1.753804469e+33 1.859153948e+33 7.511794165e+44 7.881843743e-02 1.412973899e+00
5.9227752659234600e+14 3.398300000e-03 1.186872659e+06 1.733620896e+33 1.836264788e+33 7.370964855e+44 7.710148289e-02 1.408602284e+00
5.9027752659234600e+14 3.496300000e-03 1.188500858e+06 1.713607558e+33 1.813600011e+33 7.232470234e+44 7.541991737e-02 1.404266046e+00
5.8827752659234600e+14 3.594000000e-03 1.184305705e+06 1.693778074e+33 1.791175830e+33 7.096394026e+44 7.377435336e-02 1.399966642e+00
5.8627752659234600e+14 3.691500000e-03 1.180367193e+06 1.674119084e+33 1.768976140e+33 6.962595390e+44 7.216290977e-02 1.395702563e+00
5.8427752659234600e+14 3.788600000e-03 1.179260193e+06 1.654675645e+33 1.747052207e+33 6.831396437e+44 7.058881600e-02 1.391478199e+00
5.8227752659234600e+14 3.885400000e-03 1.172951924e+06 1.635437474e+33 1.725388641e+33 6.702689041e+44 6.905054543e-02 1.387292504e+00
5.8027752659234600e+14 3.981900000e-03 1.175023970e+06 1.616410751e+33 1.703993497e+33 6.576485969e+44 6.754791731e-02 1.383146120e+00
5.7827752659234600e+14 4.078000000e-03 1.175846133e+06 1.597616071e+33 1.682889425e+33 6.452901716e+44 6.608186355e-02 1.379041162e+00
5.7627752659234600e+14 4.173600000e-03 1.175759269e+06 1.579077935e+33 1.662099739e+33 6.332092405e+44 6.465372781e-02 1.374979820e+00
5.7427752659234600e+14 4.268600000e-03 1.173167094e+06 1.560814594e+33 1.641647444e+33 6.214140057e+44 6.326408599e-02 1.370964466e+00
5.7227752659234600e+14 4.362700000e-03 1.174545841e+06 1.542893709e+33 1.621605253e+33 6.099518314e+44 6.191768407e-02 1.367002038e+00
5.7027752659234600e+14 4.455600000e-03 1.178339083e+06 1.525360168e+33 1.602021222e+33 5.988493835e+44 6.061701951e-02 1.363097652e+00
6.3227752659234600e+14 1.206200000e-03 1.229012145e+06 2.166945054e+33 2.334974649e+33 1.064405397e+45 1.187892476e-01 1.502865316e+00
6.3427752659234600e+14 1.053000000e-03 1.234068140e+06 2.189960719e+33 2.361889297e+33 1.083230651e+45 1.212976066e-01 1.507930373e+00
6.3627752659234600e+14 8.808000000e-04 1.235509621e+06 2.213081020e+33 2.388971383e+33 1.102281060e+45 1.238480511e-01 1.513027527e+00
6.3827752659234600e+14 6.753000000e-04 1.242646801e+06 2.236309937e+33 2.416224854e+33 1.121569472e+45 1.264424890e-01 1.518157587e+00
6.4027752659234600e+14 3.859000000e-04 1.246463328e+06 2.259648533e+33 2.443650589e+33 1.141096739e+45 1.290814847e-01 1.523321197e+00
