2.5692500000000000e+15 6.890000000e-03 1.013210928e+06 4.397180252e+33 5.418666138e+33 2.277971295e+45 9.463534350e-01 5.594420588e+00
2.5692500000000000e+15 7.031000000e-02 1.014729168e+06 4.380435983e+33 5.390131432e+33 2.263501757e+45 9.340182054e-01 5.556796636e+00
2.5691000000000000e+15 2.924000000e-02 1.013161427e+06 4.394361789e+33 5.413859016e+33 2.274924091e+45 9.442307457e-01 5.589348970e+00
2.5691000000000000e+15 6.535000000e-02 1.014477674e+06 4.382680881e+33 5.393945594e+33 2.265212002e+45 9.356276447e-01 5.562169113e+00
2.5690000000000000e+15 4.087000000e-02 1.014150077e+06 4.391536469e+33 5.409037822e+33 2.272585624e+45 9.421192389e-01 5.582588482e+00
2.5690000000000000e+15 5.952000000e-02 1.014651644e+06 4.385142833e+33 5.398150125e+33 2.267982017e+45 9.374120202e-01 5.565970615e+00
2.5702631178166050e+15 8.485000000e-02 1.015553337e+06 4.373087378e+33 5.377653467e+33 2.259358513e+45 9.288909730e-01 5.536427156e+00
2.5712631178166050e+15 9.195000000e-02 1.015745168e+06 4.369150449e+33 5.370990033e+33 2.254760598e+45 9.262629659e-01 5.532021523e+00
2.5722631178166050e+15 9.681000000e-02 1.015637683e+06 4.366336809e+33 5.366197160e+33 2.254792459e+45 9.244537651e-01 5.521138220e+00
2.5732631178166050e+15 1.004900000e-01 1.016039391e+06 4.364187194e+33 5.362569059e+33 2.252814727e+45 9.231310096e-01 5.518078332e+00
2.5742631178166050e+15 1.034400000e-01 1.016527391e+06 4.362453029e+33 5.359639359e+33 2.251855517e+45 9.221104230e-01 5.514325611e+00
2.5752631178166050e+15 1.058700000e-01 1.016934568e+06 4.361016682e+33 5.357197402e+33 2.251505463e+45 9.213056365e-01 5.510369491e+00
2.5762631178166050e+15 1.079300000e-01 1.016572112e+06 4.359821756e+33 5.355187772e+33 2.249275232e+45 9.206773030e-01 5.512071388e+00
2.5772631178166050e+15 1.096800000e-01 1.017119358e+06 4.358808932e+33 5.353472755e+33 2.250499421e+45 9.201804365e-01 5.506099915e+00
2.5782631178166050e+15 1.112000000e-01 1.017477383e+06 4.357941885e+33 5.351996222e+33 2.250283101e+45 9.197890466e-01 5.504287024e+00
2.5792631178166050e+15 1.125100000e-01 1.016828597e+06 4.357220214e+33 5.350771398e+33 2.250264376e+45 9.195039040e-01 5.502626436e+00
2.5802631178166050e+15 1.136500000e-01 1.017177113e+06 4.356613065e+33 5.349760697e+33 2.250191119e+45 9.193021453e-01 5.501598148e+00
2.5812631178166050e+15 1.146300000e-01 1.017605734e+06 4.356109072e+33 5.348906681e+33 2.249823723e+45 9.191747417e-01 5.501733982e+00
