2.8000000000000012e+14 0.5309876458166012 -1.5299297869205475
2.8095278356298347e+14 0.5289129628490620 -1.5330575406551361
2.8190880925638788e+14 0.5268565561657788 -1.5361718833446503
2.8286808811252962e+14 0.5248150241683125 -1.5392772853374481
2.8383063120126581e+14 0.5227904031391309 -1.5423722565174103
2.8479644963012206e+14 0.5207811924606801 -1.5454582870006561
2.8576555454442062e+14 0.5187906669975422 -1.5485279262065887
2.8673795712741019e+14 0.5168089591003036 -1.5515990555286407
2.8771366860039025e+14 0.5148326673280724 -1.5546746551990509
2.8869270022284769e+14 0.5128757967003763 -1.5577338635921478
2.8967506329258200e+14 0.5109319298275448 -1.5607856214046478
2.9066076914583675e+14 0.5090070442935049 -1.5638224780559540
2.9164982915743050e+14 0.5070966576438687 -1.5668474137783051
2.9264225474088800e+14 0.5052029164352896 -1.5698604285717010
2.9363805734857188e+14 0.5033250540546197 -1.5728600323200226
2.9463724847181506e+14 0.5014642747505363 -1.5758462250232697
2.9563983964105281e+14 0.4996049925853162 -1.5788413584232330
2.9664584242595650e+14 0.4977542317537763 -1.5818350017070770
2.9765526843556650e+14 0.4959217863166659 -1.5848122537136078
2.9866812931842769e+14 0.4941083669290975 -1.5877701342105865
2.9968443676271906e+14 0.4923062453459789 -1.5907220542430878
3.0070420249639562e+14 0.4905209395095627 -1.5936575829982758
3.0172743828731912e+14 0.4887516795083698 -1.5965797007083893
3.0275415594339494e+14 0.4869984562465955 -1.5994854271411896
3.0378436731270838e+14 0.4852538309296676 -1.6023881733417511
3.0481808428366138e+14 0.4835183753425043 -1.6052864491939545
3.0585531878510975e+14 0.4817986626615578 -1.6081698238849640
3.0689608278650075e+14 0.4800936788826292 -1.6110397875308990
3.0794038829801131e+14 0.4784034874091647 -1.6138948500156403
3.0898824737068650e+14 0.4767301719915495 -1.6167320311069489
3.1003967209657869e+14 0.4750709535234929 -1.6195558011531830
3.1109467460888712e+14 0.4734260006351802 -1.6223646700382233
3.1215326708209912e+14 0.4717935777296853 -1.6251616179943085
3.1321546173212544e+14 0.4701696456370477 -1.6279540956020355
3.1428127081644906e+14 0.4685594610726860 -1.6307331621646881
3.1535070663426125e+14 0.4669636635315408 -1.6334958374500275
3.1642378152660525e+14 0.4653840267287721 -1.6362406313419342
3.1750050787651800e+14 0.4638173861147804 -1.6389705240726471
3.1858089810917375e+14 0.4622668127328776 -1.6416825354099274
3.1966496469202694e+14 0.4607295854852547 -1.6443796455860138
3.2075272013495625e+14 0.4592048496532312 -1.6470618546009064
3.2184417699040906e+14 0.4576837162722543 -1.6497470438480377
3.2293934785354606e+14 0.4561777604191569 -1.6524143517017365
3.2403824536238681e+14 0.4546865515326947 -1.6550622880458832
3.2514088219795688e+14 0.4532085366456644 -1.6576953232288361
3.2624727108442875e+14 0.4517458787012809 -1.6603074967861176
3.2735742478927662e+14 0.4502951816371597 -1.6629062592983246
3.2847135612341869e+14 0.4488620556950671 -1.6654796898365021
3.2958907794136600e+14 0.4474370319861443 -1.6680471599102020
3.3071060314137088e+14 0.4460198535487687 -1.6706071794033051
3.3183594466557588e+14 0.4446169942125845 -1.6731478273868561
3.3296511550016306e+14 0.4432308811526814 -1.6756631433963776
3.3409812867550381e+14 0.4418554247571359 -1.6781665384769440
3.3523499726630919e+14 0.4404940865565948 -1.6806505620479584
3.3637573439178100e+14 0.4391461259721944 -1.6831167042255402
3.3752035321576288e+14 0.4378127348820604 -1.6855604946613312
3.3866886694689256e+14 0.4364843752758748 -1.6880013048648834
3.3982128883875538e+14 0.4351687330262510 -1.6904227435588837
3.4097763219003175e+14 0.4338655342672403 -1.6928277909755707
3.4213791034465900e+14 0.4325749830829380 -1.6952149569988251
3.4330213669197994e+14 0.4313002458750025 -1.6975767910480499
3.4447032466689844e+14 0.4300359039106259 -1.6999252140522003
3.4564248775003469e+14 0.4287861520798226 -1.7022497951984406
3.4681863946788075e+14 0.4275456535200531 -1.7045609652996063
3.4799879339295662e+14 0.4263158687370048 -1.7068572342395782
3.4918296314396681e+14 0.4250992561732362 -1.7091326415538788
3.5037116238595744e+14 0.4238929965137624 -1.7113931477069855
3.5156340483047425e+14 0.4227023549841753 -1.7136283218860626
3.5275970423572044e+14 0.4215243951939184 -1.7158411443233490
3.5396007440671712e+14 0.4203573658669465 -1.7180375754833221
3.5516452919545669e+14 0.4192043163909755 -1.7202101647853851
3.5637308250107150e+14 0.4180587330092037 -1.7223738133907318
3.5758574826998838e+14 0.4169282073079921 -1.7245091497898102
3.5880254049609100e+14 0.4158064917784315 -1.7266310751438141
3.6002347322088150e+14 0.4146998390007692 -1.7287276685237885
3.6124856053364231e+14 0.4136048355139011 -1.7308034002780914
3.6247781657159894e+14 0.4125214621919715 -1.7328597605228424
3.6371125552008288e+14 0.4114504659540568 -1.7348937690258026
3.6494889161269562e+14 0.4103877498372726 -1.7369128763675690
3.6619073913147262e+14 0.4093344900953854 -1.7389170825481415
3.6743681240704831e+14 0.4082957544262253 -1.7408929765224457
3.6868712581882125e+14 0.4072665937292738 -1.7428539693355560
3.6994169379512188e+14 0.4062506794188865 -1.7447896301746368
3.7120053081337262e+14 0.4052479174807623 -1.7466999590396881
3.7246365140026431e+14 0.4042552267735983 -1.7485924065113068
3.7373107013191762e+14 0.4032712565804448 -1.7504669725894928
3.7500280163405281e+14 0.4022982673666023 -1.7523221671581268
3.7627886058215862e+14 0.4013375449634977 -1.7541550099849701
3.7755926170166144e+14 0.4003880966780096 -1.7559640109539032
3.7884401976809525e+14 0.3994516586948595 -1.7577491700649261
3.8013314960727231e+14 0.3985261531787344 -1.7595119774341583
3.8142666609545406e+14 0.3976126947869628 -1.7612509429454803
3.8272458415952294e+14 0.3967099155314433 -1.7629690468311310
3.8402691877715444e+14 0.3958201094101567 -1.7646603286266327
3.8533368497699175e+14 0.3949404244944292 -1.7663307487964630
3.8664489783881275e+14 0.3940727410989263 -1.7679773271083832
3.8796057249371344e+14 0.3932174913286372 -1.7695985734462738
3.8928072412427638e+14 0.3923734699938208 -1.7711944878101349
3.9060536796474731e+14 0.3915375234212731 -1.7727755010128021
3.9193451930121112e+14 0.3907116199879320 -1.7743341624736786
3.9326819347176819e+14 0.3898978766962864 -1.7758660018444061
3.9460640586671119e+14 0.3890953925366871 -1.7773739993572235
3.9594917192870312e+14 0.3883043728647732 -1.7788566648960114
3.9729650715295500e+14 0.3875239935556171 -1.7803169786930084
3.9864842708740512e+14 0.3867554414365241 -1.7817504703998566
4.0000494733289812e+14 0.3859958145826370 -1.7831631004810333
4.0136608354336525e+14 0.3852477310179468 -1.7845503985881805
4.0273185142600662e+14 0.3845108352330333 -1.7859123647212982
4.0410226674146569e+14 0.3837847240764995 -1.7872504889965057
4.0547734530402131e+14 0.3830697219170453 -1.7885617911815643
4.0685710298176344e+14 0.3823665670804278 -1.7898462712764740
4.0824155569677788e+14 0.3816716851618535 -1.7911098897457123
4.0963071942533019e+14 0.3809873878561931 -1.7923496663570404
4.1102461019804975e+14 0.3803135383965625 -1.7935641109943390
4.1242324410011525e+14 0.3796511942733172 -1.7947502434253693
4.1382663727143975e+14 0.3789988937640091 -1.7959125339984894
4.1523480590685725e+14 0.3783585076700280 -1.7970450222492218
4.1664776625630950e+14 0.3777275027542285 -1.7981551587581635
4.1806553462503356e+14 0.3771067478617441 -1.7992399632930756
4.1948812737375156e+14 0.3764965041837268 -1.8002994358539581
4.2091556091885294e+14 0.3758976902137829 -1.8013276159763336
4.2234785173259362e+14 0.3753088838204104 -1.8023304641246796
4.2378501634327981e+14 0.3747307335298813 -1.8033064901828766
4.2522707133546019e+14 0.3741650178297391 -1.8042512238025665
4.2667403335011719e+14 0.3736122180715365 -1.8051646649837494
4.2812591908485938e+14 0.3730697274463691 -1.8060527741909027
4.2958274529411356e+14 0.3725372368364275 -1.8069125711917877
4.3104452878931894e+14 0.3720148448988493 -1.8077440559864044
4.3251128643912019e+14 0.3715027591282570 -1.8085502088069916
4.3398303516956294e+14 0.3710005147707245 -1.8093295395374298
4.3545979196428862e+14 0.3705081497843238 -1.8100790679454803
4.3694157386473044e+14 0.3700260800385265 -1.8108017742633820
4.3842839797031219e+14 0.3695535420297324 -1.8114976584911346
4.3992028143863800e+14 0.3690906104107222 -1.8121637403964996
4.4141724148570138e+14 0.3686374765416326 -1.8128015100955963
4.4291929538607644e+14 0.3681892528084741 -1.8134213984012604
4.4442646047311938e+14 0.3677446715950397 -1.8140174448490143
4.4593875413916812e+14 0.3673101118111197 -1.8145836889743805
4.4745619383574338e+14 0.3668857112138644 -1.8151201307773590
4.4897879707374975e+14 0.3664710723285772 -1.8156282603740692
4.5050658142367794e+14 0.3660662062469948 -1.8161065876483917
4.5203956451580756e+14 0.3656710973775069 -1.8165506422519684
4.5357776404041044e+14 0.3652861980973552 -1.8169663846492767
4.5512119774795488e+14 0.3649105439506794 -1.8173493444919586
4.5666988344931225e+14 0.3645446249478734 -1.8177039921283722
4.5822383901595519e+14 0.3641885064737659 -1.8180258572101593
4.5978308238017494e+14 0.3638417269400247 -1.8183179199695587
4.6134763153528081e+14 0.3635030433416243 -1.8185786902904510
4.6291750453580975e+14 0.3631739592841108 -1.8188081681728363
4.6449271949773469e+14 0.3628537830674387 -1.8190033733844757
4.6607329459867350e+14 0.3625438074463543 -1.8191687762737274
4.6765924807809888e+14 0.3622421318128438 -1.8192984163761139
4.6925059823754875e+14 0.3619519903927832 -1.8193997442722321
4.7084736344083744e+14 0.3616692306600683 -1.8194653093814850
4.7244956211426769e+14 0.3613963474905411 -1.8194980919361115
4.7405721274684325e+14 0.3611324495983071 -1.8194966018199921
4.7567033389048212e+14 0.3608777128973279 -1.8194638192653656
4.7728894416023281e+14 0.3606319923881564 -1.8193952739238739
4.7891306223448119e+14 0.3603946672399511 -1.8192924559116364
4.8054270685517775e+14 0.3601666882035717 -1.8191568553447723
4.8217789682804606e+14 0.3599477788038463 -1.8189854919910431
4.8381865102280188e+14 0.3597368189760628 -1.8187783658504486
4.8546498837337081e+14 0.3595347661456070 -1.8185369670391083
4.8711692787810669e+14 0.3593418671023589 -1.8182612955570221
4.8877448860001100e+14 0.3591581655169160 -1.8179513514041901
4.9043768966695269e+14 0.3589823798687937 -1.8176041543483734
4.9210655027188912e+14 0.3588145192737103 -1.8172211945056915
4.9378108967308731e+14 0.3586555206099713 -1.8168024718761444
4.9546132719434625e+14 0.3585033138001403 -1.8163435161113739
4.9714728222522219e+14 0.3583595861806044 -1.8158428370952606
4.9883897422124369e+14 0.3582236582550605 -1.8153034150600433
5.0053642270414894e+14 0.3580942111344638 -1.8147222697734833
5.0223964726210250e+14 0.3579754889669495 -1.8141053617000580
5.0394866754992350e+14 0.3578645380998490 -1.8134482204914093
5.0566350328931250e+14 0.3577626826469076 -1.8127508461475372
5.0738417426907906e+14 0.3576677144687809 -1.8120147287845612
5.0911070034536994e+14 0.3575811932326003 -1.8112368881702423
5.1084310144189856e+14 0.3575031436788786 -1.8104203045368195
5.1258139755017450e+14 0.3574318272762468 -1.8095605075359344
5.1432560872973462e+14 0.3573703343076963 -1.8086530268192291
5.1607575510837425e+14 0.3573159338104157 -1.8077023327350616
5.1783185688238162e+14 0.3572684881921623 -1.8067084252834320
5.1959393431676256e+14 0.3572300342611726 -1.8056727945804596
5.2136200774548706e+14 0.3571991684784113 -1.8045924603939056
5.2313609757171525e+14 0.3571769298098928 -1.8034704029560089
5.2491622426803519e+14 0.3571604140428227 -1.8023021519184113
5.2670240837669894e+14 0.3571534062913829 -1.8010921776294708
5.2849467050985988e+14 0.3571544045222156 -1.7998360097408295
5.3029303134981019e+14 0.3571603136663625 -1.7985336482524872
5.3209751164921988e+14 0.3571766825125617 -1.7971776425838470
5.3390813223137600e+14 0.3571988623724275 -1.7957769334316254
5.3572491399042306e+14 0.3572295818042717 -1.7943270504474640
5.3754787789160431e+14 0.3572681878215233 -1.7928309738636017
5.3937704497150319e+14 0.3573113871522313 -1.7912857234477997
5.4121243633828888e+14 0.3573642383506530 -1.7896942794322968
5.4305407317195062e+14 0.3574217506599897 -1.7880536615848541
5.4490197672455556e+14 0.3574892501098778 -1.7863638699054718
5.4675616832048519e+14 0.3575615945323602 -1.7846263945102692
5.4861666935668344e+14 0.3576406212882004 -1.7828337848186493
5.5048350130290381e+14 0.3577282007292908 -1.7809815704822540
5.5235668570195712e+14 0.3578222623246966 -1.7790786921977997
5.5423624416995994e+14 0.3579222463724958 -1.7771221697330475
5.5612219839658406e+14 0.3580274370042061 -1.7751149833202362
5.5801457014530700e+14 0.3581418275776269 -1.7730556428432465
5.5991338125366294e+14 0.3582613019168396 -1.7709411680698395
5.6181865363349475e+14 0.3583904567192154 -1.7687745392322540
5.6373040927120700e+14 0.3585230006481006 -1.7665542662143707
5.6564867022802175e+14 0.3586593033425963 -1.7642773687839508
5.6757345864022400e+14 0.3588016009292611 -1.7619498074054718
5.6950479671943112e+14 0.3589524319249117 -1.7595686018466949
5.7144270675283988e+14 0.3591080562774584 -1.7571307718753815
5.7338721110348562e+14 0.3592721066389189 -1.7546363174915314
5.7533833221050088e+14 0.3594355808442309 -1.7520867288112640
5.7729609258937375e+14 0.3596109465725692 -1.7494775354862213
5.7926051483220825e+14 0.3597856251325963 -1.7468117177486420
5.8123162160798462e+14 0.3599684868452586 -1.7440877854824066
5.8320943566282125e+14 0.3601582338155876 -1.7413042485713959
5.8519397982023675e+14 0.3603483622204160 -1.7384357750415802
5.8718527698141362e+14 0.3605535935245437 -1.7354868352413177
5.8918335012546500e+14 0.3607563572593092 -1.7324753105640411
5.9118822230969000e+14 0.3609680048978072 -1.7293997108936310
5.9319991666985425e+14 0.3611795880353145 -1.7262600362300873
5.9521845642044762e+14 0.3613974021851137 -1.7230562865734100
5.9724386485495375e+14 0.3616245138357103 -1.7197869718074799
5.9927616534611950e+14 0.3618526616385475 -1.7164506018161774
6.0131538134622475e+14 0.3620817587402684 -1.7130501568317413
6.0336153638735250e+14 0.3623169405095942 -1.7095871269702911
6.0541465408166050e+14 0.3625625185558575 -1.7060615122318268
6.0747475812165425e+14 0.3628022486011709 -1.7024703323841095
6.0954187228045988e+14 0.3630513151904405 -1.6988076269626617
6.1161602041209888e+14 0.3633030401832846 -1.6950778663158417
6.1369722645176538e+14 0.3635606000332864 -1.6912765800952911
6.1578551441609288e+14 0.3638110868685938 -1.6874067485332489
6.1788090840344612e+14 0.3640756914413233 -1.6834639012813568
6.1998343259418900e+14 0.3643396308854895 -1.6794495284557343
6.2209311125096662e+14 0.3646075399623525 -1.6753531992435455
6.2420996871898475e+14 0.3648777234073103 -1.6711823642253876
6.2633402942629125e+14 0.3651511340166252 -1.6669370234012604
6.2846531788405725e+14 0.3654237309889957 -1.6626171767711639
6.3060385868686088e+14 0.3657084676097695 -1.6582183539867401
6.3274967651297062e+14 0.3659831352245714 -1.6537450253963470
6.3490279612462988e+14 0.3662671209802018 -1.6491927206516266
6.3706324236834300e+14 0.3665465281405593 -1.6445614397525787
6.3923104017516250e+14 0.3668366526186289 -1.6398392617702484
6.4140621456097800e+14 0.3671199735608352 -1.6350112855434418
6.4358879062679612e+14 0.3674106736661423 -1.6300998628139496
6.4577879355904450e+14 0.3677122433624394 -1.6251020133495331
6.4797624862985262e+14 0.3680070113432469 -1.6200222074985504
6.5018118119734588e+14 0.3683005969588898 -1.6148544847965240
6.5239361670593850e+14 0.3685881042815981 -1.6096033155918121
6.5461358068662662e+14 0.3688858726946970 -1.6042627394199371
6.5684109875728338e+14 0.3691836914215382 -1.5988327562808990
6.5907619662295425e+14 0.3694830253250705 -1.5932850539684296
6.6131890007615400e+14 0.3697853652393870 -1.5876419842243195
6.6356923499716388e+14 0.3700829743130247 -1.5819080173969269
6.6582722735433075e+14 0.3703861834542078 -1.5760801732540131
6.6809290320436638e+14 0.3706841201830736 -1.5701584517955780
6.7036628869265112e+14 0.3709819818254033 -1.5641368925571442
6.7264741005352425e+14 0.3712820650629513 -1.5580199658870697
6.7493629361060400e+14 0.3715835089851110 -1.5518061816692352
6.7723296577707925e+14 0.3718830289578385 -1.5455149114131927
6.7953745305601800e+14 0.3721742102507696 -1.5391282737255096
6.8184978204067275e+14 0.3724722905832753 -1.5326403081417084
6.8416997941478750e+14 0.3727634036695079 -1.5260525047779083
6.8649807195290562e+14 0.3730579734363277 -1.5193618834018707
6.8883408652067875e+14 0.3733490557221704 -1.5125654637813568
6.9117805007517712e+14 0.3736364877997306 -1.5056647360324860
6.9352998966520038e+14 0.3739246432970237 -1.4986567199230194
6.9588993243158962e+14 0.3742099113249208 -1.4915503561496735
6.9825790560754400e+14 0.3744968059909726 -1.4843352138996124
7.0063393651892262e+14 0.3747684530154526 -1.4770157635211945
7.0301805258457812e+14 0.3750408558237859 -1.4695815742015839
7.0541028131666088e+14 0.3753222912418718 -1.4620326459407806
7.0781065032093925e+14 0.3755908748772887 -1.4543719589710236
7.1021918729711900e+14 0.3758554026551139 -1.4465950429439545
7.1263592003916225e+14 0.3761219429524214 -1.4387018978595734
7.1506087643560800e+14 0.3763765341697466 -1.4307059347629547
7.1749408446989475e+14 0.3766332784063302 -1.4225907623767853
7.1993557222068300e+14 0.3768830634865716 -1.4143534004688263
7.2238536786217900e+14 0.3771254634481085 -1.4059953391551971
7.2484349966446025e+14 0.3773662199524850 -1.3975121080875397
7.2730999599380475e+14 0.3776105541688442 -1.3889037072658539
7.2978488531300600e+14 0.3778323284232161 -1.3801701366901398
7.3226819618172000e+14 0.3780600171385788 -1.3713233172893524
7.3475995725678212e+14 0.3782755226843326 -1.3623856008052826
7.3726019729254150e+14 0.3784994704508931 -1.3533137738704681
7.3976894514119212e+14 0.3786952657260163 -1.3441197574138641
7.4228622975310662e+14 0.3789157502454187 -1.3347782194614410
7.4481208017716950e+14 0.3790990518589495 -1.3253189623355865
7.4734652556111325e+14 0.3792818608516777 -1.3157092034816742
7.4988959515185375e+14 0.3794696938818645 -1.3059668242931366
7.5244131829582838e+14 0.3796420498915465 -1.2960679829120636
7.5500172443933475e+14 0.3798029526102015 -1.2860260903835297
7.5757084312887000e+14 0.3799635151786043 -1.2758381664752960
7.6014870401147538e+14 0.3801336317755277 -1.2654997408390045
7.6273533683506538e+14 0.3802725978890330 -1.2550182640552521
7.6533077144879050e+14 0.3803702330231919 -1.2443922460079193
7.6793503780336825e+14 0.3805134089989691 -1.2336023151874542
7.7054816595143262e+14 0.3806202104310613 -1.2226723134517670
7.7317018604788075e+14 0.3807294252658388 -1.2115933001041412
7.7580112835022075e+14 0.3808230415553942 -1.2003533542156219
7.7844102321892075e+14 0.3809155071690576 -1.1889569461345673
7.8108990111775975e+14 0.3809901717142701 -1.1773951351642609
7.8374779261417862e+14 0.3810574423372309 -1.1656723916530609
7.8641472837963312e+14 0.3810973933503763 -1.1537812650203705
7.8909073918994788e+14 0.3811589467485425 -1.1417292058467865
7.9177585592567125e+14 0.3811959707886455 -1.1295847594738007
7.9447010957243538e+14 0.3812010689455758 -1.1172749102115631
7.9717353122130038e+14 0.3812134896846568 -1.1047877371311188
7.9988615206913262e+14 0.3812068322900458 -1.0921217501163483
8.0260800341895212e+14 0.3811979397468819 -1.0792799293994904
8.0533911668029662e+14 0.3811752390907314 -1.0662563145160675
8.0807952336958412e+14 0.3811459928316271 -1.0530389845371246
8.1082925511047688e+14 0.3810893211790333 -1.0395623743534088
8.1358834363424575e+14 0.3810222218648691 -1.0258905589580536
8.1635682078013700e+14 0.3809504586876118 -1.0120220482349396
8.1913471849573925e+14 0.3808555559571995 -0.9979523718357086
8.2192206883735262e+14 0.3807446528533110 -0.9836904704570770
8.2471890397035788e+14 0.3806214862315908 -0.9692214429378510
8.2752525616959200e+14 0.3804740524434744 -0.9545676410198212
8.3034115781970612e+14 0.3803315227753769 -0.9399227797985077
8.3316664141556025e+14 0.3801656610407168 -0.9250722825527191
8.3600173956258450e+14 0.3799684711456782 -0.9100265800952911
8.3884648497715850e+14 0.3797669413872263 -0.8947677910327911
8.4170091048698912e+14 0.3795636750422520 -0.8792899549007416
8.4456504903148950e+14 0.3793535539235947 -0.8635871112346649
8.4743893366215888e+14 0.3790828725758174 -0.8476786315441132
8.5032259754296400e+14 0.3788076638794254 -0.8314944803714752
8.5321607395072200e+14 0.3785291017437059 -0.8150748908519745
8.5611939627548425e+14 0.3782403670585866 -0.7984243333339691
8.5903259802092175e+14 0.3779159744948465 -0.7815428078174591
8.6195571280471525e+14 0.3775627723472015 -0.7644213736057281
8.6488877435892925e+14 0.3771937017688636 -0.7470674812793732
8.6783181653042212e+14 0.3768173567457223 -0.7295437157154083
8.7078487328122262e+14 0.3764349061588841 -0.7119305431842804
8.7374797868892575e+14 0.3760308382540694 -0.6940744817256927
8.7672116694708550e+14 0.3756031206530931 -0.6759651005268097
8.7970447236560962e+14 0.3751362006670302 -0.6576143205165863
8.8269792937115562e+14 0.3746632260345547 -0.6390057504177094
8.8570157250752800e+14 0.3741457558080712 -0.6201364099979401
8.8871543643607688e+14 0.3736399703074412 -0.6009601056575775
8.9173955593609775e+14 0.3731142531552417 -0.5814932286739349
8.9477396590523338e+14 0.3725596218187946 -0.5617476999759674
8.9781870135987600e+14 0.3719414587849224 -0.5417428910732269
9.0087379743557512e+14 0.3713383443683651 -0.5214326083660126
9.0393928938742862e+14 0.3707020265671772 -0.5008392035961151
9.0701521259051150e+14 0.3700496661923586 -0.4799537360668182
9.1010160254026888e+14 0.3693768657686332 -0.4588820040225983
9.1319849485293025e+14 0.3686544957452919 -0.4375137388706207
9.1630592526591950e+14 0.3679319068019971 -0.4158340394496918
9.1942392963826800e+14 0.3671430206936022 -0.3938667476177216
9.2255254395102838e+14 0.3663801157078266 -0.3715492784976959
9.2569180430768912e+14 0.3656034631161552 -0.3489039838314056
9.2884174693459175e+14 0.3647400077427299 -0.3261826932430267
9.3200240818134900e+14 0.3638774303530897 -0.3032676875591278
9.3517382452126350e+14 0.3630026371005476 -0.2800188958644867
9.3835603255174975e+14 0.3621026052925751 -0.2564363181591034
9.4154906899475912e+14 0.3611787838384340 -0.2325125038623810
9.4475297069718938e+14 0.3601839778876090 -0.2082787454128265
9.4796777463133212e+14 0.3591879814984316 -0.1836664974689484
9.5119351789528438e+14 0.3581652303559306 -0.1586087048053741
9.5443023771338050e+14 0.3571114411868760 -0.1331888139247894
9.5767797143662188e+14 0.3560063881800238 -0.1074068248271942
9.6093675654310775e+14 0.3549035124117870 -0.0812388956546783
9.6420663063846775e+14 0.3537318306386238 -0.0546984374523163
9.6748763145629588e+14 0.3525514766480172 -0.0277571380138397
9.7077979685858600e+14 0.3513658002312096 -0.0006951391696930
9.7408316483616875e+14 0.3501064962869185 0.0266723334789276
9.7739777350915375e+14 0.3488483943946289 0.0544629991054535
9.8072366112735388e+14 0.3475559992584734 0.0826500356197357
9.8406086607075025e+14 0.3462218707398175 0.1112543046474457
9.8740942684991938e+14 0.3448385691520416 0.1402713358402252
9.9076938210648150e+14 0.3434281648348907 0.1697249710559845
9.9414077061354662e+14 0.3419987720831155 0.1996107399463654
9.9752363127616150e+14 0.3405432433446797 0.2299644052982330
1.0009180031317592e+15 0.3390103794280459 0.2607516944408417
1.0043239253506095e+15 0.3374562661295076 0.2919949591159821
1.0077414372362700e+15 0.3358972315992325 0.3237478435039520
1.0111705782260412e+15 0.3342414708631953 0.3556884825229645
1.0146113878914202e+15 0.3326484239975015 0.3878436982631683
1.0180639059385582e+15 0.3309241334081977 0.4204384982585907
1.0215281722087228e+15 0.3292075274767512 0.4535265266895294
1.0250042266787402e+15 0.3274644480645652 0.4871360957622528
1.0284921094614829e+15 0.3256757119946811 0.5212269723415375
1.0319918608063149e+15 0.3238509632763815 0.5558542907238007
1.0355035210995608e+15 0.3219498473765546 0.5909897387027740
1.0390271308649716e+15 0.3200280901267474 0.6266616284847260
1.0425627307641926e+15 0.3180576160379545 0.6628863513469696
1.0461103615972324e+15 0.3160877772711794 0.6996996700763702
1.0496700643029339e+15 0.3140426177638806 0.7370479404926300
1.0532418799594464e+15 0.3119656378507658 0.7749311625957489
1.0568258497847000e+15 0.3098590145277347 0.8132033050060272
1.0604220151368812e+15 0.3076660682209024 0.8520372211933136
1.0640304175149101e+15 0.3054553395816153 0.8914999663829803
1.0676510985589235e+15 0.3031955362046567 0.9315915405750275
1.0712841000507380e+15 0.3008950138944913 0.9723164141178131
1.0749294639143585e+15 0.2985568618388013 1.0136909782886505
1.0785872322164445e+15 0.2961737409493497 1.0557256639003754
1.0822574471667999e+15 0.2936902817552693 1.0983996093273163
1.0859401511188600e+15 0.2912322815034742 1.1418290436267853
1.0896353865701804e+15 0.2887042981220146 1.1859454214572906
1.0933431961629270e+15 0.2860842218895501 1.2307412922382355
1.0970636226843689e+15 0.2834580872449119 1.2758575379848480
1.1007967090673710e+15 0.2808374800582040 1.3211823999881744
1.1045424983908909e+15 0.2781430585706681 1.3672195374965668
1.1083010338804744e+15 0.2754009768419242 1.4140106737613678
1.1120723589087556e+15 0.2726159677272950 1.4615647494792938
1.1158565169959615e+15 0.2697752539826259 1.5098877251148224
1.1196535518103958e+15 0.2668804215863947 1.5590302646160126
1.1234635071689702e+15 0.2639395181099549 1.6089640557765961
1.1272864270376925e+15 0.2609520420309503 1.6597442328929901
1.1311223555321772e+15 0.2578758471855038 1.7113618552684784
1.1349713369181560e+15 0.2547784957649659 1.7638750374317169
1.1388334156119875e+15 0.2516042617895665 1.8173061311244965
1.1427086361811708e+15 0.2484444774903914 1.8713302910327911
1.1465970433448582e+15 0.2451188295123593 1.9260905683040619
1.1504986819743735e+15 0.2418377780393043 1.9819118082523346
1.1544135970937278e+15 0.2384370734168490 2.0386509597301483
1.1583418338801445e+15 0.2350714563111359 2.0964376628398895
1.1622834376645622e+15 0.2315721419661029 2.1552167832851410
1.1662384539321858e+15 0.2280124169419045 2.2149749100208282
1.1702069283229918e+15 0.2243819174661016 2.2758357226848602
1.1741889066322610e+15 0.2207453111666779 2.3378111422061920
1.1781844348111060e+15 0.2170149470937863 2.4008952081203461
1.1821935589670018e+15 0.2131669828403282 2.4650640785694122
1.1862163253643180e+15 0.2093665637149831 2.5298811495304108
1.1902527804248522e+15 0.2055483001428037 2.5950469076633453
1.1943029707283668e+15 0.2016313952428121 2.6613719761371613
1.1983669430131242e+15 0.1976810955879015 2.7289040386676788
1.2024447441764298e+15 0.1936354580917474 2.7976863086223602
1.2065364212751690e+15 0.1895483380775045 2.8677351772785187
1.2106420215263588e+15 0.1854321220379073 2.9391430318355560
1.2147615923076702e+15 0.1812217428094304 3.0118785798549652
1.2188951811580068e+15 0.1769289904848151 3.0859671533107758
1.2230428357780315e+15 0.1725722991476394 3.1615085899829865
1.2272046040307238e+15 0.1681476827227734 3.2384432852268219
1.2313805339419308e+15 0.1636876395421005 3.3165745437145233
1.2355706737009220e+15 0.1592088078120848 3.3952482044696808
1.2397750716609450e+15 0.1546059288674669 3.4753791987895966
1.2439937763397845e+15 0.1499869998097913 3.5571672022342682
1.2482268364203205e+15 0.1453074753171334 3.6405034363269806
1.2524743007510920e+15 0.1404855379312034 3.7254385650157928
1.2567362183468588e+15 0.1356673687174440 3.8121767342090607
1.2610126383891685e+15 0.1307385451818693 3.9005942642688751
1.2653036102269288e+15 0.1257254601836821 3.9908818900585175
1.2696091833769562e+15 0.1207280486987830 4.0830530226230621
1.2739294075245788e+15 0.1156064327614705 4.1771344840526581
1.2782643325241878e+15 0.1104101193706008 4.2730443179607391
1.2826140083998195e+15 0.1051743298599419 4.3705441057682037
1.2869784853457320e+15 0.0998123326562421 4.4700749218463898
1.2913578137269842e+15 0.0944309371471606 4.5717813074588776
1.2957520440800170e+15 0.0889365837637438 4.6756677329540253
1.3001612271132365e+15 0.0833769133012678 4.7818385064601898
1.3045854137076000e+15 0.0777949798682817 4.8904798924922943
1.3090246549172015e+15 0.0720902763987119 5.0014801323413849
1.3134790019698622e+15 0.0662140473268871 5.1149107515811920
1.3179485062677218e+15 0.0604548271644760 5.2311949431896210
1.3224332193878355e+15 0.0544055905680795 5.3499214351177216
1.3269331930827492e+15 0.0484092107908502 5.4701395332813263
1.3314484792811288e+15 0.0424482176793795 5.5914901196956635
1.3359791300883368e+15 0.0364919735284449 5.7158060371875763
1.3405251977870400e+15 0.0302976909557789 5.8428384363651276
1.3450867348378132e+15 0.0240647066332130 5.9729598462581635
1.3496637938797432e+15 0.0177509040327565 6.1062403023242950
1.3542564277310372e+15 0.0113830644274766 6.2428198754787445
1.3588646893896325e+15 0.0049500820710919 6.3826926052570343
1.3634886320338072e+15 -0.0016152216029843 6.5261371433734894
1.3681283090227945e+15 -0.0082781112669161 6.6732667386531830
1.3727837738974040e+15 -0.0150126053479450 6.8240962922573090
1.3774550803806172e+15 -0.0218002738440211 6.9776631891727448
1.3821422823782405e+15 -0.0285635578286545 7.1351058781147003
1.3868454339795058e+15 -0.0355900872753264 7.2963379323482513
1.3915645894576992e+15 -0.0426289453449042 7.4621461331844330
1.3962998032707885e+15 -0.0497075425449118 7.6324306428432465
1.4010511300620500e+15 -0.0569366858287645 7.8073956072330475
1.4058186246607012e+15 -0.0642133544212542 7.9872645437717438
1.4106023420825320e+15 -0.0715318486191802 8.1723801791667938
1.4154023375305392e+15 -0.0790631419569029 8.3626277744770050
1.4202186663955652e+15 -0.0866139034840280 8.5585765540599823
1.4250513842569360e+15 -0.0942762407260338 8.7590731680393219
1.4299005468831028e+15 -0.1018718076240072 8.9628212153911591
1.4347662102322910e+15 -0.1096401802115205 9.1726012527942657
1.4396484304531240e+15 -0.1174235045574759 9.3890033662319183
1.4445472638853042e+15 -0.1252602373202619 9.6119485795497894
1.4494627670602418e+15 -0.1332283446953038 9.8419912159442902
1.4543949967017108e+15 -0.1413065838717532 10.0793190300464630
1.4593440097265058e+15 -0.1495587023358006 10.3242464363574982
1.4643098632450972e+15 -0.1578409642624028 10.5774395167827606
1.4692926145622912e+15 -0.1661802372233545 10.8391679823398590
1.4742923211778902e+15 -0.1747722497829370 11.1095793545246124
1.4793090407873578e+15 -0.1832391778671258 11.3856874406337738
1.4843428312824820e+15 -0.1916098474985725 11.6717539727687836
1.4893937507520468e+15 -0.2004246266507123 11.9670264422893524
1.4944618574824990e+15 -0.2092699700473690 12.2735254466533661
1.4995472099586298e+15 -0.2180396336055124 12.5915594398975372
1.5046498668642230e+15 -0.2270260901209476 12.9212208092212677
1.5097698870827705e+15 -0.2360432882298737 13.2638432085514069
1.5149073296981265e+15 -0.2452528123084586 13.6197112500667572
1.5200622539951955e+15 -0.2546583817903149 13.9897294342517853
1.5252347194606170e+15 -0.2639873613262032 14.3753148615360260
1.5304247857834512e+15 -0.2734065510084880 14.7731028497219086
1.5356325128558682e+15 -0.2827935050645269 15.1865310966968536
1.5408579607738392e+15 -0.2922748859244391 15.6180270016193390
1.5461011898378298e+15 -0.3021709060796269 16.0673461854457855
1.5513622605534958e+15 -0.3120025996294178 16.5374003350734711
1.5566412336323818e+15 -0.3217952082862607 17.0304663479328156
1.5619381699926210e+15 -0.3318809285291402 17.5455249845981598
1.5672531307596462e+15 -0.3419490773830874 18.0864237248897552
1.5725861772668675e+15 -0.3523391900230008 18.6536036431789398
1.5779373710564200e+15 -0.3626379406282673 19.2506350576877594
1.5833067738798475e+15 -0.3730213937123121 19.8706440627574921
1.5886944476988220e+15 -0.3834098371294672 20.5187700688838959
1.5941004546858590e+15 -0.3938618685763588 21.2022833526134491
1.5995248572250338e+15 -0.4043926968057346 21.9244711101055145
1.6049677179127028e+15 -0.4151338997922133 22.6877488195896149
1.6104290995582245e+15 -0.4259624251669253 23.4963722527027130
1.6159090651846855e+15 -0.4369137652381587 24.3550784885883331
1.6214076780296275e+15 -0.4480091972127368 25.2681382000446320
1.6269250015457828e+15 -0.4591826059934906 26.2403838336467743
1.6324610994017810e+15 -0.4704228896776984 27.2803880274295807
1.6380160354829228e+15 -0.4816899321986567 28.3773131668567657
1.6435898738918915e+15 -0.4929766100585608 29.5408986508846283
1.6491826789494990e+15 -0.5044462147321962 30.7904489338397980
1.6547945151954272e+15 -0.5159084861213679 32.1381635963916779
1.6604254473889742e+15 -0.5275031520408779 33.5926435887813568
1.6660755405098010e+15 -0.5392657978947498 35.1670451462268829
1.6717448597586805e+15 -0.5510081174784104 36.8818037211894989
1.6774334705582520e+15 -0.5630431374148971 38.7514375150203705
1.6831414385537732e+15 -0.5752106198464153 40.7973252236843109
1.6888688296138810e+15 -0.5874295174375525 43.0523626506328583
1.6946157098313490e+15 -0.5997775205736992 45.5556623637676239
1.7003821455238582e+15 -0.6122262329652037 48.3494259417057037
1.7061682032347350e+15 -0.6249638958508250 51.4731399714946747
1.7119739497337595e+15 -0.6375923463594646 54.9986340105533600
1.7177994520179095e+15 -0.6506369979849644 59.0032778680324554
1.7236447773121395e+15 -0.6638390263684550 63.5876543819904327
1.7295099930701578e+15 -0.6768930918636354 68.9048416912555695
1.7353951669752030e+15 -0.6902508928317794 75.1354031264781952
1.7413003669408270e+15 -0.7036863994539176 82.5337611138820648
1.7472256611116772e+15 -0.7172545211314799 91.4668075740337372
1.7531711178642840e+15 -0.7306929662517648 -99.9999992549419403
1.7591368058078490e+15 -0.7442014359297949 -99.9999992549419403
1.7651227937850372e+15 -0.7579870930477902 -99.9999992549419403
1.7711291508727718e+15 -0.7717823658400648 -99.9999992549419403
1.7771559463830368e+15 -0.7856895227707227 -99.9999992549419403
1.7832032498636508e+15 -0.7998129156566023 -99.9999992549419403
1.7892711310991098e+15 -0.8138402078257814 -99.9999992549419403
1.7953596601113662e+15 -0.8283496146629590 -99.9999992549419403
1.8014689071606430e+15 -0.8428355738750620 -99.9999992549419403
1.8075989427462438e+15 -0.8571524571839253 -99.9999992549419403
1.8137498376073675e+15 -0.8712298003678368 -99.9999992549419403
1.8199216627239248e+15 -0.8854981499946568 -99.9999992549419403
1.8261144893173558e+15 -0.8997670302617033 -99.9999992549419403
1.8323283888514532e+15 -0.9143285011525006 -99.9999992549419403
1.8385634330331868e+15 -0.9289050444584667 -99.9999992549419403
1.8448196938135305e+15 -0.9436203516570705 -99.9999992549419403
1.8510972433882930e+15 -0.9584993633366939 -99.9999992549419403
1.8573961541989580e+15 -0.9735516234680620 -99.9999992549419403
1.8637164989334910e+15 -0.9886122034768136 -99.9999992549419403
1.8700583505272220e+15 -1.0039367532183847 -98.4917305409908295
1.8764217821636580e+15 -1.0194417402655851 -89.8596934974193573
1.8828068672753345e+15 -1.0351053394699961 -82.6477311551570892
1.8892136795446635e+15 -1.0510316675991149 -76.5383742749691010
1.8956422929047830e+15 -1.0668155353486817 -71.2790049612522125
1.9020927815404105e+15 -1.0828009291945337 -66.7165257036685944
1.9085652198886995e+15 -1.0989505669196569 -62.7206943929195404
1.9150596826400982e+15 -1.1153192809861689 -59.1889001429080963
1.9215762447392110e+15 -1.1319657559798326 -56.0468755662441254
1.9281149813856718e+15 -1.1485932633221094 -53.2266072928905487
1.9346759680349795e+15 -1.1654229416339117 -50.6698407232761383
1.9412592803994175e+15 -1.1824662888294104 -48.3517743647098541
1.9478649944488940e+15 -1.1995018861049600 -46.2432302534580231
1.9544931864118280e+15 -1.2169408020246208 -44.3187616765499115
1.9611439327760285e+15 -1.2345236988848651 -42.5518058240413666
1.9678173102895768e+15 -1.2521256276313271 -40.9229226410388947
1.9745133959617122e+15 -1.2700666839078381 -39.4166491925716400
1.9812322670637220e+15 -1.2879433120936667 -38.0208574235439301
1.9879740011298310e+15 -1.3062010584000856 -36.7235921323299408
1.9947386759580980e+15 -1.3236530662613792 -35.5541668832302094
2.0015263696113122e+15 -1.3413144407821602 -34.4634465873241425
2.0083371604178958e+15 -1.3594044478382203 -33.4416083991527557
2.0151711269728140e+15 -1.3772498635275092 -32.4768222868442535
2.0220283481384508e+15 -1.3953028486280132 -31.5685071051120758
2.0289089030455675e+15 -1.4137407101651622 -30.7101927697658539
2.0358128710941832e+15 -1.4321686592810239 -29.8974134027957916
2.0427403319544990e+15 -1.4506563542482296 -29.1266851127147675
2.0496913655678182e+15 -1.4694751434755093 -28.3957816660404205
2.0566660521474678e+15 -1.4881294385993205 -27.7061872184276581
2.0636644721797248e+15 -1.5068737879203169 -27.0565368235111237
2.0706867064247445e+15 -1.5256059720302300 -26.4347754418849945
2.0777328359174930e+15 -1.5446621394294857 -25.8417986333370209
2.0848029419686822e+15 -1.5638067233954176 -25.2741359174251556
2.0918971061657075e+15 -1.5831454616721572 -24.7307904064655304
2.0990154103735900e+15 -1.6025399100256417 -24.2095850408077240
2.1061579367359295e+15 -1.6219527729984928 -23.7090162932872772
2.1133247676758185e+15 -1.6417064062706490 -23.2282005250453949
2.1205159858968438e+15 -1.6616637988254470 -22.7675296366214752
2.1277316743840078e+15 -1.6814401170778661 -22.3293595016002655
2.1349719164046938e+15 -1.7014287016074472 -21.9075895845890045
2.1422367955096275e+15 -1.7215871485203855 -21.4998252689838409
2.1495263955338408e+15 -1.7417924984989186 -21.1065404117107391
2.1568408005976388e+15 -1.7620625631250602 -20.7259379327297211
2.1641800951075718e+15 -1.7825613169313208 -20.3583396971225739
2.1715443637574082e+15 -1.8032804024052345 -20.0026489794254303
2.1789336915291125e+15 -1.8242897843308135 -19.6578107774257660
2.1863481636938250e+15 -1.8451059357610460 -19.3235971033573151
2.1937878658128475e+15 -1.8666556810788186 -18.9978234469890594
2.2012528837386380e+15 -1.8880747515538348 -18.6810411512851715
2.2087433036157660e+15 -1.9097725201615710 -18.3734692633152008
2.2162592118819610e+15 -1.9315583157299576 -18.0744789540767670
2.2238006952690735e+15 -1.9534620457854914 -17.7842475473880768
2.2313678408040855e+15 -1.9758213188883433 -17.5016589462757111
2.2389607358101130e+15 -1.9981974315195092 -17.2265775501728058
2.2465794679074165e+15 -2.0206941751144525 -16.9588886201381683
2.2542241250144095e+15 -2.0432269912422703 -16.6972137987613678
2.2618947953486745e+15 -2.0653017014252812 -16.4515160024166107
2.2695915674279810e+15 -2.0875691006090356 -16.2119485437870026
2.2773145300713060e+15 -2.1100094803741354 -15.9781731665134430
2.2850637723998690e+15 -2.1325513173916244 -15.7500319182872772
2.2928393838381235e+15 -2.1550694128721424 -15.5265249311923981
2.3006414541148445e+15 -2.1781010906460248 -15.3083406388759613
2.3084700732641255e+15 -2.2010590900846578 -15.0945208966732025
2.3163253316264290e+15 -2.2242127417014914 -14.8853205144405365
2.3242073198496275e+15 -2.2474408876321270 -14.6803535521030426
2.3321161288900500e+15 -2.2711497278901809 -14.4783161580562592
2.3400518500135315e+15 -2.2950700706866707 -14.2800487577915192
2.3480145747964660e+15 -2.3192641158052494 -14.0856765210628510
2.3560043951268635e+15 -2.3436187185512023 -13.8949401676654816
2.3640214032054115e+15 -2.3680425762034827 -13.7079514563083649
2.3720656915465360e+15 -2.3924930665498261 -13.5242886841297150
2.3801373529794725e+15 -2.4170209266278118 -13.3435018360614777
2.3882364806493450e+15 -2.4423396448606782 -13.1666786968708038
2.3963631680182015e+15 -2.4672210348911792 -12.9920564591884613
2.4045175088661530e+15 -2.4918856503583600 -12.8263808786869049
2.4126995972924150e+15 -2.5165674003238836 -12.6637361943721771
2.4209095277164035e+15 -2.5414779947677784 -12.5037305057048798
2.4291473948788245e+15 -2.5662451120341587 -12.3456902801990509
2.4374132938427685e+15 -2.5915642909787273 -12.1909938752651215
2.4457073199948060e+15 -2.6169146365577975 -12.0380304753780365
2.4540295690460885e+15 -2.6422360738590731 -11.8871890008449554
2.4623801370334535e+15 -2.6680795173318121 -11.7389552295207977
2.4707591203205325e+15 -2.6940288141627540 -11.5927793085575104
2.4791666155988630e+15 -2.7196032676695006 -11.4501841366291046
2.4876027198890045e+15 -2.7456047816468114 -11.3100878894329071
2.4960675305416680e+15 -2.7715352506224651 -11.1713536083698273
2.5045611452387985e+15 -2.7978314826059592 -11.0349871218204498
2.5130836619947635e+15 -2.8242985159489065 -10.8998931944370270
2.5216351791574440e+15 -2.8507283460044883 -10.7666514813899994
2.5302157954093790e+15 -2.8773696776385678 -10.6349475681781769
2.5388256097689035e+15 -2.9043640056202316 -10.5050407350063324
2.5474647215912930e+15 -2.9311916098612447 -10.3761605918407440
2.5561332305699075e+15 -2.9592026816807602 -10.2470777928829193
2.5648312367373450e+15 -2.9874531327926368 -10.1194702088832855
2.5735588404665935e+15 -3.0154919772613962 -9.9930040538311005
2.5823161424721900e+15 -3.0435753379379324 -9.8677583038806915
2.5911032438113830e+15 -3.0723137237560452 -9.7440086305141449
2.5999202458852985e+15 -3.1012232617714082 -9.6218623220920563
2.6087672504401200e+15 -3.1301166410881955 -9.5005296170711517
2.6176443595682220e+15 -3.1592603941259561 -9.3803949654102325
2.6265516757094100e+15 -3.1879327299446696 -9.2632718384265900
2.6354893016520610e+15 -3.2159654801504280 -9.1518498957157135
2.6444573405343200e+15 -3.2442894187149567 -9.0414009988307953
2.6534558958452905e+15 -3.2726008637186967 -8.9319594204425812
2.6624850714262285e+15 -3.3010275218531366 -8.8233970105648041
2.6715449714717410e+15 -3.3297945681541186 -8.7156347930431366
2.6806357005309875e+15 -3.3585611032345568 -8.6088784039020538
2.6897573635088885e+15 -3.3878221182820698 -8.5029311478137970
2.6989100656673335e+15 -3.4172307002452191 -8.3980090916156769
2.7080939126264095e+15 -3.4466222973797263 -8.2926653325557709
2.7173090103655725e+15 -3.4772587149235745 -8.1877671182155609
2.7265554652249400e+15 -3.5073143901786921 -8.0830819904804230
2.7358333839064710e+15 -3.5375830383249469 -7.9790733754634857
2.7451428734752110e+15 -3.5685431301379680 -7.8762896358966827
2.7544840413605250e+15 -3.5998411603164344 -7.7741779386997223
2.7638569953573405e+15 -3.6309052021636519 -7.6724059879779816
2.7732618436273865e+15 -3.6621891855307873 -7.5714357197284698
2.7826986947004475e+15 -3.6936470638965733 -7.4710778892040253
2.7921676574756110e+15 -3.7245611319280463 -7.3736824095249176
2.8016688412225270e+15 -3.7555426780782182 -7.2775460779666901
2.8112023555826675e+15 -3.7869481828351517 -7.1820653975009918
2.8207683105705935e+15 -3.8182199511078427 -7.0869781076908112
2.8303668165752335e+15 -3.8500149639526886 -6.9924525916576385
2.8399979843611130e+15 -3.8816910700207230 -6.8983860313892365
2.8496619250697030e+15 -3.9135136743541543 -6.8048126995563507
2.8593587502206525e+15 -3.9458997572207504 -6.7117862403392792
2.8690885717130910e+15 -3.9783999364066016 -6.6195257008075714
2.8788515018269180e+15 -4.0104692869053755 -6.5289936959743500
2.8886476532240985e+15 -4.0425447745441234 -6.4387567341327667
2.8984771389499640e+15 -4.0752989201356753 -6.3488371670246124
2.9083400724345160e+15 -4.1078108017923958 -6.2595926225185394
2.9182365674937350e+15 -4.1406820155030664 -6.1706922948360443
2.9281667383308955e+15 -4.1737737787956366 -6.0822792351245880
2.9381306995378820e+15 -4.2071759691829227 -5.9939675033092499
2.9481285660965120e+15 -4.2407252151179655 -5.9060879051685333
2.9581604533798755e+15 -4.2742962923279428 -5.8181472122669220
2.9682264771536175e+15 -4.3082437682118258 -5.7302393019199371
2.9783267535773455e+15 -4.3426272712076281 -5.6428261101245880
2.9884613992059240e+15 -4.3772110540093525 -5.5556483566761017
2.9986305309908300e+15 -4.4118295271934080 -5.4686971008777618
3.0088342662815015e+15 -4.4471664793246957 -5.3821571171283722
3.0190727228266945e+15 -4.4824107252138132 -5.2957572042942047
3.0293460187758395e+15 -4.5176976426693782 -5.2097089588642120
3.0396542726804060e+15 -4.5531881275564174 -5.1239304244518280
3.0499976034952705e+15 -4.5885472111345953 -5.0400950014591217
3.0603761305800880e+15 -4.6240882447611069 -4.9564875662326813
3.0707899737006835e+15 -4.6590794631836863 -4.8728890717029572
3.0812392530303710e+15 -4.6952551263973659 -4.7899417579174042
3.0917240891514780e+15 -4.7312578144821043 -4.7068886458873749
3.1022446030565605e+15 -4.7672663857645903 -4.6241186559200287
3.1128009161499395e+15 -4.8035798169833512 -4.5413918793201447
3.1233931502490365e+15 -4.8406110330279359 -4.4590629637241364
3.1340214275857935e+15 -4.8766596630250056 -4.3777056038379669
3.1446858708080840e+15 -4.9130316833362198 -4.2977802455425262
3.1553866029811265e+15 -4.9494002649261484 -4.2178563773632050
3.1661237475889060e+15 -4.9857842265669863 -4.1379220783710480
3.1768974285355985e+15 -5.0226777809736260 -4.0583230555057526
3.1877077701470010e+15 -5.0602794213276230 -3.9791963994503021
3.1985548971719665e+15 -5.0966365714977124 -3.8993589580059052
3.2094389347838560e+15 -5.1345761032388406 -3.8203455507755280
3.2203600085819300e+15 -5.1721560162756859 -3.7410251796245575
3.2313182445928795e+15 -5.2107420106341689 -3.6609135568141937
3.2423137692722230e+15 -5.2488779049118000 -3.5805799067020416
3.2533467095057840e+15 -5.2879758396041057 -3.5005740821361542
3.2644171926111520e+15 -5.3272747555087756 -3.4205444157123566
3.2755253463391525e+15 -5.3670090987712662 -3.3410198986530304
3.2866712988753215e+15 -5.4067319415811959 -3.2612957060337067
3.2978551788413840e+15 -5.4464326057912462 -3.1815432012081146
3.3090771152967395e+15 -5.4864550868208779 -3.1018264591693878
3.3203372377399505e+15 -5.5268630260823208 -3.0231617391109467
3.3316356761102365e+15 -5.5663736347586505 -2.9445908963680267
3.3429725607889750e+15 -5.6068755356212616 -2.8663627803325653
3.3543480226012170e+15 -5.6472058084320418 -2.7881570160388947
3.3657621928171460e+15 -5.6884455743011202 -2.7100287377834320
3.3772152031536710e+15 -5.7289098471848394 -2.6315785944461823
3.3887071857758935e+15 -5.7703609881693714 -2.5534741580486298
3.4002382732986460e+15 -5.8119306637660468 -2.4754054844379425
3.4118085987880240e+15 -5.8528481895436499 -2.3981861770153046
3.4234182957629185e+15 -5.8935574694812356 -2.3223824799060822
3.4350674981965590e+15 -5.9345680833458232 -2.2464655339717865
3.4467563405180590e+15 -5.9761398981954841 -2.1704830229282379
3.4584849576139665e+15 -6.0178380849624933 -2.0947657525539398
3.4702534848298230e+15 -6.0594372139011954 -2.0187951624393463
3.4820620579717210e+15 -6.1009878725980933 -1.9427590072154999
3.4939108133078760e+15 -6.1437065712786110 -1.8671177327632904
3.5057998875702100e+15 -6.1857273692633932 -1.7910636961460114
3.5177294179558735e+15 -6.2284569493414503 -1.7151705920696259
3.5296995421289135e+15 -6.2709970033462081 -1.6388915479183197
3.5417103982218075e+15 -6.3148479023875854 -1.5632756054401398
3.5537621248370680e+15 -6.3584981632403093 -1.4874659478664398
3.5658548610488445e+15 -6.4020275441904912 -1.4113985002040863
3.5779887464045285e+15 -6.4459561239425431 -1.3354234397411346
3.5901639209263630e+15 -6.4901414741619661 -1.2591980397701263
3.6023805251130575e+15 -6.5351671458551603 -1.1833243072032928
3.6146386999414110e+15 -6.5784155134631002 -1.1081017553806305
3.6269385868679385e+15 -6.6231717370183141 -1.0334990918636322
3.6392803278305170e+15 -6.6675816626221707 -0.9585209190845490
3.6516640652499500e+15 -6.7119799449598201 -0.8837081491947174
3.6640899420317760e+15 -6.7579251978708736 -0.8090563118457794
3.6765581015677065e+15 -6.8028162148039799 -0.7339216768741608
3.6890686877374455e+15 -6.8479285188760990 -0.6586886942386627
3.7016218449102765e+15 -6.8937471307993468 -0.5837060511112213
3.7142177179467430e+15 -6.9398007515567297 -0.5080185830593109
3.7268564522003185e+15 -6.9862883170416943 -0.4323564469814301
3.7395381935190860e+15 -7.0332228394501062 -0.3566078841686249
3.7522630882474195e+15 -7.0804820615495485 -0.2807773649692535
3.7650312832276735e+15 -7.1277055720470068 -0.2048395574092865
3.7778429258018785e+15 -7.1758466303247417 -0.1289330422878265
3.7906981638134390e+15 -7.2244260700405754 -0.0532083213329315
3.8035971456088565e+15 -7.2722923180715862 0.0233136117458344
3.8165400200393795e+15 -7.3195732119162837 0.0980831682682037
3.8295269364628140e+15 -7.3663049655737627 0.1721702516078949
3.8425580447451845e+15 -7.4147679276792902 0.2458028495311737
3.8556334952624795e+15 -7.4611421624041991 0.3204025328159332
3.8687534389023870e+15 -7.5103544957443384 0.3941841423511505
3.8819180270660350e+15 -7.5579673228253217 0.4686333239078522
3.8951274116697395e+15 -7.6068615317499981 0.5428783595561981
3.9083817451467565e+15 -7.6556921618318334 0.6170995533466339
3.9216811804490420e+15 -7.7051999673888556 0.6917364895343781
3.9350258710490170e+15 -7.7548606421857356 0.7664911448955536
3.9484159709413370e+15 -7.8046514907128408 0.8415944874286652
3.9618516346446720e+15 -7.8547313304953867 0.9165979921817780
3.9753330172035030e+15 -7.9054056512200575 0.9917251765727997
3.9888602741898475e+15 -7.9565466412419781 1.0667540132999420
4.0024335617051520e+15 -8.0069843165467933 1.1423371732234955
4.0160530363820290e+15 -8.0587155585467602 1.2177623808383942
4.0297188553860795e+15 -8.1109633671674715 1.2929923832416534
4.0434311764177075e+15 -8.1622668494071657 1.3685353100299835
4.0571901577139405e+15 -8.2138215740182652 1.4443330466747284
4.0709959580502535e+15 -8.2675484447926557 1.5195123851299286
4.0848487367424030e+15 -8.3199202448384675 1.5955843031406403
4.0987486536482650e+15 -8.3728053065925394 1.6713552176952362
4.1126958691696800e+15 -8.4261519996481926 1.7475791275501251
4.1266905442543025e+15 -8.4798732432427304 1.8236152827739716
4.1407328403974605e+15 -8.5333215882470181 1.8989630043506622
4.1548229196440350e+15 -8.5863664367323782 1.9734747707843781
4.1689609445902610e+15 -8.6388678753638324 2.0483292639255524
4.1831470783857075e+15 -8.6923876269942664 2.1229915320873260
4.1973814847350920e+15 -8.7466856869409124 2.1975181996822357
4.2116643279001860e+15 -8.8008648832141123 2.2724010050296783
4.2259957727017090e+15 -8.8555388222300060 2.3474939167499542
4.2403759845212350e+15 -8.9103649232321196 2.4224869906902313
4.2548051293030965e+15 -8.9655678823323939 2.4974815547466278
4.2692833735563005e+15 -9.0199600355065126 2.5722481310367584
4.2838108843564525e+15 -9.0751480371886792 2.6469282805919647
4.2983878293476805e+15 -9.1308601485844285 2.7215234935283661
4.3130143767445915e+15 -9.1861859438741007 2.7969561517238617
4.3276906953341205e+15 -9.2434291203873098 2.8716482222080231
4.3424169544776750e+15 -9.2987562095793468 2.9471673071384430
4.3571933241128410e+15 -9.3562157031665052 3.0222989618778229
4.3720199747555390e+15 -9.4130705236844303 3.0983231961727142
4.3868970775019030e+15 -9.4713093719137582 3.1749464571475983
4.4018248040302725e+15 -9.5305964385274038 3.2507024705410004
4.4168033266031740e+15 -9.5885509087795793 3.3278860151767731
4.4318328180693085e+15 -9.6473438577560859 3.4046702086925507
4.4469134518655460e+15 -9.7079996901211913 3.4811057150363922
4.4620454020189280e+15 -9.7675712891591715 3.5583637654781342
4.4772288431486745e+15 -9.8280222374524815 3.6356024444103241
4.4924639504681995e+15 -9.8878203816319488 3.7124849855899811
4.5077508997871510e+15 -9.9477223186488093 3.7885166704654694
4.5230898675133670e+15 -10.0072204581336326 3.8652919232845306
4.5384810306550220e+15 -10.0679490085818912 3.9420254528522491
4.5539245668225920e+15 -10.1295608295422745 4.0186323225498199
4.5694206542309300e+15 -10.1911798130180884 4.0951855480670929
4.5849694717013150e+15 -10.2532843431455838 4.1724003851413727
4.6005711986635200e+15 -10.3157321741107015 4.2491711676120758
4.6162260151578810e+15 -10.3771780232685469 4.3263189494609833
4.6319341018373760e+15 -10.4397623853825952 4.4027410447597504
4.6476956399697070e+15 -10.5019082945462188 4.4798351824283600
4.6635108114393940e+15 -10.5653130295448818 4.5568101108074188
4.6793797987498750e+15 -10.6278851375145624 4.6341352164745331
4.6953027850256080e+15 -10.6932737945063696 4.7110177576541901
4.7112799540142060e+15 -10.7568521194483573 4.7885917127132416
4.7273114900884840e+15 -10.8213156857756712 4.8663817346096039
4.7433975782486930e+15 -10.8872390234865506 4.9433998763561249
4.7595384041245870e+15 -10.9518546870365636 5.0211317837238312
4.7757341539775790e+15 -11.0177320052256302 5.0986774265766144
4.7919850147028940e+15 -11.0832094033933846 5.1769770681858063
4.8082911738317200e+15 -11.1503834506806196 5.2548296749591827
4.8246528195333800e+15 -11.2167495034003331 5.3332336246967316
4.8410701406174960e+15 -11.2847549798810078 5.4110638797283173
4.8575433265361740e+15 -11.3516755722683236 5.4890327155590057
4.8740725673861850e+15 -11.4191388911238274 5.5656932294368744
4.8906580539111620e+15 -11.4855677611203291 5.6427054107189178
4.9072999775038000e+15 -11.5537346570044885 5.7195998728275299
4.9239985302080850e+15 -11.6200097377178651 5.7972900569438934
4.9407539047214290e+15 -11.6882715417576417 5.8748774230480194
4.9575662943970160e+15 -11.7574465746656820 5.9523545205593109
4.9744358932459500e+15 -11.8266063848639256 6.0300163924694061
4.9913628959395190e+15 -11.8959316977900116 6.1079718172550201
5.0083474978114330e+15 -11.9661566355603490 6.1857737600803375
5.0253898948600880e+15 -12.0375425610572648 6.2635190784931183
5.0424902837508210e+15 -12.1076824069577249 6.3421018421649933
5.0596488618181820e+15 -12.1800596780010757 6.4202643930912018
5.0768658270682100e+15 -12.2506539016585272 6.4992465078830719
5.0941413781807180e+15 -12.3236670617879174 6.5776772797107697
5.1114757145116100e+15 -12.3962383011251358 6.6564105451107025
5.1288690360950720e+15 -12.4700847451173136 6.7349441349506378
5.1463215436461130e+15 -12.5424013031275301 6.8139843642711639
5.1638334385625880e+15 -12.6167175125585871 6.8924061954021454
5.1814049229277530e+15 -12.6914072675216065 6.9715328514575958
5.1990361995124900e+15 -12.7649504986119311 7.0507220923900604
5.2167274717776720e+15 -12.8409200083643498 7.1297325193881989
5.2344789438765060e+15 -12.9151265485766533 7.2095178067684174
5.2522908206568910e+15 -12.9923714346822319 7.2879068553447723
5.2701633076637840e+15 -13.0673754932972841 7.3662497103214264
5.2880966111415700e+15 -13.1436677400418773 7.4445821344852448
5.3060909380364400e+15 -13.2196112935694519 7.5222946703433990
5.3241464959987830e+15 -13.2948099012058254 7.6013945043087006
5.3422634933856010e+15 -13.3723682332820424 7.6800458133220673
5.3604421392628290e+15 -13.4496493487316862 7.7588789165019989
5.3786826434078740e+15 -13.5286556421107349 7.8371174633502960
5.3969852163119560e+15 -13.6075077404542526 7.9160831868648529
5.4153500691825490e+15 -13.6872731585091536 7.9952605068683624
5.4337774139458270e+15 -13.7669700131626289 8.0743752419948578
5.4522674632491040e+15 -13.8465700994694600 8.1544689834117889
5.4708204304632920e+15 -13.9289548716023930 8.2333467900753021
5.4894365296853600e+15 -14.0095684115785293 8.3133034408092499
5.5081159757408040e+15 -14.0919245401073852 8.3927430212497711
5.5268589841861320e+15 -14.1750625441814613 8.4727518260478973
5.5456657713113440e+15 -14.2577810018488549 8.5536859929561615
5.5645365541424320e+15 -14.3433709576673056 8.6341284215450287
5.5834715504439080e+15 -14.4277155144791696 8.7151683866977692
5.6024709787212230e+15 -14.5134744424471140 8.7964735925197601
5.6215350582234260e+15 -14.5994878451628569 8.8774599134922028
5.6406640089456040e+15 -14.6866775015576483 8.9587621390819550
5.6598580516314430e+15 -14.7727054861061138 9.0407617390155792
5.6791174077757770e+15 -14.8606894319139897 9.1198809444904327
5.6984422996271380e+15 -14.9464847133922607 9.1999448835849762
5.7178329501903300e+15 -15.0331953414713713 9.2797048389911652
5.7372895832289940e+15 -15.1211046908156899 9.3596331775188446
5.7568124232681940e+15 -15.2088380040665392 9.4403900206089020
5.7764016955970090e+15 -15.2980326497564985 9.5201827585697174
5.7960576262711310e+15 -15.3886314064276917 9.6000008285045624
5.8157804421154710e+15 -15.4798483004218390 9.6800915896892548
5.8355703707268080e+15 -15.5689393717483515 9.7605966031551361
5.8554276404763120e+15 -15.6593841119415540 9.8408974707126617
5.8753524805123260e+15 -15.7509823728651934 9.9207229912281036
5.8953451207629180e+15 -15.8445602286112450 10.0014545023441315
5.9154057919385490e+15 -15.9370760279388417 10.0812502205371857
5.9355347255347480e+15 -16.0310006837249972 10.1623527705669403
5.9557321538347700e+15 -16.1246345771401458 10.2430500090122223
5.9759983099122890e+15 -16.2198760069415613 10.3238485753536224
5.9963334276340770e+15 -16.3161225561330632 10.4048661887645721
6.0167377416627100e+15 -16.4128797713828867 10.4858957231044769
6.0372114874592730e+15 -16.5112792290093857 10.5666913092136383
6.0577549012861030e+15 -16.6099347942227844 10.6485821306705475
6.0783682202093890e+15 -16.7084325026626956 10.7299752533435822
6.0990516821021850e+15 -16.8054772189221069 10.8124680817127228
6.1198055256468020e+15 -16.9051667108848669 10.8925737440586090
6.1406299903378410e+15 -17.0052362771257428 10.9729759395122528
6.1615253164848280e+15 -17.1058967798416646 11.0530339181423187
6.1824917452150150e+15 -17.2075116391260146 11.1337132751941681
6.2035295184761620e+15 -17.3102421652332552 11.2142346799373627
6.2246388790393260e+15 -17.4122958123763922 11.2950839102268219
6.2458200705016680e+15 -17.5147139083993473 11.3764010369777679
6.2670733372892590e+15 -17.6204051589777748 11.4567689597606659
6.2883989246599030e+15 -17.7270183757048052 11.5376330912113190
6.3097970787059680e+15 -17.8305727296910419 11.6190247237682343
6.3312680463572480e+15 -17.9386618775255862 11.6997964680194855
6.3528120753837150e+15 -18.0451823190552076 11.7816142737865448
6.3744294143985280e+15 -18.1542958814165694 11.8624337017536163
6.3961203128608010e+15 -18.2649442191219968 11.9433991611003876
6.4178850210785070e+15 -18.3696907754626686 12.0265297591686249
6.4397237902113660e+15 -18.4832903352890021 12.1052734553813934
6.4616368722737450e+15 -18.5930679669331695 12.1856205165386200
6.4836245201375650e+15 -18.7058796860332208 12.2658289968967438
6.5056869875352180e+15 -18.8169513388917444 12.3463876545429230
6.5278245290624970e+15 -18.9295053588187621 12.4270744621753693
6.5500374001815330e+15 -19.0425465016692534 12.5078149139881134
6.5723258572237440e+15 -19.1594689592337311 12.5878952443599701
6.5946901573927910e+15 -19.2749029853938723 12.6689456403255463
6.6171305587675750e+15 -19.3906996979091275 12.7499021589756012
6.6396473203051060e+15 -19.5100551040143770 12.8311477601528168
6.6622407018436520e+15 -19.6291378494181501 12.9118867218494415
6.6849109641056350e+15 -19.7495235212720210 12.9929877817630768
6.7076583687006600e+15 -19.8715167785851783 13.0742214620113373
6.7304831781285370e+15 -19.9928595017485051 13.1554566323757172
6.7533856557823110e+15 -20.1165277890995213 13.2355965673923492
6.7763660659513000e+15 -20.2363487872662553 13.3174575865268707
6.7994246738241440e+15 -20.3622205562311862 13.3969061076641083
6.8225617454918690e+15 -20.4868670095873178 13.4781666100025177
6.8457775479509530e+15 -20.6151522374866438 13.5578386485576630
6.8690723491064110e+15 -20.7427249715338640 13.6386178433895111
6.8924464177748820e+15 -20.8714258820578742 13.7189544737339020
6.9159000236877650e+15 -21.0006400088198362 13.7999899685382843
6.9394334374942140e+15 -21.1316381161931446 13.8801299035549164
6.9630469307644340e+15 -21.2633366626015814 13.9610029757022858
6.9867407759926980e+15 -21.3981811302603440 14.0408284962177277
7.0105152466005240e+15 -21.5311400652641325 14.1232736408710480
7.0343706169398270e+15 -21.6673252570197121 14.2036177217960358
7.0583071622960890e+15 -21.8042892592141619 14.2846696078777313
7.0823251588915290e+15 -21.9418222305163440 14.3646322190761566
7.1064248838882980e+15 -22.0797692674669648 14.4443400204181671
7.1306066153916710e+15 -22.2206706433959873 14.5238421857357025
7.1548706324532620e+15 -22.3605482536833122 14.6036557853221893
7.1792172150742690e+15 -22.5025164852652715 14.6838597953319550
7.2036466442085600e+15 -22.6452414244542730 14.7633709013462067
7.2281592017662400e+15 -22.7910066102571669 14.8426093161106110
7.2527551706164880e+15 -22.9356603548968501 14.9224065244197845
7.2774348345911520e+15 -23.0801268075719577 15.0017492473125458
7.3021984784878690e+15 -23.2278893020342281 15.0793440639972687
7.3270463880733880e+15 -23.3735817906785428 15.1587255299091339
7.3519788500868620e+15 -23.5229541708773340 15.2375616133213043
7.3769961522431610e+15 -23.6725657953643527 15.3165571391582489
7.4020985832361920e+15 -23.8276255117777858 15.3947152197360992
7.4272864327422270e+15 -23.9826460936322121 15.4737196862697601
7.4525599914232480e+15 -24.1396930307449651 15.5524514615535736
7.4779195509303030e+15 -24.2978909711252449 15.6306885182857513
7.5033654039068980e+15 -24.4568148776514960 15.7101906836032867
7.5288978439922560e+15 -24.6183083403509357 15.7894559204578400
7.5545171658248870e+15 -24.7848063684635562 15.8680222928524017
7.5802236650458630e+15 -24.9462969262040204 15.9472636878490448
7.6060176383022670e+15 -25.1132559839161331 16.0266630351543427
7.6318993832506090e+15 -25.2840596606147869 16.1038585007190704
7.6578691985602660e+15 -25.4513394093212746 16.1832623183727264
7.6839273839169250e+15 -25.6210848656051837 16.2624157965183258
7.7100742400260450e+15 -25.7975101549361376 16.3402102887630463
7.7363100686163240e+15 -25.9723866705230506 16.4185933768749237
7.7626351724431810e+15 -26.1486838322783903 16.4977423846721649
7.7890498552922540e+15 -26.3301310773579011 16.5744774043560028
7.8155544219828970e+15 -26.5062862891804798 16.6520617902278900
7.8421491783717400e+15 -26.6857369210875000 16.7289696633815765
7.8688344313560820e+15 -26.8670101434574029 16.8069817125797272
7.8956104888776300e+15 -27.0524770306191620 16.8840102851390839
7.9224776599259210e+15 -27.2435180405132620 16.9598378241062164
7.9494362545419220e+15 -27.4282384159906023 17.0377768576145172
7.9764865838216050e+15 -27.6195644202867747 17.1135924756526947
8.0036289599195420e+15 -27.8101859910726610 17.1894915401935577
8.0308636960525020e+15 -28.0019076051937539 17.2667138278484344
8.0581911065030680e+15 -28.1998778381967448 17.3414953052997589
8.0856115066232630e+15 -28.3953103113244296 17.4168877303600311
8.1131252128381900e+15 -28.5974159167317232 17.4926273524761200
8.1407325426497160e+15 -28.7994929420991213 17.5674788653850555
8.1684338146399690e+15 -29.0034424095526582 17.6436357200145721
8.1962293484753820e+15 -29.2106841573270231 17.7188925445079803
8.2241194649099140e+15 -29.4199982914131688 17.7944414317607880
8.2521044857891190e+15 -29.6337364541440600 17.8696893155574799
8.2801847340536940e+15 -29.8479294219670663 17.9447449743747711
8.3083605337432370e+15 -30.0657208976171901 18.0206663906574249
8.3366322099999870e+15 -30.2877515670723945 18.0939249694347382
