1.9559273485299200e+15 1.330000000e-05 1.340000000e-05 4.281364398e+33 2.311196587e+45 2.122531287e+00 6.227181193e+00 1.251445079e+01 1.009724596e+01 9.021873408e+00 8.413591586e+00
1.9259273485299200e+15 3.940000000e-05 3.950000000e-05 4.253971297e+33 2.289786231e+45 2.128641047e+00 7.500734543e+00 1.566629218e+01 1.358556963e+01 1.227591136e+01 1.137028102e+01
1.8959273485299200e+15 5.980000000e-05 5.990000000e-05 4.225561098e+33 2.265725648e+45 2.136567516e+00 2.150088308e+01 1.883612206e+01 1.742490842e+01 1.597787749e+01 1.596441268e+01
1.8659273485299200e+15 8.050000000e-05 8.060000000e-05 4.195967243e+33 2.242688906e+45 2.127323696e+00 2.390897868e+00 2.213436779e+01 2.086956478e+01 1.914105943e+01 1.685401154e+01
1.8359273485299200e+15 1.027000000e-04 1.028000000e-04 4.165274591e+33 2.217763359e+45 2.133642555e+00 3.043491144e+01 2.570074655e+01 2.538726237e+01 2.357757194e+01 2.349239982e+01
1.8059273485299200e+15 1.272000000e-04 1.273000000e-04 4.133245372e+33 2.191939420e+45 2.130125644e+00 -1.700087533e+01 2.989111612e+01 2.984434336e+01 2.753553972e+01 2.237422692e+01
1.7759273485299200e+15 1.558000000e-04 1.559000000e-04 4.098376475e+33 2.163801685e+45 2.133307307e+00 2.819037166e+01 3.468122326e+01 3.556863356e+01 3.321057225e+01 3.172779418e+01
1.7459273485299200e+15 1.882000000e-04 1.883000000e-04 4.061846740e+33 2.134325132e+45 2.128998823e+00 3.456750116e+01 4.079566386e+01 4.173468781e+01 3.897857455e+01 3.737975443e+01
1.7159273485299200e+15 2.257000000e-04 2.258000000e-04 4.022934312e+33 2.102515306e+45 2.127681269e+00 6.486389437e+01 4.780252096e+01 4.935011984e+01 4.632176253e+01 4.677198676e+01
1.6859273485299200e+15 2.682000000e-04 2.683000000e-04 3.982519892e+33 2.070683209e+45 2.126873836e+00 2.730556791e+01 5.765740495e+01 5.914698672e+01 5.520610957e+01 5.100903294e+01
1.6559273485299200e+15 3.163000000e-04 3.164000000e-04 3.940528848e+33 2.037100602e+45 2.124834363e+00 1.441082461e+01 7.070823522e+01 7.213414585e+01 6.718697573e+01 6.031968323e+01
1.6259273485299200e+15 3.712000000e-04 3.713000000e-04 3.896570456e+33 2.002374100e+45 2.124556942e+00 6.754875320e+01 9.222568103e+01 9.318630393e+01 8.679373802e+01 8.234552544e+01
1.5959273485299200e+15 4.346000000e-04 4.347000000e-04 3.849997514e+33 1.965545338e+45 2.123702577e+00 -6.231869490e+00 1.402840131e+02 1.389595895e+02 1.282820969e+02 1.123461765e+02
1.5959273485299200e+15 4.346000000e-04 4.347000000e-04 3.849997514e+33 1.965545338e+45 2.123702577e+00 -6.231869490e+00 1.402840131e+02 1.389595895e+02 1.282820969e+02 1.123461765e+02
1.5848162374188090e+15 4.601000000e-04 4.602000000e-04 3.832412707e+33 1.951363434e+45 2.118498369e+00 6.557712630e+01 1.821883546e+02 1.751101111e+02 1.613889178e+02 1.471160834e+02
1.5737051263076978e+15 4.872000000e-04 4.873000000e-04 3.814268022e+33 1.937213355e+45 2.123364363e+00 -5.536083971e+01 2.769961624e+02 2.640811373e+02 2.414704146e+02 2.070526808e+02
1.5659273485299200e+15 5.072000000e-04 5.073000000e-04 3.801185809e+33 1.927257078e+45 2.127756743e+00 -2.594755076e+03 4.985929627e+02 4.647858966e+02 4.138582339e+02 1.252795454e+02
1.5625940151965868e+15 5.159000000e-04 5.160000000e-04 3.795652258e+33 1.923246323e+45 2.115301711e+00 1.001833119e+03 7.816985932e+02 7.359827794e+02 6.740456945e+02 6.744721217e+02
1.5514829040854755e+15 5.459000000e-04 5.460000000e-04 3.776885164e+33 1.908691048e+45 2.130266278e+00 -2.991335333e+02 -6.144555829e+02 -5.446640438e+02 -4.875200952e+02 -4.530291225e+02
1.5403717929743645e+15 5.773000000e-04 5.774000000e-04 3.757905526e+33 1.893918772e+45 2.122608083e+00 -1.470866930e+02 -1.765539202e+02 -1.455464468e+02 -1.281553140e+02 -1.238991913e+02
1.5359273485299200e+15 5.903000000e-04 5.904000000e-04 3.750201066e+33 1.888139622e+45 2.127033589e+00 -9.111386069e+01 -1.279984324e+02 -1.021673600e+02 -8.828744035e+01 -8.388038322e+01
1.5292606818632532e+15 6.102000000e-04 6.103000000e-04 3.738652245e+33 1.879265733e+45 2.126017034e+00 -1.273189243e+02 -8.281167038e+01 -6.058524920e+01 -5.107943398e+01 -5.348383449e+01
1.5181495707521422e+15 6.449000000e-04 6.450000000e-04 3.719081389e+33 1.864061044e+45 2.120150651e+00 2.166836585e+01 -3.972523342e+01 -2.076572878e+01 -1.449590596e+01 -1.037856916e+01
1.5059273485299200e+15 6.851000000e-04 6.852000000e-04 3.697150437e+33 1.847265275e+45 2.123463164e+00 8.023756999e+01 -1.136418889e+01 5.489848955e+00 1.013478380e+01 1.802182126e+01
1.4959273485299200e+15 7.193000000e-04 7.194000000e-04 3.679292108e+33 1.834381949e+45 2.125080697e+00 6.699307891e+01 4.632248773e+00 2.142734011e+01 2.485860378e+01 2.900690944e+01
