1.3152000000000000e+15 2.050000000e-05 2.060000000e-05 1.142556726e+06 3.430791629e+33 -2.952595852e-01 3.430793906e+33 4.165441581e-04 1.983978779e-04 -1.265026195e-12 7.074265975e+01
1.3052000000000000e+15 8.012000000e-04 8.013000000e-04 1.141282404e+06 3.395613111e+33 -2.912406471e-01 3.398594393e+33 1.577098562e-02 7.052397332e-03 -3.866569045e-13 5.781602334e+01
1.2952000000000000e+15 1.163500000e-03 1.163600000e-03 1.138387282e+06 3.360163878e+33 -2.877643566e-01 3.365771235e+33 2.222278726e-02 9.580274682e-03 -9.784853615e-13 6.179113259e+01
1.2852000000000000e+15 1.463300000e-03 1.463400000e-03 1.136785040e+06 3.324455816e+33 -2.838226178e-01 3.331960621e+33 2.713454840e-02 1.090417576e-02 -1.477710259e-12 5.681849254e+01
1.2752000000000000e+15 1.734900000e-03 1.735000000e-03 1.135119461e+06 3.288497085e+33 -2.798907828e-01 3.297275452e+33 3.123078417e-02 1.161121214e-02 -4.269649514e-13 5.582295481e+01
1.2652000000000000e+15 1.991400000e-03 1.991500000e-03 1.133665797e+06 3.252283985e+33 -2.758754347e-01 3.261572957e+33 3.480132182e-02 1.177011034e-02 -1.030919483e-12 5.383323224e+01
1.2552000000000000e+15 2.239200000e-03 2.239300000e-03 1.129821895e+06 3.215835900e+33 -2.726334224e-01 3.226127202e+33 3.795685575e-02 1.232306960e-02 -9.144899489e-13 5.482476998e+01
1.2452000000000000e+15 2.482300000e-03 2.482400000e-03 1.126782893e+06 3.179148420e+33 -2.691091018e-01 3.189622813e+33 4.082340113e-02 1.236035806e-02 -3.747202930e-12 5.482258262e+01
1.2352000000000000e+15 2.723100000e-03 2.723200000e-03 1.125490157e+06 3.142240424e+33 -2.650030121e-01 3.151136090e+33 4.347193783e-02 1.142064423e-02 -1.895836550e-12 5.681033218e+01
1.2252000000000000e+15 2.967900000e-03 2.968000000e-03 1.123054819e+06 3.104405602e+33 -2.611729570e-01 3.111713736e+33 4.594653623e-02 1.060654614e-02 -6.191983520e-13 5.680860529e+01
1.2152000000000000e+15 3.215100000e-03 3.215200000e-03 1.123602958e+06 3.066119089e+33 -2.563936307e-01 3.068770336e+33 4.827772603e-02 8.274716851e-03 -9.716342978e-13 5.283146997e+01
1.2052000000000000e+15 3.463900000e-03 3.464000000e-03 1.120662702e+06 3.027666833e+33 -2.526943585e-01 3.027588196e+33 5.040754636e-02 7.107978282e-03 -9.646032525e-13 5.879569056e+01
1.1952000000000000e+15 3.715200000e-03 3.715300000e-03 1.114309250e+06 2.989058155e+33 -2.500056168e-01 2.988762167e+33 5.236624473e-02 7.247708029e-03 -5.365200852e-13 5.481350067e+01
1.1852000000000000e+15 3.969500000e-03 3.969600000e-03 1.116073750e+06 2.950309769e+33 -2.449170241e-01 2.941783627e+33 5.423770397e-02 3.573587398e-03 -9.629083767e-13 5.282588903e+01
1.1752000000000000e+15 4.227300000e-03 4.227400000e-03 1.114320882e+06 2.911450218e+33 -2.408916297e-01 2.897293665e+33 5.595243882e-02 1.279843922e-03 -1.262358131e-12 5.083574066e+01
1.1652000000000000e+15 4.489000000e-03 4.489100000e-03 1.110910161e+06 2.872500617e+33 -2.373471185e-01 2.853736297e+33 5.754236139e-02 -4.623547077e-04 -8.775793043e-13 5.580542884e+01
1.1552000000000000e+15 4.754700000e-03 4.754800000e-03 1.108648182e+06 2.833527572e+33 -2.335048937e-01 2.808663146e+33 5.901101772e-02 -2.829655830e-03 -1.652360724e-12 5.083147011e+01
1.1452000000000000e+15 5.024800000e-03 5.024900000e-03 1.107537664e+06 2.794514593e+33 -2.293800833e-01 2.762054696e+33 6.035771464e-02 -5.810790633e-03 -1.169278491e-12 5.083064866e+01
1.1352000000000000e+15 5.299200000e-03 5.299300000e-03 1.105805804e+06 2.755569416e+33 -2.254706709e-01 2.715929525e+33 6.158421226e-02 -8.570469829e-03 -1.242435235e-12 5.878507243e+01
1.1252000000000000e+15 5.578100000e-03 5.578200000e-03 1.105637612e+06 2.716702424e+33 -2.212143429e-01 2.668420753e+33 6.267336471e-02 -1.196343196e-02 -1.411734632e-12 5.281816357e+01
1.1152000000000000e+15 5.864600000e-03 5.864700000e-03 1.104061469e+06 2.677587170e+33 -2.173394427e-01 2.621974991e+33 6.365693091e-02 -1.478716350e-02 -3.086011627e-13 4.784456662e+01
1.1052000000000000e+15 6.159900000e-03 6.160000000e-03 1.101029713e+06 2.638229517e+33 -2.138269555e-01 2.576429016e+33 6.454216279e-02 -1.712866992e-02 -1.216681132e-12 4.684781204e+01
1.0952000000000000e+15 6.458000000e-03 6.458100000e-03 1.101022012e+06 2.599613165e+33 -2.097219544e-01 2.529866932e+33 6.521042701e-02 -2.034698197e-02 -1.565620042e-12 4.784227278e+01
