1.2142106454430700e+15 3.239600000e-03 1.123647885e+06 3.062335081e+33 3.423636751e+33 1.461197726e+45 2.287151622e-01 2.107831868e+00
1.1942106454430700e+15 3.740200000e-03 1.116308520e+06 2.985230402e+33 3.324235415e+33 1.400504914e+45 2.151152276e-01 2.068409458e+00
1.1742106454430700e+15 4.253000000e-03 1.113159529e+06 2.907615595e+33 3.224962287e+33 1.340671354e+45 2.020691336e-01 2.029680350e+00
1.1542106454430700e+15 4.781200000e-03 1.107443401e+06 2.829681512e+33 3.126064104e+33 1.281872887e+45 1.895886531e-01 1.991669979e+00
1.1342106454430700e+15 5.326600000e-03 1.107321953e+06 2.751737772e+33 3.027928798e+33 1.224386407e+45 1.777001753e-01 1.954426554e+00
1.1142106454430700e+15 5.893600000e-03 1.104446106e+06 2.673696119e+33 2.930429882e+33 1.168213602e+45 1.663657604e-01 1.917748663e+00
1.0942106454430700e+15 6.487600000e-03 1.098914489e+06 2.595856296e+33 2.833944449e+33 1.113772720e+45 1.556064736e-01 1.881399751e+00
1.2342106454430700e+15 2.746900000e-03 1.127036955e+06 3.138576347e+33 3.522706295e+33 1.522426051e+45 2.428196401e-01 2.147818615e+00
1.2542106454430700e+15 2.263400000e-03 1.131796019e+06 3.212232912e+33 3.619165478e+33 1.582731252e+45 2.570985541e-01 2.187471755e+00
1.2742106454430700e+15 1.760800000e-03 1.134187807e+06 3.284931666e+33 3.715089057e+33 1.643345686e+45 2.718512190e-01 2.227677680e+00
1.2942106454430700e+15 1.195000000e-03 1.139511078e+06 3.356654288e+33 3.810456793e+33 1.704230082e+45 2.870810683e-01 2.268434923e+00
1.3142106454430700e+15 2.468000000e-04 1.143616531e+06 3.427326584e+33 3.905127888e+33 1.765266768e+45 3.027760203e-01 2.309729539e+00
