2.0364416437012555e+15 2.000000000e-05 3.000000000e-05 4.893646814e+33 3.199504932e+45 2.018118652e+00 2.968321355e+00 3.822262913e+00 4.450587916e+00 1.850488572e+01 9.785327865e+01
2.0364416437012555e+15 1.020000000e-03 1.030000000e-03 4.893630451e+33 3.199507272e+45 2.016342544e+00 2.395061605e+01 3.777321995e+00 5.415747710e+00 2.214936816e+01 1.538820312e+02
2.0365527548123665e+15 1.504000000e-02 1.505000000e-02 4.892843710e+33 3.198619855e+45 2.015272554e+00 -3.356047001e+03 3.764138440e+00 7.193513425e+00 5.169137858e+01 2.783090497e+02
2.0366638659234778e+15 2.090000000e-02 2.091000000e-02 4.892129055e+33 3.197829359e+45 2.015818810e+00 -1.699984101e+04 3.782176184e+00 6.256441355e+00 4.012987460e+01 1.533214735e+02
2.0367749770345888e+15 2.556000000e-02 2.557000000e-02 4.891393124e+33 3.196941483e+45 2.016157005e+00 -2.249049933e+04 3.805290570e+00 4.909420489e+00 2.785607092e+01 1.250797332e+02
2.0368860881457000e+15 2.938000000e-02 2.939000000e-02 4.890665884e+33 3.196142499e+45 2.015879355e+00 6.092035814e+04 3.822633064e+00 6.670985920e+00 5.237447243e+01 5.751728475e+02
2.0369971992568110e+15 3.277000000e-02 3.278000000e-02 4.889945355e+33 3.195320613e+45 2.015820155e+00 5.870357025e+04 3.833412242e+00 6.613314587e+00 5.672864931e+01 5.559523916e+02
2.0371083103679222e+15 3.578000000e-02 3.579000000e-02 4.889226222e+33 3.194499777e+45 2.016065774e+00 8.623599047e+04 3.857330450e+00 6.732446568e+00 5.888750254e+01 7.762984213e+02
2.0372194214790332e+15 3.853000000e-02 3.854000000e-02 4.888533641e+33 3.193682153e+45 2.017003036e+00 -4.587101112e+04 3.847025906e+00 4.836222353e+00 -2.311746354e+01 8.134361522e+01
2.0373305325901445e+15 4.106000000e-02 4.107000000e-02 4.887839590e+33 3.192927296e+45 2.015953294e+00 6.773621753e+04 3.854798139e+00 5.090580966e+00 4.788280290e+01 9.040916290e+02
2.0374416437012555e+15 4.344000000e-02 4.345000000e-02 4.887137708e+33 3.192136663e+45 2.014040527e+00 -1.397272859e+04 3.819515710e+00 8.276629318e+00 7.450299180e+01 4.163228414e+02
2.0384416437012555e+15 5.968000000e-02 5.969000000e-02 4.881400804e+33 3.185721314e+45 2.016186374e+00 6.259436744e+03 3.942674848e+00 5.232015571e+00 1.575370382e+01 6.440403644e+01
2.0404416437012555e+15 8.012000000e-02 8.013000000e-02 4.871733637e+33 3.174980755e+45 2.017520283e+00 3.709115794e+04 4.095641091e+00 6.567064769e+00 1.891161167e+01 3.348444146e+02
2.0424416437012555e+15 9.375000000e-02 9.376000000e-02 4.863834876e+33 3.166353963e+45 2.015304767e+00 5.717625293e+04 4.167059946e+00 5.523987653e+00 1.177415068e+01 5.966375266e+02
2.0444416437012555e+15 1.039200000e-01 1.039300000e-01 4.857259196e+33 3.159250701e+45 2.016973072e+00 1.176070062e+05 4.296595112e+00 7.833801091e+00 5.500188874e+01 1.051747358e+03
2.0464416437012555e+15 1.119500000e-01 1.119600000e-01 4.851673478e+33 3.153300707e+45 2.015766614e+00 -9.416024485e+04 4.367263593e+00 7.248730126e+00 -2.694055316e+01 -8.629117142e+02
2.0484416437012555e+15 1.184900000e-01 1.185000000e-01 4.846922779e+33 3.148349449e+45 2.015994558e+00 3.131807009e+05 4.528644067e+00 1.139475304e+01 1.750974705e+02 2.773528491e+03
2.0504416437012555e+15 1.239400000e-01 1.239500000e-01 4.842861898e+33 3.144104718e+45 2.014911509e+00 5.358061225e+05 4.615969048e+00 1.444126050e+01 2.629771513e+02 4.774372062e+03
2.0524416437012555e+15 1.285600000e-01 1.285700000e-01 4.839337592e+33 3.140500865e+45 2.015483032e+00 4.385011816e+05 4.655155640e+00 6.694281521e+00 2.218710404e+02 3.897824244e+03
2.0544416437012555e+15 1.325100000e-01 1.325200000e-01 4.836316820e+33 3.137464839e+45 2.016598283e+00 -1.723565721e+05 4.555233258e+00 4.708448166e+00 -1.800904873e+01 -2.523750136e+02
2.0564416437012555e+15 1.359200000e-01 1.359300000e-01 4.833691751e+33 3.134843364e+45 2.018151312e+00 -2.301399057e+04 4.585800647e+00 4.778133430e+00 7.040463136e+00 7.038503021e+01
2.0584416437012555e+15 1.388800000e-01 1.388900000e-01 4.831426038e+33 3.132612487e+45 2.018812989e+00 6.208446644e+04 4.662339530e+00 6.889721089e+00 4.491897761e+01 5.439331036e+02
2.0604416437012555e+15 1.414300000e-01 1.414400000e-01 4.829518010e+33 3.130764781e+45 2.024105370e+00 6.606338156e+04 4.721951367e+00 8.382151302e+00 6.147665667e+01 5.657700706e+02
2.0624416437012555e+15 1.436400000e-01 1.436500000e-01 4.827898764e+33 3.129215727e+45 2.033924719e+00 2.993655401e+04 4.929135268e+00 7.604680054e+00 4.038836582e+01 2.743137164e+02
2.0644416437012555e+15 1.455200000e-01 1.455300000e-01 4.826579440e+33 3.127988465e+45 0.000000000e+00 0.000000000e+00 0.000000000e+00 0.000000000e+00 0.000000000e+00 0.000000000e+00
