1.2600000000000000e+15 2.687000000e-04 1.043959746e+06 2.950925978e+33 3.359104985e+33 1.263797367e+45 1.956489613e-01 2.084731354e+00
1.2500000000000000e+15 1.227400000e-03 1.039201802e+06 2.892973036e+33 3.282857817e+33 1.220974545e+45 1.864760398e-01 2.056678582e+00
1.1595380115010905e+15 4.976200000e-03 1.002414329e+06 2.373048753e+33 2.618928258e+33 8.695967686e+44 1.178116943e-01 1.824401759e+00
1.1395380115010905e+15 5.745400000e-03 9.920415890e+05 2.262039648e+33 2.481673953e+33 8.021497572e+44 1.059352823e-01 1.778423422e+00
1.1195380115010905e+15 6.516000000e-03 9.860255558e+05 2.155255626e+33 2.351101262e+33 7.398585850e+44 9.531853612e-02 1.734916767e+00
1.1795380115010905e+15 4.214100000e-03 1.008581607e+06 2.486230633e+33 2.760466902e+33 9.411092207e+44 1.308528799e-01 1.872376815e+00
1.1995380115010905e+15 3.450500000e-03 1.015021994e+06 2.600857683e+33 2.905480005e+33 1.016349741e+45 1.450817003e-01 1.922292420e+00
1.2195380115010905e+15 2.663500000e-03 1.025687992e+06 2.716371895e+33 3.053352125e+33 1.095044427e+45 1.605294530e-01 1.974117437e+00
1.2395380115010905e+15 1.791300000e-03 1.034271464e+06 2.832300020e+33 3.203534318e+33 1.176938917e+45 1.772294334e-01 2.027831771e+00
1.2595380115010905e+15 3.667000000e-04 1.043147669e+06 2.948253074e+33 3.355572956e+33 1.261807289e+45 1.952185081e-01 2.083425403e+00
