1.0873000000000000e+15 7.291000000e-02 1.033677400e+06 2.187339581e+33 2.394786185e+33 7.971599424e+44 1.006092358e-01 1.699583010e+00
1.0774400000000000e+15 3.560000000e-03 1.046902381e+06 2.352719248e+33 2.597022855e+33 9.032470897e+44 1.159763557e-01 1.729071231e+00
1.0779000000000000e+15 2.469000000e-02 1.044134691e+06 2.334022718e+33 2.574006447e+33 8.908071735e+44 1.141360913e-01 1.725397990e+00
1.0784316277674055e+15 3.467000000e-02 1.039659484e+06 2.315370505e+33 2.551091467e+33 8.785065153e+44 1.123232512e-01 1.721768177e+00
1.0794316277674055e+15 4.595000000e-02 1.037528886e+06 2.286527155e+33 2.515725233e+33 8.596904570e+44 1.095644291e-01 1.716237836e+00
1.0804316277674055e+15 5.320000000e-02 1.036572557e+06 2.263651243e+33 2.487735743e+33 8.449597094e+44 1.074182557e-01 1.711954007e+00
1.0814316277674055e+15 5.843000000e-02 1.035705887e+06 2.245084147e+33 2.465066540e+33 8.331287515e+44 1.057050428e-01 1.708573169e+00
1.0824316277674055e+15 6.241000000e-02 1.034305259e+06 2.229887005e+33 2.446532468e+33 8.235348940e+44 1.043244029e-01 1.705901300e+00
1.0834316277674055e+15 6.555000000e-02 1.031911274e+06 2.217335798e+33 2.431248157e+33 8.156767946e+44 1.032010202e-01 1.703789280e+00
1.0844316277674055e+15 6.807000000e-02 1.030595166e+06 2.206997969e+33 2.418671071e+33 8.092495706e+44 1.022891765e-01 1.702147543e+00
2.2521992393678395e+15 6.410000000e-03 9.856798585e+05 4.154046702e+33 5.103129566e+33 2.021875318e+45 6.748413145e-01 4.494664603e+00
2.2511992393678395e+15 7.860000000e-03 9.854472887e+05 4.153481607e+33 5.102203354e+33 2.021658224e+45 6.743009624e-01 4.491547951e+00
2.2501992393678395e+15 9.080000000e-03 9.862521382e+05 4.152903558e+33 5.101238459e+33 2.021421748e+45 6.737528822e-01 4.488422181e+00
2.2491992393678395e+15 1.015000000e-02 9.860524278e+05 4.152328228e+33 5.100297702e+33 2.021197863e+45 6.732071731e-01 4.485283537e+00
2.2481992393678395e+15 1.112000000e-02 9.860834405e+05 4.151753208e+33 5.099355239e+33 2.020975446e+45 6.726622744e-01 4.482146341e+00
2.2471992393678395e+15 1.202000000e-02 9.856086160e+05 4.151174338e+33 5.098405414e+33 2.020743377e+45 6.721158152e-01 4.479019450e+00
2.2461992393678395e+15 1.286000000e-02 9.861606512e+05 4.150595656e+33 5.097468975e+33 2.020512282e+45 6.715701626e-01 4.475895058e+00
2.2451992393678395e+15 1.364000000e-02 9.863970856e+05 4.150004405e+33 5.096479193e+33 2.020279137e+45 6.710172536e-01 4.472726122e+00
2.2441992393678395e+15 1.439000000e-02 9.864057341e+05 4.149413694e+33 5.095516981e+33 2.020033265e+45 6.704656337e-01 4.469593209e+00
2.2431992393678395e+15 1.510000000e-02 9.870126705e+05 4.148837501e+33 5.094579333e+33 2.019812311e+45 6.699231160e-01 4.466465116e+00
2.2421992393678395e+15 1.578000000e-02 9.847262614e+05 4.148234616e+33 5.093577289e+33 2.019566860e+45 6.693653330e-01 4.463288691e+00
2.2411992393678395e+15 1.643000000e-02 9.868373909e+05 4.147635529e+33 5.092592375e+33 2.019329330e+45 6.688103431e-01 4.460112622e+00
2.2401992393678395e+15 1.706000000e-02 9.863162261e+05 4.147039956e+33 5.091613372e+33 2.019097352e+45 6.682582818e-01 4.456943086e+00
2.2391992393678395e+15 1.767000000e-02 9.869761460e+05 4.146436988e+33 5.090628074e+33 2.018853996e+45 6.677021270e-01 4.453770617e+00
2.2381992393678395e+15 1.827000000e-02 9.860600772e+05 4.145838782e+33 5.089661069e+33 2.018612358e+45 6.671500477e-01 4.450620782e+00
2.2371992393678395e+15 1.884000000e-02 9.868933097e+05 4.145222706e+33 5.088640009e+33 2.018368229e+45 6.665872471e-01 4.447404152e+00
2.2361992393678395e+15 1.941000000e-02 9.872628403e+05 4.144607423e+33 5.087635473e+33 2.018112718e+45 6.660261841e-01 4.444223400e+00
2.2351992393678395e+15 1.996000000e-02 9.866182002e+05 4.143995417e+33 5.086633571e+33 2.017869729e+45 6.654672698e-01 4.441028625e+00
2.2341992393678395e+15 2.050000000e-02 9.875978067e+05 4.143362450e+33 5.085592594e+33 2.017605459e+45 6.648968757e-01 4.437803267e+00
2.2331992393678395e+15 2.103000000e-02 9.874861213e+05 4.142744956e+33 5.084576865e+33 2.017362409e+45 6.643361690e-01 4.434595087e+00
2.2321992393678395e+15 2.155000000e-02 9.877111716e+05 4.142109069e+33 5.083538883e+33 2.017103942e+45 6.637650289e-01 4.431350346e+00
2.2311992393678395e+15 2.206000000e-02 9.877566215e+05 4.141461053e+33 5.082476484e+33 2.016839296e+45 6.631874231e-01 4.428075170e+00
2.2301992393678395e+15 2.257000000e-02 9.875483130e+05 4.140816586e+33 5.081417896e+33 2.016576659e+45 6.626129125e-01 4.424815395e+00
2.2291992393678395e+15 2.307000000e-02 9.880857979e+05 4.140168386e+33 5.080355460e+33 2.016321921e+45 6.620366679e-01 4.421525868e+00
2.2281992393678395e+15 2.357000000e-02 9.882314770e+05 4.139507685e+33 5.079287949e+33 2.016053585e+45 6.614537345e-01 4.418220634e+00
2.2271992393678395e+15 2.407000000e-02 9.882270970e+05 4.138831659e+33 5.078162075e+33 2.015772014e+45 6.608624580e-01 4.414887769e+00
2.2261992393678395e+15 2.457000000e-02 9.890562029e+05 4.138144271e+33 5.077033998e+33 2.015482944e+45 6.602652883e-01 4.411531012e+00
2.2251992393678395e+15 2.507000000e-02 9.884833092e+05 4.137461773e+33 5.075924245e+33 2.015222581e+45 6.596716048e-01 4.408133792e+00
2.2241992393678395e+15 2.558000000e-02 9.887071407e+05 4.136743940e+33 5.074762502e+33 2.014925498e+45 6.590578922e-01 4.404682107e+00
2.2231992393678395e+15 2.610000000e-02 9.890226641e+05 4.136012401e+33 5.073574903e+33 2.014638270e+45 6.584370090e-01 4.401159944e+00
2.2221992393678395e+15 2.664000000e-02 9.879716058e+05 4.135237549e+33 5.072302784e+33 2.014323674e+45 6.577910974e-01 4.397529203e+00
2.2211992393678395e+15 2.724000000e-02 9.886660436e+05 4.134392711e+33 5.070904383e+33 2.013972057e+45 6.571057498e-01 4.393714410e+00
