1.0774304687500000e+15 1.000000000e-05 2.000000000e-05 2.353105456e+33 9.035075358e+44 2.008346717e+00 3.778869326e+02 4.502380114e+02 4.448322391e+02 8.453496156e+02 5.328821936e+03
1.0774400000000000e+15 3.510000000e-03 3.520000000e-03 2.352733157e+33 9.032517520e+44 2.009439228e+00 -2.343254600e+05 4.541872015e+02 4.381581962e+02 5.533957435e+02 2.632967272e+03
1.0774537500000000e+15 5.620000000e-03 5.630000000e-03 2.352128153e+33 9.028487994e+44 2.008206035e+00 -3.231291014e+05 4.501270193e+02 4.343935147e+02 2.261817129e+03 9.418488534e+03
1.0774770312500000e+15 7.990000000e-03 8.000000000e-03 2.351116109e+33 9.021787028e+44 2.007267249e+00 4.623499799e+05 4.479886499e+02 4.853021442e+02 1.657807522e+03 1.252894033e+04
1.0775003125000000e+15 9.800000000e-03 9.810000000e-03 2.350114341e+33 9.015043786e+44 2.007698172e+00 4.781997691e+06 4.505977767e+02 5.113265085e+02 2.191514603e+03 2.121653938e+04
1.0775235937500000e+15 1.129000000e-02 1.130000000e-02 2.349135322e+33 9.008488605e+44 2.008330225e+00 1.584390770e+06 4.525865391e+02 4.579281073e+02 1.082386808e+03 1.263116241e+04
1.0775468750000000e+15 1.263000000e-02 1.264000000e-02 2.348123738e+33 9.001818545e+44 2.008195186e+00 8.516268298e+05 4.528912179e+02 2.468735134e+02 1.060944394e+03 4.152333036e+03
1.0775701562500000e+15 1.380000000e-02 1.381000000e-02 2.347165047e+33 8.995397831e+44 2.008255791e+00 -5.275716584e+06 4.521718182e+02 4.396227930e+02 7.804438108e+02 -2.885121508e+03
1.0775934375000000e+15 1.490000000e-02 1.491000000e-02 2.346168977e+33 8.988835562e+44 2.009215452e+00 -4.474610525e+06 4.553139420e+02 3.826455966e+02 -5.528787724e+02 -1.708764399e+04
1.0776167187500000e+15 1.589000000e-02 1.590000000e-02 2.345222549e+33 8.982423170e+44 2.007050247e+00 1.599067425e+07 4.519829353e+02 6.435837406e+02 4.318886768e+03 6.820493055e+04
1.0776400000000000e+15 1.683000000e-02 1.684000000e-02 2.344254008e+33 8.976000699e+44 2.006407242e+00 -1.247919325e+07 4.488426197e+02 6.492324448e+02 3.150996520e+03 4.643096377e+04
1.0782400000000000e+15 3.160000000e-02 3.161000000e-02 2.321777144e+33 8.827173808e+44 2.007732165e+00 2.071796181e+07 4.656919053e+02 5.610574963e+02 4.230714809e+03 8.976615208e+04
1.0790400000000000e+15 4.222000000e-02 4.223000000e-02 2.296962031e+33 8.664665631e+44 2.009275665e+00 -6.354083208e+07 4.704186510e+02 -2.670361496e+01 -1.585974002e+04 -2.595140011e+05
1.0798400000000000e+15 4.923000000e-02 4.924000000e-02 2.276589601e+33 8.532664780e+44 2.008433462e+00 4.602447496e+07 4.984351470e+02 9.068469887e+02 1.129217544e+04 1.893478528e+05
1.0806400000000000e+15 5.442000000e-02 5.443000000e-02 2.259446466e+33 8.422720944e+44 2.009460892e+00 3.564133108e+07 5.122918022e+02 8.511742647e+02 9.615640155e+03 1.422984448e+05
1.0814400000000000e+15 5.847000000e-02 5.848000000e-02 2.244906428e+33 8.330165695e+44 2.026385628e+00 -1.762400819e+06 5.653736101e+02 4.436658359e+02 -3.520392331e+02 -4.822485150e+03
1.0822400000000000e+15 6.172000000e-02 6.173000000e-02 2.232559234e+33 8.252153369e+44 2.076496200e+00 -6.082840772e+04 7.069862035e+02 6.399953058e+02 5.970706323e+02 5.400573731e+02
1.0830400000000000e+15 6.441000000e-02 6.442000000e-02 2.221900258e+33 8.185295491e+44 2.155411378e+00 -9.988443048e+03 8.816100083e+02 7.970101164e+02 7.452547775e+02 7.098411906e+02
1.0838400000000000e+15 6.664000000e-02 6.665000000e-02 2.212866289e+33 8.128930508e+44 0.000000000e+00 0.000000000e+00 0.000000000e+00 0.000000000e+00 0.000000000e+00 0.000000000e+00
1.0846400000000000e+15 6.853000000e-02 6.854000000e-02 2.205073433e+33 8.080567196e+44 0.000000000e+00 0.000000000e+00 0.000000000e+00 0.000000000e+00 0.000000000e+00 0.000000000e+00
1.0854400000000000e+15 7.012000000e-02 7.013000000e-02 2.198516207e+33 8.040063887e+44 0.000000000e+00 0.000000000e+00 0.000000000e+00 0.000000000e+00 0.000000000e+00 0.000000000e+00
1.0862400000000000e+15 7.147000000e-02 7.148000000e-02 2.192986785e+33 8.006157232e+44 0.000000000e+00 0.000000000e+00 0.000000000e+00 0.000000000e+00 0.000000000e+00 0.000000000e+00
1.0870400000000000e+15 7.259000000e-02 7.260000000e-02 2.188537771e+33 7.978912430e+44 0.000000000e+00 0.000000000e+00 0.000000000e+00 0.000000000e+00 0.000000000e+00 0.000000000e+00
