1.0318500000000000e+15 4.040000000e-03 4.050000000e-03 1.243737815e+06 4.102519733e+33 -3.365687789e-01 4.102528488e+33 5.194860570e-04 -1.434961003e-03 -1.300965818e-12 8.089863404e+00
1.0316500000000000e+15 1.957000000e-02 1.958000000e-02 1.244753063e+06 4.091971336e+33 -3.349528739e-01 4.092170876e+33 2.485643954e-03 -6.845885089e-03 -1.204466710e-12 6.496238869e+00
1.0314500000000000e+15 2.823000000e-02 2.824000000e-02 1.242797036e+06 4.080063882e+33 -3.343216088e-01 4.080475552e+33 3.569184763e-03 -9.833283251e-03 -1.086712833e-12 6.776155901e+00
1.0312500000000000e+15 3.614000000e-02 3.615000000e-02 1.243036128e+06 4.065421446e+33 -3.325344003e-01 4.066075580e+33 4.508623984e-03 -1.238780986e-02 -1.399306506e-12 6.588771600e+00
1.0310500000000000e+15 4.767000000e-02 4.768000000e-02 1.242668942e+06 4.037750312e+33 -3.294840115e-01 4.038826518e+33 5.801724812e-03 -1.587493224e-02 -2.711719976e-13 6.494706602e+00
1.0320500000000000e+15 6.561000000e-02 6.562000000e-02 1.241117131e+06 3.981366271e+33 -3.236060903e-01 3.983148791e+33 7.511782712e-03 -2.040025998e-02 -1.156625886e-12 6.118426677e+00
1.0322500000000000e+15 6.663000000e-02 6.664000000e-02 1.241179230e+06 3.977865434e+33 -3.231846741e-01 3.979682207e+33 7.587603032e-03 -2.059292681e-02 -1.367201534e-12 6.493651705e+00
1.0324500000000000e+15 6.752000000e-02 6.753000000e-02 1.242674079e+06 3.974778788e+33 -3.222878639e-01 3.976605225e+33 7.621562760e-03 -2.063931187e-02 -1.088644602e-12 6.119578819e+00
1.0326500000000000e+15 6.829000000e-02 6.830000000e-02 1.241328058e+06 3.972128670e+33 -3.224778715e-01 3.973997908e+33 7.703352076e-03 -2.088393953e-02 -1.067087843e-12 6.212364263e+00
1.0328500000000000e+15 6.897000000e-02 6.898000000e-02 1.242065389e+06 3.969801627e+33 -3.219449778e-01 3.971681954e+33 7.733835204e-03 -2.094128989e-02 -6.981328832e-13 6.306657211e+00
1.0330500000000000e+15 6.958000000e-02 6.959000000e-02 1.240829249e+06 3.967740641e+33 -3.221609818e-01 3.969656421e+33 7.799758885e-03 -2.114148182e-02 -9.559028447e-13 6.118219069e+00
1.0332500000000000e+15 7.012000000e-02 7.013000000e-02 1.241568404e+06 3.965925437e+33 -3.216855562e-01 3.967846561e+33 7.817912499e-03 -2.116676523e-02 -1.410553598e-12 5.837380501e+00
1.0334500000000000e+15 7.060000000e-02 7.061000000e-02 1.242199672e+06 3.964359034e+33 -3.212788247e-01 3.966284722e+33 7.833397096e-03 -2.118824280e-02 -4.352352996e-13 5.837854273e+00
2.2736454501169360e+15 4.010000000e-03 4.020000000e-03 1.121493108e+06 4.890674306e+33 -5.215901342e-01 4.890676508e+33 -2.125160166e-04 8.606979446e-04 -1.727365863e-12 6.124297243e+00
2.2716454501169360e+15 6.960000000e-03 6.970000000e-03 1.122398706e+06 4.890720150e+33 -5.208579074e-01 4.890726674e+33 -3.660453478e-04 1.479435247e-03 -1.638199859e-12 5.181082924e+00
2.2696454501169360e+15 9.000000000e-03 9.010000000e-03 1.122622786e+06 4.890776240e+33 -5.206856179e-01 4.890787042e+33 -4.711328526e-04 1.903261173e-03 -1.296557140e-12 5.086872618e+00
2.2676454501169360e+15 1.065000000e-02 1.066000000e-02 1.122796805e+06 4.890821506e+33 -5.205522599e-01 4.890836494e+33 -5.550675395e-04 2.241246280e-03 -1.279306911e-12 6.030871431e+00
2.2656454501169360e+15 1.209000000e-02 1.210000000e-02 1.123301470e+06 4.890865613e+33 -5.201493560e-01 4.890884682e+33 -6.263867751e-04 2.526380619e-03 -2.137323807e-12 4.804261477e+00
2.2636454501169360e+15 1.339000000e-02 1.340000000e-02 1.123649522e+06 4.890910293e+33 -5.198746237e-01 4.890933410e+33 -6.898719483e-04 2.780753927e-03 -1.116221258e-12 5.087696820e+00
2.2616454501169360e+15 1.457000000e-02 1.458000000e-02 1.123381757e+06 4.890949074e+33 -5.201001217e-01 4.890976293e+33 -7.483781709e-04 3.018367702e-03 -9.753485782e-13 4.709930833e+00
2.2596454501169360e+15 1.567000000e-02 1.568000000e-02 1.124185866e+06 4.890990944e+33 -5.194541366e-01 4.891021905e+33 -7.987989836e-04 3.215859348e-03 -9.876620136e-13 4.899340339e+00
2.2576454501169360e+15 1.670000000e-02 1.671000000e-02 1.124379733e+06 4.891036304e+33 -5.193057681e-01 4.891071088e+33 -8.468887764e-04 3.407647586e-03 -3.767626141e-13 4.616366104e+00
2.2556454501169360e+15 1.768000000e-02 1.769000000e-02 1.124463107e+06 4.891084048e+33 -5.192466304e-01 4.891122636e+33 -8.920829930e-04 3.588707416e-03 -1.661193000e-12 4.710817367e+00
2.2536454501169360e+15 1.862000000e-02 1.863000000e-02 1.124521928e+06 4.891120495e+33 -5.192058121e-01 4.891162845e+33 -9.346000497e-04 3.759360642e-03 -1.098499091e-12 4.710862916e+00
2.2516454501169360e+15 1.953000000e-02 1.954000000e-02 1.124760322e+06 4.891149752e+33 -5.190181055e-01 4.891195737e+33 -9.740378651e-04 3.916521246e-03 -1.534492133e-12 4.805433379e+00
2.2496454501169360e+15 2.040000000e-02 2.041000000e-02 1.124670101e+06 4.891196170e+33 -5.191001984e-01 4.891245841e+33 -1.012297453e-03 4.070659043e-03 -1.135911626e-12 4.616604703e+00
2.2476454501169360e+15 2.126000000e-02 2.127000000e-02 1.125322980e+06 4.891223943e+33 -5.185765497e-01 4.891276892e+33 -1.045779380e-03 4.199681354e-03 -1.830347033e-12 4.711509896e+00
2.2456454501169360e+15 2.210000000e-02 2.211000000e-02 1.125421876e+06 4.891270748e+33 -5.185054174e-01 4.891327175e+33 -1.079657393e-03 4.335003003e-03 -1.208738625e-12 4.900333854e+00
2.2436454501169360e+15 2.293000000e-02 2.294000000e-02 1.125967847e+06 4.891307366e+33 -5.180711235e-01 4.891366940e+33 -1.109968790e-03 4.451146170e-03 -1.366323786e-12 4.806403051e+00
2.2416454501169360e+15 2.376000000e-02 2.377000000e-02 1.126347253e+06 4.891340810e+33 -5.177713364e-01 4.891403554e+33 -1.139577445e-03 4.565646187e-03 -2.294073060e-12 4.523603974e+00
2.2396454501169360e+15 2.461000000e-02 2.462000000e-02 1.126519859e+06 4.891380848e+33 -5.176398063e-01 4.891446858e+33 -1.169064185e-03 4.682025888e-03 -1.334839507e-12 4.712479302e+00
2.2376454501169360e+15 2.551000000e-02 2.552000000e-02 1.126487285e+06 4.891420734e+33 -5.176738538e-01 4.891490169e+33 -1.198958679e-03 4.802226777e-03 -1.865816532e-12 4.712450267e+00
