1.1598710937500000e+15 1.600000000e-04 0.000000000e+00 3.315564279e+33 1.695584970e+45 2.084360043e+00 7.978260470e+01 1.280974644e+02 1.105521433e+02 1.023903950e+02 9.766397705e+01
1.1598553013392858e+15 5.540000000e-03 0.000000000e+00 3.314555507e+33 1.694452857e+45 2.081506874e+00 7.325959584e+01 1.272081575e+02 1.097868630e+02 1.017560565e+02 9.660414625e+01
1.1598500000000000e+15 6.380000000e-03 6.390000000e-03 3.314219475e+33 1.694131852e+45 2.093759119e+00 8.193442739e+01 1.337058242e+02 1.143500689e+02 1.052642309e+02 1.001514576e+02
1.1598395089285715e+15 7.860000000e-03 0.000000000e+00 3.313532106e+33 1.693391806e+45 2.089571609e+00 8.527775633e+01 1.317860462e+02 1.129629234e+02 1.042286671e+02 9.951576867e+01
1.1598237165178572e+15 9.570000000e-03 0.000000000e+00 3.312537123e+33 1.692973718e+45 2.097840458e+00 8.831146830e+01 1.355597014e+02 1.159718366e+02 1.066652110e+02 1.017235565e+02
1.1598079241071428e+15 1.116000000e-02 0.000000000e+00 3.311448203e+33 1.691267344e+45 2.094075991e+00 7.050441893e+01 1.343697767e+02 1.149074779e+02 1.057113336e+02 9.969911026e+01
1.1597921316964285e+15 1.254000000e-02 0.000000000e+00 3.310369498e+33 1.690979251e+45 2.080527598e+00 1.055903501e+02 1.271551377e+02 1.100205934e+02 1.022258707e+02 9.987037127e+01
1.1597763392857142e+15 1.375000000e-02 0.000000000e+00 3.309313224e+33 1.689856039e+45 2.099380866e+00 6.670983832e+01 1.366345654e+02 1.169552359e+02 1.074258209e+02 1.009685945e+02
1.1597605468750000e+15 1.486000000e-02 0.000000000e+00 3.308263575e+33 1.689324195e+45 2.093278578e+00 9.581798243e+01 1.337638082e+02 1.149260153e+02 1.060518698e+02 1.019724138e+02
1.1597447544642858e+15 1.601000000e-02 0.000000000e+00 3.307093658e+33 1.688080243e+45 2.084426172e+00 5.566086553e+01 1.300023692e+02 1.120082130e+02 1.035615970e+02 9.657139615e+01
1.1597289620535715e+15 1.702000000e-02 0.000000000e+00 3.305986056e+33 1.687353805e+45 2.083909317e+00 4.151124742e+01 1.301143456e+02 1.120395843e+02 1.035249629e+02 9.528553447e+01
1.1597131696428572e+15 1.802000000e-02 0.000000000e+00 3.304829007e+33 1.686362829e+45 2.093133839e+00 5.428033691e+01 1.351371388e+02 1.156398105e+02 1.063439990e+02 9.888723993e+01
1.1596973772321428e+15 1.901000000e-02 0.000000000e+00 3.303616503e+33 1.684888912e+45 2.087250802e+00 5.331365466e+01 1.324348029e+02 1.137016276e+02 1.048852596e+02 9.747285654e+01
1.1596815848214285e+15 1.992000000e-02 0.000000000e+00 3.302441618e+33 1.684293429e+45 2.090783467e+00 1.135456517e+02 1.336774733e+02 1.150124990e+02 1.063627887e+02 1.038803725e+02
1.1596657924107142e+15 2.083000000e-02 0.000000000e+00 3.301212986e+33 1.682970274e+45 2.080074362e+00 9.375476995e+01 1.290765105e+02 1.114500279e+02 1.034443487e+02 9.987875745e+01
1.1596500000000000e+15 2.170000000e-02 0.000000000e+00 3.299983517e+33 1.682266940e+45 2.084158896e+00 9.832128789e+01 1.312174249e+02 1.131006793e+02 1.047968129e+02 1.014335072e+02
1.1594500000000000e+15 3.323000000e-02 3.324000000e-02 3.279008776e+33 1.663660904e+45 2.084214149e+00 -1.234270283e+02 1.349742616e+02 1.164319608e+02 1.067992749e+02 8.326725035e+01
1.1602500000000000e+15 5.709000000e-02 5.710000000e-02 3.208631855e+33 1.604959341e+45 2.186649239e+00 1.920263668e+02 2.035335568e+02 1.771180074e+02 1.604176819e+02 1.499029780e+02
1.1606500000000000e+15 5.937000000e-02 5.938000000e-02 3.200329103e+33 1.598091575e+45 2.194909648e+00 1.842357914e+02 2.108750109e+02 1.887775952e+02 1.726939960e+02 1.613095718e+02
1.1610500000000000e+15 6.109000000e-02 6.110000000e-02 3.193983171e+33 1.592895672e+45 0.000000000e+00 0.000000000e+00 0.000000000e+00 0.000000000e+00 0.000000000e+00 0.000000000e+00
1.1614500000000000e+15 6.244000000e-02 6.245000000e-02 3.188999363e+33 1.589161451e+45 0.000000000e+00 0.000000000e+00 0.000000000e+00 0.000000000e+00 0.000000000e+00 0.000000000e+00
1.1618500000000000e+15 6.354000000e-02 6.355000000e-02 3.184966191e+33 1.585969843e+45 0.000000000e+00 0.000000000e+00 0.000000000e+00 0.000000000e+00 0.000000000e+00 0.000000000e+00
1.1622500000000000e+15 6.446000000e-02 6.447000000e-02 3.181638918e+33 1.583109591e+45 0.000000000e+00 0.000000000e+00 0.000000000e+00 0.000000000e+00 0.000000000e+00 0.000000000e+00
1.1626500000000000e+15 6.522000000e-02 6.523000000e-02 3.178972389e+33 1.581233862e+45 0.000000000e+00 0.000000000e+00 0.000000000e+00 0.000000000e+00 0.000000000e+00 0.000000000e+00
1.1630500000000000e+15 6.585000000e-02 6.586000000e-02 3.176846215e+33 1.579526265e+45 0.000000000e+00 0.000000000e+00 0.000000000e+00 0.000000000e+00 0.000000000e+00 0.000000000e+00
