2.3641128906250000e+15 1.000000000e-05 2.000000000e-05 4.045620006e+33 1.978138982e+45 2.012170011e+00 7.799414517e+00 7.606816109e+00 1.808722859e+01 1.292633648e+02 5.732849344e+02
2.3641500000000000e+15 7.090000000e-03 7.100000000e-03 4.045402726e+33 1.977950836e+45 2.012419089e+00 1.162675140e+04 7.626407458e+00 1.696101984e+01 1.113147003e+02 5.411529456e+02
2.3642281250000000e+15 1.296000000e-02 1.297000000e-02 4.044865979e+33 1.977511112e+45 2.013468842e+00 -4.500806682e+04 7.682162971e+00 1.546790430e+01 9.162499326e+01 4.838852994e+02
2.3643433593750000e+15 1.831000000e-02 1.832000000e-02 4.044104611e+33 1.976903905e+45 2.013346781e+00 2.449706517e+04 7.709082575e+00 1.320696691e+00 9.381543230e+01 6.662864756e+02
2.3644585937500000e+15 2.242000000e-02 2.243000000e-02 4.043353090e+33 1.976284421e+45 2.012271066e+00 7.811011658e+04 7.682827425e+00 1.595534613e+01 1.449652952e+02 9.005116005e+02
2.3645738281250000e+15 2.588000000e-02 2.589000000e-02 4.042591336e+33 1.975656408e+45 2.012045022e+00 2.921539430e+05 7.729079003e+00 1.852428549e+01 2.136852608e+02 2.077121920e+03
2.3646890625000000e+15 2.885000000e-02 2.886000000e-02 4.041854881e+33 1.975069771e+45 2.012545809e+00 2.596918851e+05 7.798458869e+00 1.777455632e+01 1.531685022e+02 2.527895662e+03
2.3648042968750000e+15 3.149000000e-02 3.150000000e-02 4.041131143e+33 1.974477826e+45 2.013567916e+00 1.798727058e+05 7.829200631e+00 1.352393869e+01 1.145098012e+02 1.872100421e+03
2.3649195312500000e+15 3.395000000e-02 3.396000000e-02 4.040412398e+33 1.973899067e+45 2.012270598e+00 2.570354486e+05 7.761850438e+00 1.030271071e+01 1.916141505e+02 5.929679013e+02
2.3650347656250000e+15 3.620000000e-02 3.621000000e-02 4.039704443e+33 1.973297634e+45 2.013685592e+00 -3.037639446e+05 7.773116280e+00 1.145181130e+01 -3.025149142e+01 -9.257735917e+02
2.3651500000000000e+15 3.824000000e-02 3.825000000e-02 4.039022220e+33 1.972743813e+45 2.014128459e+00 -1.779121835e+05 7.833301980e+00 9.907444168e+00 -4.446609280e+01 -5.139693558e+00
2.3671500000000000e+15 6.253000000e-02 6.254000000e-02 4.028025016e+33 1.963872177e+45 2.014706693e+00 -5.846613945e+05 8.029539800e+00 3.835687971e+00 -2.558571549e+02 -4.138338997e+03
2.3701500000000000e+15 8.296000000e-02 8.297000000e-02 4.014857440e+33 1.953403573e+45 2.013831534e+00 -1.013061089e+06 8.312655893e+00 -8.437540016e-01 -4.330320258e+02 -7.305591621e+03
2.3731500000000000e+15 9.626000000e-02 9.627000000e-02 4.004476756e+33 1.945301971e+45 2.014067379e+00 -1.546512511e+06 8.520622403e+00 -6.996546751e+00 -6.535176789e+02 -1.108516656e+04
2.3761500000000000e+15 1.059400000e-01 1.059500000e-01 3.996121054e+33 1.938923787e+45 2.012389730e+00 -8.669783549e+05 9.088666206e+00 1.415328868e+01 -2.660853911e+02 -6.349470685e+03
2.3791500000000000e+15 1.133900000e-01 1.134000000e-01 3.989314654e+33 1.933806380e+45 2.012392888e+00 9.238079963e+05 9.561215122e+00 2.681252623e+01 4.275004559e+02 6.587808699e+03
2.3821500000000000e+15 1.193200000e-01 1.193300000e-01 3.983714005e+33 1.929659185e+45 2.012273495e+00 -4.637866090e+05 9.538066138e+00 1.522289560e+01 -1.413585302e+02 -3.401260423e+03
2.3851500000000000e+15 1.241100000e-01 1.241200000e-01 3.979135387e+33 1.926339921e+45 2.020088418e+00 -3.043617439e+05 9.108457372e+00 9.645374581e-01 -1.961476679e+02 -2.077896555e+03
2.3881500000000000e+15 1.280400000e-01 1.280500000e-01 3.975382079e+33 1.923651150e+45 2.017667243e+00 -3.147139559e+05 9.352347810e+00 3.539835181e+00 -1.705389805e+02 -2.153032066e+03
2.3911500000000000e+15 1.312600000e-01 1.312700000e-01 3.972385734e+33 1.921533331e+45 2.023937683e+00 -2.200389845e+04 9.691512768e+00 5.358705461e+00 6.230874551e+00 -1.379688623e+02
2.3941500000000000e+15 1.338700000e-01 1.338800000e-01 3.970023457e+33 1.919932348e+45 2.044313308e+00 -6.976696974e+04 1.048765529e+01 4.302369254e+00 -5.611148025e+01 -4.814465065e+02
