1.0686732079757834e+15 1.450000000e-05 1.460000000e-05 2.980572978e+33 1.491407174e+45 2.072335483e+00 7.314333115e+03 2.818386843e+02 2.485344385e+02 2.410916675e+02 6.444240766e+02
1.0486732079757834e+15 7.480000000e-05 7.490000000e-05 2.912333508e+33 1.439544302e+45 2.083870972e+00 -7.746467854e+03 3.380688111e+02 3.138078532e+02 2.820861990e+02 -1.731157593e+02
1.0286732079757834e+15 1.177000000e-04 1.178000000e-04 2.842933643e+33 1.387342848e+45 2.083895584e+00 -5.871425760e+03 3.989201022e+02 3.879297352e+02 3.570489974e+02 9.126808401e+00
1.0086732079757834e+15 1.617000000e-04 1.618000000e-04 2.772144940e+33 1.334714379e+45 2.081556289e+00 -7.102414250e+03 4.724841520e+02 4.730584981e+02 4.423326829e+02 5.492357900e+01
9.8867320797578338e+14 2.107000000e-04 2.108000000e-04 2.698691008e+33 1.280866042e+45 2.068345967e+00 8.927492405e+03 5.632731500e+02 5.778598593e+02 5.669595246e+02 9.211128597e+02
9.6867320797578338e+14 2.656000000e-04 2.657000000e-04 2.624121941e+33 1.227152870e+45 2.067961927e+00 1.430106780e+04 6.803212426e+02 7.129543090e+02 7.156786757e+02 1.363931304e+03
9.4867320797578338e+14 3.275000000e-04 3.276000000e-04 2.548696937e+33 1.173548555e+45 2.052843236e+00 4.325429740e+04 8.422344089e+02 8.912837943e+02 9.300061739e+02 2.888451857e+03
9.4867320797578338e+14 3.275000000e-04 0.000000000e+00 2.548755203e+33 1.173159669e+45 2.057009781e+00 6.870136430e+03 8.843490862e+02 8.821636744e+02 8.561857811e+02 1.136844525e+03
9.4438749369006912e+14 3.417000000e-04 0.000000000e+00 2.532590613e+33 1.162552992e+45 2.075100413e+00 8.771662556e+02 8.672362168e+02 9.500102628e+02 9.284031024e+02 9.047193545e+02
9.4010177940435475e+14 3.564000000e-04 0.000000000e+00 2.516264874e+33 1.151013490e+45 2.071773505e+00 1.722819197e+03 9.376065998e+02 1.009830194e+03 9.844095152e+02 9.878448399e+02
9.3581606511864050e+14 3.715000000e-04 0.000000000e+00 2.499902252e+33 1.139416233e+45 2.073567617e+00 -2.156748262e+02 1.001979158e+03 1.084413468e+03 1.056360612e+03 9.871712788e+02
9.3153035083292625e+14 3.870000000e-04 0.000000000e+00 2.483517678e+33 1.127780305e+45 2.068806220e+00 -7.833415054e+02 1.112074086e+03 1.174992701e+03 1.136529374e+03 1.033457083e+03
9.2867320797578338e+14 3.975000000e-04 3.976000000e-04 2.472595844e+33 1.120673505e+45 2.082420217e+00 -7.936122801e+03 1.153299778e+03 1.265104545e+03 1.232748763e+03 9.290951584e+02
9.2724463654721200e+14 4.028000000e-04 0.000000000e+00 2.467238296e+33 1.117157380e+45 2.076090347e+00 7.759482502e+02 1.173174983e+03 1.304940035e+03 1.278877770e+03 1.234936938e+03
9.2295892226149762e+14 4.192000000e-04 0.000000000e+00 2.450731578e+33 1.105292339e+45 2.062275701e+00 3.106183103e+03 1.465157767e+03 1.504289996e+03 1.452444026e+03 1.488475694e+03
9.1867320797578338e+14 4.359000000e-04 0.000000000e+00 2.434359189e+33 1.094448777e+45 2.070714433e+00 1.587616296e+03 1.808534251e+03 1.948229053e+03 1.888983761e+03 1.831646999e+03
9.1438749369006912e+14 4.531000000e-04 0.000000000e+00 2.417901930e+33 1.083169631e+45 2.068993119e+00 2.362982883e+03 3.740547516e+03 3.942719141e+03 3.792295713e+03 3.644911693e+03
9.1010177940435475e+14 4.707000000e-04 0.000000000e+00 2.401487299e+33 1.072191903e+45 2.074878586e+00 -9.025634186e+02 -2.186210645e+03 -2.332842350e+03 -2.193859218e+03 -2.085443330e+03
9.0867320797578338e+14 4.767000000e-04 4.768000000e-04 2.395913438e+33 1.068221680e+45 2.071269914e+00 -9.347523269e+02 -8.338846814e+02 -8.316122972e+02 -7.599096995e+02 -7.313412651e+02
9.0581606511864050e+14 4.889000000e-04 0.000000000e+00 2.384903241e+33 1.060696793e+45 2.067537662e+00 2.244074217e+02 -3.702248127e+01 2.344790325e+01 5.425340331e+01 6.303250796e+01
9.0153035083292625e+14 5.080000000e-04 0.000000000e+00 2.367948232e+33 1.049013033e+45 2.061207038e+00 8.966591820e+02 4.224133662e+02 4.924916512e+02 4.951624789e+02 5.084701645e+02
8.9724463654721200e+14 5.275000000e-04 0.000000000e+00 2.351124815e+33 1.038227677e+45 2.071827245e+00 7.122654280e+02 5.908545096e+02 6.908250176e+02 7.033143688e+02 6.987151998e+02
8.9295892226149762e+14 5.476000000e-04 0.000000000e+00 2.334192764e+33 1.026662163e+45 2.065077082e+00 1.512234244e+02 7.485332497e+02 8.430262664e+02 8.378414447e+02 7.947605745e+02
8.8867320797578338e+14 5.681000000e-04 5.682000000e-04 2.317351191e+33 1.015739561e+45 2.072675645e+00 -2.335981302e+03 8.165301802e+02 9.442375200e+02 9.473403627e+02 8.054118441e+02
8.8867320797578338e+14 5.681000000e-04 0.000000000e+00 2.317416263e+33 1.015789935e+45 2.070691921e+00 -2.388676843e+02 8.145528984e+02 9.423512820e+02 9.466330600e+02 8.874802309e+02
