2.8866549522847970e+15 1.000000000e-03 1.010000000e-03 9.985829711e+05 4.073699463e+33 -4.655467960e-01 4.073699501e+33 8.701780354e-05 -2.897907900e-04 -1.300266292e-12 5.748937228e+00
2.8876549522847970e+15 6.177000000e-02 6.178000000e-02 9.993422066e+05 4.060647729e+33 -4.625250267e-01 4.060784453e+33 5.172683188e-03 -1.715472415e-02 -1.312470908e-11 6.509494381e+00
2.8886549522847970e+15 7.189000000e-02 7.190000000e-02 1.000656477e+06 4.056216162e+33 -4.607026607e-01 4.056393992e+33 5.920189841e-03 -1.957203474e-02 -1.074837286e-12 5.750491172e+00
2.8896549522847970e+15 7.824000000e-02 7.825000000e-02 1.001196733e+06 4.053189800e+33 -4.597340344e-01 4.053395111e+33 6.371973407e-03 -2.103304663e-02 -1.354689260e-12 6.320861313e+00
2.8906549522847970e+15 8.295000000e-02 8.296000000e-02 1.001871609e+06 4.050805830e+33 -4.587860210e-01 4.051031180e+33 6.688059740e-03 -2.204050463e-02 -8.363898372e-13 6.036377434e+00
2.8916549522847970e+15 8.664000000e-02 8.665000000e-02 1.001873633e+06 4.048901595e+33 -4.584332635e-01 4.049143956e+33 6.938436410e-03 -2.285602709e-02 -1.445101612e-12 6.131379906e+00
2.8926549522847970e+15 8.968000000e-02 8.969000000e-02 1.002277932e+06 4.047304399e+33 -4.578356919e-01 4.047559668e+33 7.129014253e-03 -2.346029225e-02 -1.305252037e-12 6.226640990e+00
2.8936549522847970e+15 9.227000000e-02 9.228000000e-02 1.002957485e+06 4.045916912e+33 -4.570728606e-01 4.046182083e+33 7.278210027e-03 -2.391726105e-02 -1.427634345e-12 5.752217731e+00
2.8946549522847970e+15 9.448000000e-02 9.449000000e-02 1.002405084e+06 4.044750831e+33 -4.572703357e-01 4.045027569e+33 7.428455565e-03 -2.442644969e-02 -1.266367627e-12 6.321729920e+00
2.8956549522847970e+15 9.642000000e-02 9.643000000e-02 1.002992381e+06 4.043703539e+33 -4.566403353e-01 4.043987154e+33 7.530803843e-03 -2.473421975e-02 -7.279074776e-13 6.987081866e+00
2.8966549522847970e+15 9.814000000e-02 9.815000000e-02 1.002854476e+06 4.042782903e+33 -4.565740339e-01 4.043074478e+33 7.634947812e-03 -2.507651819e-02 -1.266003454e-12 5.562169401e+00
2.8976549522847970e+15 9.967000000e-02 9.968000000e-02 1.003733017e+06 4.041973043e+33 -4.557722359e-01 4.042268407e+33 7.699731099e-03 -2.524905599e-02 -1.950465464e-12 5.562837093e+00
2.8986549522847970e+15 1.010300000e-01 1.010400000e-01 1.002976068e+06 4.041261140e+33 -4.562035706e-01 4.041564637e+33 7.793755532e-03 -2.558518021e-02 -1.169393943e-12 5.942207801e+00
2.8996549522847970e+15 1.022800000e-01 1.022900000e-01 1.003014096e+06 4.040604295e+33 -4.560571329e-01 4.040912882e+33 7.860343060e-03 -2.579741313e-02 -2.334940604e-12 5.752219421e+00
2.9006549522847970e+15 1.033900000e-01 1.034000000e-01 1.004086413e+06 4.040037472e+33 -4.551561849e-01 4.040346923e+33 7.890008783e-03 -2.584734710e-02 -6.909813322e-13 5.943019562e+00
2.9016549522847970e+15 1.044000000e-01 1.044100000e-01 1.004364560e+06 4.039533119e+33 -4.548586744e-01 4.039845573e+33 7.933562427e-03 -2.597541863e-02 -8.551974830e-13 5.943250942e+00
2.9026549522847970e+15 1.053100000e-01 1.053200000e-01 1.003695282e+06 4.039078482e+33 -4.552698154e-01 4.039396619e+33 7.994967231e-03 -2.620233854e-02 -1.666948304e-12 5.562807279e+00
2.9036549522847970e+15 1.061400000e-01 1.061500000e-01 1.003923396e+06 4.038680603e+33 -4.550285599e-01 4.039001017e+33 8.027944473e-03 -2.629834650e-02 -8.796005095e-13 5.373021015e+00
2.9046549522847970e+15 1.068900000e-01 1.069000000e-01 1.003768138e+06 4.038310264e+33 -4.550753455e-01 4.038633865e+33 8.065772267e-03 -2.642657597e-02 -1.517190840e-12 5.372901466e+00
2.9056549522847970e+15 1.075600000e-01 1.075700000e-01 1.003982081e+06 4.038013316e+33 -4.548626352e-01 4.038338451e+33 8.089081031e-03 -2.649134962e-02 -1.851175984e-12 6.132906340e+00
