2.1292688947641300e+15 1.130000000e-05 1.140000000e-05 4.881195640e+33 3.160562259e+45 2.165156033e+00 3.801849014e+00 8.620770533e+00 7.368589130e+00 6.547399038e+00 5.995160337e+00
2.0792688947641300e+15 1.890000000e-05 1.900000000e-05 4.866263469e+33 3.152769427e+45 2.167373567e+00 5.009838740e+00 1.032013577e+01 9.592505178e+00 8.664280054e+00 7.963392572e+00
2.0292688947641300e+15 2.700000000e-05 2.710000000e-05 4.850235832e+33 3.142256309e+45 2.169140236e+00 2.413402038e+00 1.211425052e+01 1.196809630e+01 1.089482903e+01 9.604418861e+00
1.9792688947641300e+15 3.640000000e-05 3.650000000e-05 4.832475657e+33 3.131039716e+45 2.163137248e+00 1.281440283e+01 1.423965656e+01 1.440999639e+01 1.323915527e+01 1.279086128e+01
1.9292688947641300e+15 4.820000000e-05 4.830000000e-05 4.811821227e+33 3.117727685e+45 2.169311398e+00 1.135037040e+01 1.661121656e+01 1.761713549e+01 1.628553570e+01 1.524989857e+01
1.8792688947641300e+15 6.240000000e-05 6.250000000e-05 4.789238197e+33 3.101779745e+45 2.167765444e+00 1.188430892e+01 1.969832775e+01 2.106225653e+01 1.950646463e+01 1.811226459e+01
1.8292688947641300e+15 7.970000000e-05 7.980000000e-05 4.764175499e+33 3.081262680e+45 2.161640565e+00 4.697513368e+01 2.323235572e+01 2.491047877e+01 2.331067108e+01 2.544555937e+01
1.7792688947641300e+15 1.016000000e-04 1.017000000e-04 4.735831947e+33 3.061515229e+45 2.167798716e+00 2.404871821e+01 2.780044811e+01 3.056661717e+01 2.847727687e+01 2.719845641e+01
1.7292688947641300e+15 1.283000000e-04 1.284000000e-04 4.704937289e+33 3.036762782e+45 2.160343054e+00 2.440424686e+01 3.533356717e+01 3.749721079e+01 3.464886191e+01 3.249500807e+01
1.6792688947641300e+15 1.616000000e-04 1.617000000e-04 4.670299958e+33 3.008045477e+45 2.153517638e+00 6.954187930e+01 4.717787967e+01 4.849449784e+01 4.481711073e+01 4.623937085e+01
1.6292688947641300e+15 2.036000000e-04 2.037000000e-04 4.631247452e+33 2.977588975e+45 2.164693760e+00 4.679762552e+01 7.421171794e+01 7.651465364e+01 7.004254188e+01 6.528911922e+01
1.6292688947641300e+15 2.036000000e-04 2.037000000e-04 4.631247452e+33 2.977588975e+45 2.164693760e+00 4.679762552e+01 7.421171794e+01 7.651465364e+01 7.004254188e+01 6.528911922e+01
1.6137133392085745e+15 2.185000000e-04 2.186000000e-04 4.618427209e+33 2.966993113e+45 2.162283790e+00 2.841179667e+01 9.542095803e+01 9.478061214e+01 8.611182855e+01 7.724310016e+01
1.5981577836530190e+15 2.344000000e-04 2.345000000e-04 4.605165375e+33 2.955723481e+45 2.159139897e+00 5.757532949e+01 1.348199784e+02 1.320170809e+02 1.194315773e+02 1.087351521e+02
1.5826022280974632e+15 2.513000000e-04 2.514000000e-04 4.591605658e+33 2.944107515e+45 2.156017699e+00 -3.232300146e+01 2.571650425e+02 2.438582830e+02 2.185322824e+02 1.829749283e+02
1.5792688947641300e+15 2.550000000e-04 2.551000000e-04 4.588817884e+33 2.941960708e+45 2.154211083e+00 1.846116543e+02 3.117241774e+02 2.936580170e+02 2.637950941e+02 2.455240002e+02
1.5670466725419078e+15 2.695000000e-04 2.696000000e-04 4.577562669e+33 2.932813086e+45 2.318532812e+00 -4.656656806e+03 1.195341663e+06 -1.331953207e+04 -9.251524799e+03 -8.023422142e+03
1.5514911169863522e+15 2.896000000e-04 2.897000000e-04 4.562642022e+33 2.920258491e+45 2.167182447e+00 -8.645127992e+01 -1.929819763e+02 -1.665933500e+02 -1.444641169e+02 -1.317927936e+02
1.5359355614307968e+15 3.111000000e-04 3.112000000e-04 4.547183571e+33 2.907324896e+45 2.162773156e+00 -1.768945655e+01 -8.386987324e+01 -6.690590616e+01 -5.643269205e+01 -4.938720540e+01
1.5292688947641300e+15 3.207000000e-04 3.208000000e-04 4.540569897e+33 2.901587129e+45 2.162559210e+00 -2.023574745e+01 -6.604681462e+01 -5.028098882e+01 -4.172497198e+01 -3.713064611e+01
1.5203800058752410e+15 3.340000000e-04 3.341000000e-04 4.531422021e+33 2.894041666e+45 2.162814442e+00 -1.818556827e+01 -4.738828486e+01 -3.332583820e+01 -2.676303554e+01 -2.400236322e+01
1.5048244503196855e+15 3.584000000e-04 3.585000000e-04 4.515288924e+33 2.880515867e+45 2.163666412e+00 -9.172069493e+00 -2.881732397e+01 -1.582485078e+01 -1.099490088e+01 -9.448976924e+00
1.4892688947641300e+15 3.844000000e-04 3.845000000e-04 4.498759731e+33 2.866651702e+45 2.163387085e+00 1.853253592e+00 -1.672452937e+01 -4.219577420e+00 -4.808887864e-01 7.347516501e-01
