1.2605000000000000e+15 7.160000000e-05 7.170000000e-05 2.953817274e+33 1.265957446e+45 2.011589874e+00 -1.358279609e+07 1.081662524e+02 -3.538320928e+01 -2.361382352e+03 -3.429359326e+04
1.2405000000000000e+15 1.744500000e-03 1.744600000e-03 2.837875926e+33 1.180955321e+45 2.014370379e+00 -1.050293053e+08 3.386901739e+02 -1.020772423e+03 -3.477040633e+04 -5.332173970e+05
1.2205000000000000e+15 2.624400000e-03 2.624500000e-03 2.721932723e+33 1.098905412e+45 2.018438410e+00 -2.700401354e+08 6.253421668e+02 -2.395821443e+03 -8.222463594e+04 -1.330869893e+06
1.2005000000000000e+15 3.413400000e-03 3.413500000e-03 2.606396413e+33 1.020060838e+45 2.022343603e+00 -2.210292668e+08 9.041717070e+02 -2.667361754e+03 -7.972841320e+04 -1.051924862e+06
1.1805000000000000e+15 4.177500000e-03 4.177600000e-03 2.491713910e+33 9.446436522e+44 2.077320028e+00 -2.612374663e+09 1.033507363e+03 -2.920702321e+04 -7.543879773e+05 -1.153167765e+07
1.1605000000000000e+15 4.939400000e-03 4.939500000e-03 2.378443282e+33 8.729381928e+44 2.018720868e+00 -1.212024703e+09 1.950046264e+03 -6.648179752e+03 -2.847355454e+05 -5.312215179e+06
1.1405000000000000e+15 5.708200000e-03 5.708300000e-03 2.267315478e+33 8.052943029e+44 2.068810672e+00 -4.640708036e+09 2.270550675e+03 -4.298600416e+04 -1.176414049e+06 -1.890915112e+07
1.1405000000000000e+15 5.708200000e-03 0.000000000e+00 2.267324052e+33 8.052995536e+44 2.024468398e+00 -2.112617369e+09 2.884309298e+03 -1.207442908e+04 -4.625645711e+05 -8.659258324e+06
1.1383571428571428e+15 5.791000000e-03 0.000000000e+00 2.255598020e+33 7.983170070e+44 2.030374822e+00 -2.215284495e+09 2.821117762e+03 -1.602008903e+04 -5.268979221e+05 -8.978373693e+06
1.1362142857142858e+15 5.873300000e-03 0.000000000e+00 2.243996184e+33 7.914463668e+44 1.984865258e+00 9.906337473e+08 3.007611392e+03 1.689783983e+04 2.844944728e+05 3.767724551e+06
1.1340714285714285e+15 5.955700000e-03 0.000000000e+00 2.232430802e+33 7.846236332e+44 2.020339704e+00 -2.449010063e+09 3.335050274e+03 -1.054453874e+04 -4.788873302e+05 -9.983773399e+06
1.1319285714285715e+15 6.038100000e-03 0.000000000e+00 2.220922384e+33 7.778627276e+44 2.040606863e+00 -1.452556670e+09 2.695530047e+03 -1.623994414e+04 -4.202798232e+05 -5.601733578e+06
1.1297857142857142e+15 6.120700000e-03 0.000000000e+00 2.209433148e+33 7.711431342e+44 2.046260851e+00 -1.730927629e+09 2.716860224e+03 -1.952158681e+04 -4.951225443e+05 -6.620430162e+06
1.1276428571428572e+15 6.203300000e-03 0.000000000e+00 2.198006517e+33 7.644825628e+44 1.977792062e+00 1.506722311e+09 3.483253639e+03 2.313354263e+04 4.149394487e+05 5.608974714e+06
1.1255000000000000e+15 6.286000000e-03 0.000000000e+00 2.186615226e+33 7.578801022e+44 1.979688344e+00 1.173923647e+09 3.553106409e+03 2.178834585e+04 3.501924752e+05 4.346466139e+06
1.1233571428571429e+15 6.368700000e-03 0.000000000e+00 2.175284815e+33 7.513426366e+44 2.027872910e+00 -2.914243034e+09 3.610319420e+03 -1.628989990e+04 -6.131363766e+05 -1.134798804e+07
1.1212142857142858e+15 6.451400000e-03 0.000000000e+00 2.164013084e+33 7.448671462e+44 1.980442329e+00 1.769109024e+09 3.875951157e+03 2.456347666e+04 4.586030551e+05 6.530992134e+06
1.1205000000000000e+15 6.478900000e-03 6.479000000e-03 2.160275187e+33 7.427255433e+44 2.107911200e+00 -8.402874156e+09 2.505607604e+03 -8.152913997e+04 -2.104554915e+06 -3.249549491e+07
1.1190714285714286e+15 6.534100000e-03 0.000000000e+00 2.152799285e+33 7.384547083e+44 2.050899968e+00 -2.925753318e+09 3.213117921e+03 -2.991092064e+04 -7.752766825e+05 -1.105139155e+07
1.1169285714285714e+15 6.616700000e-03 0.000000000e+00 2.141665380e+33 7.321186375e+44 2.031014548e+00 -2.930486412e+09 3.831048886e+03 -1.892218084e+04 -6.505281762e+05 -1.117009836e+07
1.1147857142857142e+15 6.699200000e-03 0.000000000e+00 2.130609435e+33 7.258551453e+44 1.971196650e+00 5.158797900e+09 4.930394155e+03 4.621462699e+04 1.121374393e+06 1.955154735e+07
1.1126428571428571e+15 6.781600000e-03 0.000000000e+00 2.119623606e+33 7.196687279e+44 2.051186049e+00 -2.699349003e+09 3.522943969e+03 -2.664493753e+04 -7.042955492e+05 -9.833647140e+06
1.1105000000000000e+15 6.863700000e-03 0.000000000e+00 2.108754334e+33 7.135755536e+44 1.993193670e+00 1.780026836e+09 4.847363732e+03 2.134362914e+04 4.066820008e+05 6.652671158e+06
