1.2265000000000000e+15 6.292000000e-02 1.153180430e+06 3.165231428e+33 3.558757719e+33 1.587479477e+45 2.507414108e-01 2.127002221e+00
1.2215000000000000e+15 1.400000000e-03 1.154174744e+06 3.284083276e+33 3.714446949e+33 1.681551306e+45 2.703037681e-01 2.164671380e+00
1.2215000000000000e+15 4.331000000e-02 1.151855812e+06 3.225595862e+33 3.637577665e+33 1.634144001e+45 2.602755254e-01 2.144830642e+00
1.2214000000000000e+15 1.639000000e-02 1.154213332e+06 3.275728199e+33 3.703438432e+33 1.674517392e+45 2.688403409e-01 2.161995435e+00
1.2214000000000000e+15 4.090000000e-02 1.152873500e+06 3.231882329e+33 3.645818866e+33 1.638744247e+45 2.613273776e-01 2.147453301e+00
1.2213000000000000e+15 2.590000000e-02 1.154756654e+06 3.263136522e+33 3.686871284e+33 1.664807206e+45 2.666533834e-01 2.156915590e+00
1.2217000000000000e+15 4.648000000e-02 1.153135618e+06 3.216838350e+33 3.626114233e+33 1.626595742e+45 2.588234961e-01 2.142762641e+00
1.2219000000000000e+15 4.868000000e-02 1.152893334e+06 3.210436312e+33 3.617733895e+33 1.622035777e+45 2.577713498e-01 2.140051449e+00
1.2221000000000000e+15 5.040000000e-02 1.152047592e+06 3.205254588e+33 3.610954264e+33 1.617654088e+45 2.569260305e-01 2.138811179e+00
1.2223000000000000e+15 5.180000000e-02 1.152204929e+06 3.200946499e+33 3.605327120e+33 1.614721022e+45 2.562292554e-01 2.136885307e+00
1.2225000000000000e+15 5.300000000e-02 1.153428763e+06 3.197175894e+33 3.600404004e+33 1.611604687e+45 2.556227741e-01 2.135949693e+00
1.2227000000000000e+15 5.404000000e-02 1.155273679e+06 3.193871221e+33 3.596090100e+33 1.608545525e+45 2.550951156e-01 2.135594452e+00
1.2229000000000000e+15 5.495000000e-02 1.149678190e+06 3.190942775e+33 3.592268263e+33 1.606832634e+45 2.546297668e-01 2.133971065e+00
1.2231000000000000e+15 5.577000000e-02 1.152963501e+06 3.188271209e+33 3.588775800e+33 1.604913179e+45 2.542070838e-01 2.132976659e+00
1.2233000000000000e+15 5.651000000e-02 1.151293053e+06 3.185857550e+33 3.585621815e+33 1.602710786e+45 2.538282157e-01 2.132724386e+00
1.2235000000000000e+15 5.718000000e-02 1.155303742e+06 3.183661534e+33 3.582758851e+33 1.601174118e+45 2.534856978e-01 2.131890512e+00
1.2237000000000000e+15 5.779000000e-02 1.153138100e+06 3.181667359e+33 3.580166874e+33 1.599724861e+45 2.531770429e-01 2.131223649e+00
1.2239000000000000e+15 5.836000000e-02 1.153422337e+06 3.179781861e+33 3.577703324e+33 1.597454435e+45 2.528857153e-01 2.131796851e+00
1.2241000000000000e+15 5.888000000e-02 1.154728722e+06 3.178066777e+33 3.575468986e+33 1.596540767e+45 2.526225814e-01 2.130797378e+00
1.2243000000000000e+15 5.936000000e-02 1.151613549e+06 3.176496141e+33 3.573417416e+33 1.595520268e+45 2.523840632e-01 2.130147125e+00
1.2245000000000000e+15 5.980000000e-02 1.153171096e+06 3.175061164e+33 3.571550722e+33 1.595107935e+45 2.521673789e-01 2.128868454e+00
1.2247000000000000e+15 6.022000000e-02 1.152691256e+06 3.173698135e+33 3.569780069e+33 1.593643256e+45 2.519633575e-01 2.129101055e+00
1.2249000000000000e+15 6.061000000e-02 1.150604897e+06 3.172414109e+33 3.568101055e+33 1.592844074e+45 2.517706261e-01 2.128539891e+00
1.2251000000000000e+15 6.097000000e-02 1.152471527e+06 3.171258867e+33 3.566600561e+33 1.592153851e+45 2.516001136e-01 2.128020459e+00
1.2253000000000000e+15 6.131000000e-02 1.152427902e+06 3.170184969e+33 3.565210861e+33 1.591077807e+45 2.514439171e-01 2.128137641e+00
1.2255000000000000e+15 6.163000000e-02 1.153793504e+06 3.169145810e+33 3.563838940e+33 1.590191581e+45 2.512906537e-01 2.128025775e+00
1.2257000000000000e+15 6.190000000e-02 1.151551409e+06 3.168333355e+33 3.562786363e+33 1.591133956e+45 2.511757755e-01 2.125793161e+00
2.6621743532116560e+15 6.040000000e-03 1.014333910e+06 4.069980686e+33 4.823008804e+33 1.940471927e+45 6.484185806e-01 4.499850495e+00
2.6601743532116560e+15 7.800000000e-03 1.013668157e+06 4.069761689e+33 4.822661032e+33 1.941491235e+45 6.480022091e-01 4.494600025e+00
2.6581743532116560e+15 9.240000000e-03 1.015033683e+06 4.069541814e+33 4.822318009e+33 1.941230007e+45 6.475860652e-01 4.492318057e+00
2.6561743532116560e+15 1.048000000e-02 1.014934559e+06 4.069319673e+33 4.821971426e+33 1.942849323e+45 6.471686124e-01 4.485680358e+00
2.6541743532116560e+15 1.160000000e-02 1.014342998e+06 4.069089137e+33 4.821601238e+33 1.941438790e+45 6.467465615e-01 4.486011923e+00
2.6521743532116560e+15 1.263000000e-02 1.015194607e+06 4.068860182e+33 4.821244498e+33 1.944208364e+45 6.463213661e-01 4.476676415e+00
2.6501743532116560e+15 1.360000000e-02 1.015356343e+06 4.068623620e+33 4.820874052e+33 1.944361715e+45 6.458897038e-01 4.473333716e+00
2.6481743532116560e+15 1.451000000e-02 1.015827728e+06 4.068388090e+33 4.820505666e+33 1.944672576e+45 6.454588822e-01 4.469635313e+00
2.6461743532116560e+15 1.537000000e-02 1.016734815e+06 4.068137664e+33 4.820103247e+33 1.945173608e+45 6.450195722e-01 4.465442713e+00
2.6441743532116560e+15 1.619000000e-02 1.015247350e+06 4.067898443e+33 4.819727452e+33 1.945993762e+45 6.445869082e-01 4.460566666e+00
2.6421743532116560e+15 1.698000000e-02 1.016578952e+06 4.067653346e+33 4.819342102e+33 1.945756496e+45 6.441511959e-01 4.458095075e+00
2.6401743532116560e+15 1.774000000e-02 1.017190940e+06 4.067410459e+33 4.818965953e+33 1.946485337e+45 6.437169835e-01 4.453421780e+00
2.6381743532116560e+15 1.848000000e-02 1.017465186e+06 4.067144667e+33 4.818538149e+33 1.945870487e+45 6.432695327e-01 4.451732385e+00
2.6361743532116560e+15 1.920000000e-02 1.017240763e+06 4.066888384e+33 4.818136882e+33 1.946391816e+45 6.428275986e-01 4.447482441e+00
2.6341743532116560e+15 1.990000000e-02 1.017718676e+06 4.066634483e+33 4.817742292e+33 1.949595419e+45 6.423870182e-01 4.437131072e+00
2.6321743532116560e+15 2.060000000e-02 1.017967117e+06 4.066367931e+33 4.817323599e+33 1.949890010e+45 6.419390157e-01 4.433366707e+00
2.6301743532116560e+15 2.130000000e-02 1.017193970e+06 4.066092975e+33 4.816887208e+33 1.949527246e+45 6.414856834e-01 4.431060268e+00
2.6281743532116560e+15 2.201000000e-02 1.019085895e+06 4.065813131e+33 4.816455793e+33 1.947145782e+45 6.410292182e-01 4.433322804e+00
2.6261743532116560e+15 2.273000000e-02 1.017502981e+06 4.065515832e+33 4.815981926e+33 1.951347765e+45 6.405609899e-01 4.420544931e+00
2.6241743532116560e+15 2.353000000e-02 1.017840945e+06 4.065200401e+33 4.815495940e+33 1.949554614e+45 6.400799518e-01 4.421288114e+00
