1.0944000000000000e+15 6.799000000e-02 1.316690115e+06 4.099859695e+33 4.726997023e+33 2.860065497e+45 5.307447168e-01 2.498962268e+00
1.0907500000000000e+15 9.480000000e-03 1.317503801e+06 4.206797665e+33 4.875067253e+33 2.972861001e+45 5.604988143e-01 2.538926287e+00
1.0907500000000000e+15 5.348000000e-02 1.318037150e+06 4.138730046e+33 4.780621436e+33 2.899662084e+45 5.407928937e-01 2.511502322e+00
1.0907000000000000e+15 1.418000000e-02 1.315081337e+06 4.204027350e+33 4.871215788e+33 2.969496692e+45 5.596693417e-01 2.538041208e+00
1.0907000000000000e+15 5.280000000e-02 1.315422794e+06 4.140445640e+33 4.782986588e+33 2.901740982e+45 5.412669304e-01 2.511902906e+00
1.0904000000000000e+15 3.406000000e-02 1.314851139e+06 4.180173201e+33 4.838045526e+33 2.943680607e+45 5.526089590e-01 2.528000948e+00
1.0904000000000000e+15 4.534000000e-02 1.314753658e+06 4.158141216e+33 4.807487232e+33 2.919130586e+45 5.462449244e-01 2.519903380e+00
1.0927918209477788e+15 6.479000000e-02 1.319141111e+06 4.108271945e+33 4.738582909e+33 2.870168736e+45 5.327171748e-01 2.499420151e+00
2.3993074073061900e+15 6.670000000e-03 1.137231284e+06 4.706650943e+33 5.605403621e+33 2.859027997e+45 1.144437458e+00 5.390433017e+00
2.3973074073061900e+15 8.610000000e-03 1.135833742e+06 4.706784969e+33 5.605629270e+33 2.867911244e+45 1.143842739e+00 5.370943836e+00
2.3953074073061900e+15 1.020000000e-02 1.137351715e+06 4.706910266e+33 5.605829997e+33 2.864613897e+45 1.143239007e+00 5.374288017e+00
2.3933074073061900e+15 1.157000000e-02 1.138000117e+06 4.707040344e+33 5.606047796e+33 2.870556549e+45 1.142639585e+00 5.360350109e+00
2.3913074073061900e+15 1.280000000e-02 1.138232460e+06 4.707160576e+33 5.606232911e+33 2.872409282e+45 1.142029915e+00 5.354034391e+00
2.3893074073061900e+15 1.393000000e-02 1.136981670e+06 4.707286623e+33 5.606437154e+33 2.873250357e+45 1.141424945e+00 5.349631751e+00
2.3873074073061900e+15 1.498000000e-02 1.137233974e+06 4.707412333e+33 5.606638751e+33 2.873953627e+45 1.140818694e+00 5.345481992e+00
2.3853074073061900e+15 1.597000000e-02 1.139005587e+06 4.707543488e+33 5.606853581e+33 2.872262543e+45 1.140216217e+00 5.345804552e+00
2.3833074073061900e+15 1.690000000e-02 1.137721715e+06 4.707672296e+33 5.607069030e+33 2.877814787e+45 1.139610858e+00 5.332658054e+00
2.3813074073061900e+15 1.780000000e-02 1.137257759e+06 4.707799618e+33 5.607273206e+33 2.873681956e+45 1.139001952e+00 5.337473908e+00
2.3793074073061900e+15 1.866000000e-02 1.139836331e+06 4.707924236e+33 5.607470842e+33 2.872810432e+45 1.138389110e+00 5.336220430e+00
2.3773074073061900e+15 1.949000000e-02 1.139819541e+06 4.708059792e+33 5.607697541e+33 2.877687639e+45 1.137784434e+00 5.324346790e+00
2.3753074073061900e+15 2.030000000e-02 1.140223660e+06 4.708189728e+33 5.607907165e+33 2.879116063e+45 1.137171901e+00 5.318840234e+00
2.3733074073061900e+15 2.109000000e-02 1.140523446e+06 4.708315373e+33 5.608101274e+33 2.882669746e+45 1.136552330e+00 5.309388982e+00
2.3713074073061900e+15 2.187000000e-02 1.139797516e+06 4.708453887e+33 5.608328416e+33 2.886108230e+45 1.135940685e+00 5.300209535e+00
2.3693074073061900e+15 2.265000000e-02 1.141028242e+06 4.708591011e+33 5.608551607e+33 2.888158373e+45 1.135322236e+00 5.293563625e+00
2.3673074073061900e+15 2.344000000e-02 1.140834268e+06 4.708734526e+33 5.608789505e+33 2.889300499e+45 1.134701848e+00 5.288579623e+00
2.3653074073061900e+15 2.426000000e-02 1.139498713e+06 4.708881946e+33 5.609021145e+33 2.889771395e+45 1.134072286e+00 5.284784073e+00
4.4998263668451420e+15 2.330000000e-03 1.031757824e+06 4.465351165e+33 5.202230553e+33 2.277691504e+45 1.488870887e+00 8.802623639e+00
4.4978263668451420e+15 3.010000000e-03 1.029917520e+06 4.465653999e+33 5.202746405e+33 2.279771719e+45 1.488728735e+00 8.793751863e+00
4.4958263668451420e+15 3.570000000e-03 1.032550584e+06 4.465956822e+33 5.203257022e+33 2.277282099e+45 1.488585264e+00 8.802517170e+00
4.4938263668451420e+15 4.050000000e-03 1.030864937e+06 4.466258814e+33 5.203764569e+33 2.277093084e+45 1.488440607e+00 8.802392364e+00
4.4918263668451420e+15 4.480000000e-03 1.031988200e+06 4.466565253e+33 5.204284260e+33 2.277347178e+45 1.488301447e+00 8.800587369e+00
4.4898263668451420e+15 4.870000000e-03 1.031928626e+06 4.466870777e+33 5.204804609e+33 2.277993211e+45 1.488160818e+00 8.797260213e+00
4.4878263668451420e+15 5.230000000e-03 1.032228291e+06 4.467172974e+33 5.205314284e+33 2.280568832e+45 1.488015368e+00 8.786465938e+00
4.4858263668451420e+15 5.570000000e-03 1.032614617e+06 4.467475475e+33 5.205822605e+33 2.279690079e+45 1.487869259e+00 8.788989776e+00
4.4838263668451420e+15 5.890000000e-03 1.032231653e+06 4.467780145e+33 5.206336508e+33 2.279257490e+45 1.487725708e+00 8.789809745e+00
4.4818263668451420e+15 6.190000000e-03 1.031493286e+06 4.468081865e+33 5.206844048e+33 2.283820296e+45 1.487578344e+00 8.771379814e+00
4.4798263668451420e+15 6.480000000e-03 1.032625739e+06 4.468389588e+33 5.207368082e+33 2.284531529e+45 1.487437902e+00 8.767821213e+00
4.4778263668451420e+15 6.760000000e-03 1.031564997e+06 4.468701245e+33 5.207895685e+33 2.282123095e+45 1.487301969e+00 8.776272203e+00
4.4758263668451420e+15 7.020000000e-03 1.032279910e+06 4.469000381e+33 5.208396848e+33 2.288951645e+45 1.487149971e+00 8.749196017e+00
4.4738263668451420e+15 7.280000000e-03 1.033313272e+06 4.469311626e+33 5.208927830e+33 2.287809304e+45 1.487012202e+00 8.752753708e+00
4.4718263668451420e+15 7.530000000e-03 1.033175434e+06 4.469616971e+33 5.209441465e+33 2.287982150e+45 1.486865846e+00 8.751231072e+00
4.4698263668451420e+15 7.770000000e-03 1.033094894e+06 4.469924701e+33 5.209957015e+33 2.289529700e+45 1.486722611e+00 8.744473433e+00
4.4678263668451420e+15 8.010000000e-03 1.033006804e+06 4.470231053e+33 5.210472375e+33 2.282122178e+45 1.486575255e+00 8.771987530e+00
4.4658263668451420e+15 8.230000000e-03 1.032230819e+06 4.470540604e+33 5.211000436e+33 2.292966638e+45 1.486434913e+00 8.729676681e+00
4.4638263668451420e+15 8.460000000e-03 1.032647305e+06 4.470853185e+33 5.211525745e+33 2.286470571e+45 1.486294054e+00 8.753648872e+00
4.4618263668451420e+15 8.670000000e-03 1.033347114e+06 4.471164430e+33 5.212053857e+33 2.294088621e+45 1.486154552e+00 8.723761486e+00
4.4598263668451420e+15 8.890000000e-03 1.032382077e+06 4.471475048e+33 5.212579306e+33 2.287841429e+45 1.486009165e+00 8.746726877e+00
4.4578263668451420e+15 9.100000000e-03 1.033293123e+06 4.471786932e+33 5.213101268e+33 2.285422830e+45 1.485866243e+00 8.755141156e+00
4.4558263668451420e+15 9.300000000e-03 1.033190355e+06 4.472096541e+33 5.213621644e+33 2.293273672e+45 1.485721081e+00 8.724316213e+00
4.4538263668451420e+15 9.500000000e-03 1.033675324e+06 4.472416616e+33 5.214168927e+33 2.294266984e+45 1.485588253e+00 8.719759346e+00
4.4518263668451420e+15 9.700000000e-03 1.032596942e+06 4.472729316e+33 5.214697942e+33 2.293093194e+45 1.485443077e+00 8.723370259e+00
4.4498263668451420e+15 9.890000000e-03 1.033752438e+06 4.473044339e+33 5.215231389e+33 2.298309960e+45 1.485302306e+00 8.702744911e+00
4.4478263668451420e+15 1.008000000e-02 1.032924779e+06 4.473362720e+33 5.215767040e+33 2.299748806e+45 1.485164072e+00 8.696490567e+00
4.4458263668451420e+15 1.027000000e-02 1.032889285e+06 4.473680888e+33 5.216303131e+33 2.300331632e+45 1.485023456e+00 8.693463997e+00
4.4438263668451420e+15 1.046000000e-02 1.033104267e+06 4.474001482e+33 5.216844906e+33 2.299531751e+45 1.484883905e+00 8.695670744e+00
4.4418263668451420e+15 1.065000000e-02 1.034028017e+06 4.474320760e+33 5.217377699e+33 2.295630607e+45 1.484740209e+00 8.709605042e+00
4.4398263668451420e+15 1.083000000e-02 1.034205078e+06 4.474646158e+33 5.217933674e+33 2.300963744e+45 1.484606323e+00 8.688634493e+00
4.4378263668451420e+15 1.102000000e-02 1.034423879e+06 4.474975756e+33 5.218492890e+33 2.291830511e+45 1.484471874e+00 8.722469801e+00
4.4358263668451420e+15 1.120000000e-02 1.033433454e+06 4.475305716e+33 5.219046906e+33 2.296926230e+45 1.484339402e+00 8.702342392e+00
4.4338263668451420e+15 1.138000000e-02 1.033832502e+06 4.475626468e+33 5.219583488e+33 2.301018125e+45 1.484191663e+00 8.686002419e+00
4.4318263668451420e+15 1.156000000e-02 1.034531516e+06 4.475961741e+33 5.220151257e+33 2.303919021e+45 1.484060898e+00 8.674301432e+00
4.4298263668451420e+15 1.175000000e-02 1.034666309e+06 4.476311596e+33 5.220751741e+33 2.298917750e+45 1.483942360e+00 8.692477922e+00
4.4278263668451420e+15 1.193000000e-02 1.034882029e+06 4.476648242e+33 5.221316579e+33 2.306042741e+45 1.483806771e+00 8.664828955e+00
