6.4125000000000000e+14 6.440000000e-05 6.450000000e-05 2.271032550e+33 1.150675129e+45 2.008151662e+00 2.576611027e+07 1.611764456e+03 1.975317415e+03 1.017278369e+04 1.157254665e+05
6.3625000000000000e+14 8.834000000e-04 8.835000000e-04 2.212758886e+33 1.102016833e+45 2.010748780e+00 -2.540767456e+08 2.361585150e+03 1.603410909e+02 -6.004051420e+04 -1.004538692e+06
6.3125000000000000e+14 1.279900000e-03 1.280000000e-03 2.155159708e+33 1.054826577e+45 1.992545736e+00 1.174552685e+09 3.578757317e+03 1.732165340e+04 3.109282795e+05 4.460750478e+06
6.2625000000000000e+14 1.606800000e-03 1.606900000e-03 2.098255598e+33 1.009080034e+45 1.989350251e+00 2.002739120e+09 4.830473295e+03 2.516216057e+04 4.870508033e+05 7.482243717e+06
6.2125000000000000e+14 1.901300000e-03 1.901400000e-03 2.042106708e+33 9.648147331e+44 2.016084235e+00 -2.780071663e+08 5.437067849e+03 1.354441959e+03 -8.833371119e+04 -9.848557642e+05
6.1625000000000000e+14 2.177600000e-03 2.177700000e-03 1.986732509e+33 9.219930356e+44 2.006301820e+00 -9.097709614e+08 7.088700179e+03 5.245166576e+03 -1.451869372e+05 -3.373652765e+06
6.1125000000000000e+14 2.442700000e-03 2.442800000e-03 1.932169414e+33 8.806249869e+44 1.979245389e+00 3.180832478e+09 9.197474485e+03 4.421783111e+04 7.581372109e+05 1.067328391e+07
6.0625000000000000e+14 2.700300000e-03 2.700400000e-03 1.878494214e+33 8.407396619e+44 2.015124689e+00 -2.107415729e+09 1.039851631e+04 -9.939758568e+02 -3.951174440e+05 -7.125960270e+06
6.0125000000000000e+14 2.953000000e-03 2.953100000e-03 1.825733420e+33 8.023081062e+44 2.010814296e+00 -4.878360249e+09 1.280159950e+04 -4.606482881e+03 -7.585747230e+05 -1.678494285e+07
5.9625000000000000e+14 3.202300000e-03 3.202400000e-03 1.773951174e+33 7.653547288e+44 1.952726891e+00 1.758165607e+10 1.735287309e+04 1.374481112e+05 3.206318289e+06 5.471086659e+07
5.9125000000000000e+14 3.448700000e-03 3.448800000e-03 1.723305603e+33 7.299404546e+44 2.019342886e+00 -3.041114899e+09 1.719085421e+04 -1.576698409e+03 -5.804572227e+05 -9.359008680e+06
5.8625000000000000e+14 3.692800000e-03 3.692900000e-03 1.673850521e+33 6.960758514e+44 1.944607714e+00 1.596945625e+10 2.306676115e+04 1.699345455e+05 3.240672848e+06 4.595040192e+07
5.8125000000000000e+14 3.935100000e-03 3.935200000e-03 1.625608829e+33 6.637296985e+44 1.950162740e+00 8.167081500e+09 2.406755609e+04 1.247544810e+05 1.841349647e+06 2.167269803e+07
5.7625000000000000e+14 4.174900000e-03 4.175000000e-03 1.578810668e+33 6.330364096e+44 2.068527516e+00 -2.427867832e+10 2.551689972e+04 -1.566332578e+05 -4.475254647e+06 -6.729592745e+07
5.7625000000000000e+14 4.174900000e-03 0.000000000e+00 1.578823179e+33 6.330478735e+44 2.024298713e+00 -1.031911653e+10 2.851470797e+04 -3.001372536e+04 -1.700988478e+06 -2.877594442e+07
5.7582142857142862e+14 4.195300000e-03 0.000000000e+00 1.574888938e+33 6.304967519e+44 2.037709811e+00 -9.337570481e+09 2.657186889e+04 -5.248418141e+04 -1.835225604e+06 -2.528857663e+07
5.7539285714285712e+14 4.215700000e-03 0.000000000e+00 1.570960796e+33 6.279540637e+44 2.032912739e+00 -1.157362256e+10 2.809071921e+04 -5.156049979e+04 -2.067564308e+06 -3.177418285e+07
5.7496428571428575e+14 4.236000000e-03 0.000000000e+00 1.567063589e+33 6.254425521e+44 1.970138677e+00 1.479973319e+10 3.099696917e+04 1.448894475e+05 2.632904106e+06 3.961109447e+07
5.7453571428571425e+14 4.256300000e-03 0.000000000e+00 1.563173909e+33 6.229347235e+44 1.966793012e+00 2.072419281e+10 3.257352569e+04 1.724416666e+05 3.482764646e+06 5.620658813e+07
5.7410714285714288e+14 4.276600000e-03 0.000000000e+00 1.559287217e+33 6.204383500e+44 2.019859746e+00 -6.405379081e+09 3.002834020e+04 -1.075906880e+04 -1.120407891e+06 -1.742044936e+07
5.7367857142857138e+14 4.296900000e-03 0.000000000e+00 1.555403073e+33 6.179395489e+44 1.981569336e+00 5.796156922e+09 2.973242268e+04 9.495078310e+04 1.200317794e+06 1.482410693e+07
5.7325000000000000e+14 4.317000000e-03 0.000000000e+00 1.551581075e+33 6.154980121e+44 1.965739701e+00 1.913206972e+10 3.381850476e+04 1.786356986e+05 3.378700962e+06 5.124760464e+07
5.7282142857142862e+14 4.337200000e-03 0.000000000e+00 1.547733252e+33 6.130408202e+44 2.029138364e+00 -8.411706000e+09 2.993924528e+04 -3.202509145e+04 -1.544034617e+06 -2.225763285e+07
5.7239285714285712e+14 4.357300000e-03 0.000000000e+00 1.543918908e+33 6.106051637e+44 2.014411209e+00 -4.671865463e+09 3.216150391e+04 8.978960600e+03 -7.546147709e+05 -1.248272528e+07
5.7196428571428575e+14 4.377400000e-03 0.000000000e+00 1.540104075e+33 6.081776322e+44 2.033187181e+00 -1.343778655e+10 3.137909721e+04 -5.287764141e+04 -2.268337195e+06 -3.576458588e+07
5.7153571428571425e+14 4.397300000e-03 0.000000000e+00 1.536348960e+33 6.057955485e+44 1.980266740e+00 1.212193793e+10 3.503067797e+04 1.332977295e+05 2.180542551e+06 3.212344213e+07
5.7125000000000000e+14 4.410600000e-03 4.410700000e-03 1.533820899e+33 6.041928543e+44 2.019175150e+00 -1.734200024e+10 3.372484234e+04 -3.704573675e+04 1.792877706e+06 -4.953666826e+07
5.7110714285714288e+14 4.417200000e-03 0.000000000e+00 1.532594334e+33 6.034195409e+44 1.999741438e+00 2.512408101e+09 3.357404961e+04 6.092584250e+04 4.803777811e+05 6.559815559e+06
5.7067857142857138e+14 4.437100000e-03 0.000000000e+00 1.528839586e+33 6.010454087e+44 2.023600626e+00 -7.513503009e+09 3.293549601e+04 -1.314569434e+04 -1.267125494e+06 -1.931231058e+07
5.7025000000000000e+14 4.456800000e-03 0.000000000e+00 1.525140054e+33 5.987124885e+44 1.977902825e+00 1.284922893e+10 3.693602710e+04 1.407833183e+05 2.282926516e+06 3.316971600e+07
