1.1631000000000000e+15 6.592000000e-02 1.132670683e+06 3.176643943e+33 3.634018335e+33 1.579203780e+45 2.505835567e-01 2.136802544e+00
1.1597000000000000e+15 1.883000000e-02 1.134310644e+06 3.303844215e+33 3.804178839e+33 1.685324447e+45 2.722943536e-01 2.175730566e+00
1.1597000000000000e+15 5.178000000e-02 1.133921821e+06 3.227182013e+33 3.701351619e+33 1.620437367e+45 2.587934368e-01 2.150656279e+00
1.1598000000000000e+15 1.187000000e-02 1.131324715e+06 3.310913067e+33 3.813699712e+33 1.690990888e+45 2.735802087e-01 2.178679800e+00
1.1598000000000000e+15 5.310000000e-02 1.132194575e+06 3.222703038e+33 3.695369582e+33 1.616754685e+45 2.580338635e-01 2.149228420e+00
1.1598500000000000e+15 6.460000000e-03 1.136934608e+06 3.314186224e+33 3.818100643e+33 1.694229554e+45 2.741772785e-01 2.179260794e+00
1.1598500000000000e+15 5.368000000e-02 1.133525672e+06 3.220707943e+33 3.692706933e+33 1.614786393e+45 2.576970343e-01 2.149039199e+00
1.1596300000000000e+15 2.285000000e-02 1.135562825e+06 3.298283539e+33 3.796676423e+33 1.680457475e+45 2.712861607e-01 2.173952798e+00
1.1595000000000000e+15 3.006000000e-02 1.137574103e+06 3.285657887e+33 3.779703218e+33 1.669340445e+45 2.690149773e-01 2.170108969e+00
1.1595000000000000e+15 4.779000000e-02 1.132029294e+06 3.240133609e+33 3.718670395e+33 1.630938400e+45 2.610107488e-01 2.155116897e+00
1.1618300000000000e+15 6.349000000e-02 1.134372351e+06 3.185170465e+33 3.645356504e+33 1.586470907e+45 2.518781144e-01 2.138003043e+00
1.1597000000000000e+15 1.883000000e-02 1.134310644e+06 3.303844215e+33 3.804178839e+33 1.685324447e+45 2.722943536e-01 2.175730566e+00
1.1595000000000000e+15 3.006000000e-02 1.137574103e+06 3.285657887e+33 3.779703218e+33 1.669340445e+45 2.690149773e-01 2.170108969e+00
1.1601000000000000e+15 5.599000000e-02 1.133373081e+06 3.212607142e+33 3.681904353e+33 1.608168846e+45 2.563383669e-01 2.146505307e+00
1.1603000000000000e+15 5.741000000e-02 1.133346736e+06 3.207505700e+33 3.675092828e+33 1.604326710e+45 2.554901042e-01 2.144525759e+00
1.1605000000000000e+15 5.860000000e-02 1.134704699e+06 3.203179935e+33 3.669334657e+33 1.600327054e+45 2.547768527e-01 2.143883684e+00
1.1607000000000000e+15 5.961000000e-02 1.133768062e+06 3.199475661e+33 3.664394764e+33 1.597597662e+45 2.541703031e-01 2.142433686e+00
1.1609000000000000e+15 6.049000000e-02 1.133257885e+06 3.196226215e+33 3.660069041e+33 1.595238359e+45 2.536416091e-01 2.141139253e+00
1.1611000000000000e+15 6.127000000e-02 1.133525887e+06 3.193344989e+33 3.656235832e+33 1.592829049e+45 2.531766378e-01 2.140446901e+00
1.1613000000000000e+15 6.197000000e-02 1.133212390e+06 3.190752887e+33 3.652791518e+33 1.589973345e+45 2.527608429e-01 2.140769699e+00
1.1615000000000000e+15 6.259000000e-02 1.131034673e+06 3.188470025e+33 3.649741730e+33 1.588789027e+45 2.523978555e-01 2.139288846e+00
1.1617000000000000e+15 6.315000000e-02 1.133558871e+06 3.186420558e+33 3.647029627e+33 1.587442383e+45 2.520746313e-01 2.138361699e+00
1.1619000000000000e+15 6.367000000e-02 1.133573780e+06 3.184507974e+33 3.644472242e+33 1.585344370e+45 2.517741770e-01 2.138639423e+00
1.1621000000000000e+15 6.413000000e-02 1.135409331e+06 3.182861216e+33 3.642294709e+33 1.584628131e+45 2.515198223e-01 2.137444534e+00
1.1623000000000000e+15 6.430000000e-02 1.132922805e+06 3.182551156e+33 3.641871563e+33 1.588758796e+45 2.514864880e-01 2.131604781e+00
1.1631000000000000e+15 6.466000000e-02 1.128316094e+06 3.182853985e+33 3.642274587e+33 1.595885905e+45 2.516132040e-01 2.123154443e+00
2.3263611302259620e+15 7.470000000e-03 1.030069611e+06 4.376836226e+33 5.383799405e+33 2.311877497e+45 8.549765955e-01 4.980115399e+00
2.3243611302259620e+15 9.630000000e-03 1.031311150e+06 4.376264097e+33 5.382820976e+33 2.315003612e+45 8.539718963e-01 4.967546069e+00
2.3223611302259620e+15 1.140000000e-02 1.030891844e+06 4.375697293e+33 5.381876454e+33 2.313873922e+45 8.529733422e-01 4.964159931e+00
2.3203611302259620e+15 1.293000000e-02 1.031974506e+06 4.375121412e+33 5.380912115e+33 2.315058479e+45 8.519691586e-01 4.955778707e+00
2.3183611302259620e+15 1.431000000e-02 1.031126723e+06 4.374533455e+33 5.379916795e+33 2.311004521e+45 8.509569532e-01 4.958573943e+00
2.3163611302259620e+15 1.557000000e-02 1.031958286e+06 4.373945643e+33 5.378927198e+33 2.313148782e+45 8.499459021e-01 4.948091415e+00
2.3143611302259620e+15 1.674000000e-02 1.031659627e+06 4.373348336e+33 5.377918440e+33 2.315363467e+45 8.489286368e-01 4.937441979e+00
2.3123611302259620e+15 1.784000000e-02 1.031826306e+06 4.372747277e+33 5.376912392e+33 2.317674845e+45 8.479095852e-01 4.926596969e+00
2.3103611302259620e+15 1.890000000e-02 1.032503808e+06 4.372137218e+33 5.375883211e+33 2.314210715e+45 8.468843940e-01 4.928005996e+00
2.3083611302259620e+15 1.991000000e-02 1.034368856e+06 4.371513530e+33 5.374836198e+33 2.313461611e+45 8.458498301e-01 4.923579636e+00
2.3063611302259620e+15 2.088000000e-02 1.033629703e+06 4.370891081e+33 5.373798576e+33 2.317340308e+45 8.448162597e-01 4.909332487e+00
2.3043611302259620e+15 2.183000000e-02 1.033807997e+06 4.370251826e+33 5.372716245e+33 2.318474921e+45 8.437701576e-01 4.900853908e+00
2.3023611302259620e+15 2.277000000e-02 1.034035650e+06 4.369584083e+33 5.371583845e+33 2.318507441e+45 8.427025979e-01 4.894584567e+00
2.3003611302259620e+15 2.371000000e-02 1.034347345e+06 4.368906602e+33 5.370453713e+33 2.318441569e+45 8.416263253e-01 4.888472248e+00
2.2983611302259620e+15 2.468000000e-02 1.034450012e+06 4.368192886e+33 5.369258703e+33 2.315903338e+45 8.405199129e-01 4.887396526e+00
2.2963611302259620e+15 2.573000000e-02 1.034524313e+06 4.367421079e+33 5.367969633e+33 2.316359592e+45 8.393621510e-01 4.879703108e+00
3.9307049737479020e+15 2.970000000e-03 9.444155186e+05 4.320644979e+33 5.284771294e+33 2.021344106e+45 1.331364318e+00 8.869653591e+00
3.9287049737479020e+15 3.840000000e-03 9.447403849e+05 4.320890408e+33 5.285212649e+33 2.018122504e+45 1.330922200e+00 8.880862414e+00
3.9267049737479020e+15 4.540000000e-03 9.446672141e+05 4.321135038e+33 5.285650292e+33 2.022737894e+45 1.330479116e+00 8.857648639e+00
3.9247049737479020e+15 5.150000000e-03 9.448868392e+05 4.321382665e+33 5.286092062e+33 2.022606032e+45 1.330038925e+00 8.855295357e+00
3.9227049737479020e+15 5.690000000e-03 9.449464159e+05 4.321625746e+33 5.286526633e+33 2.026367984e+45 1.329592938e+00 8.835891662e+00
3.9207049737479020e+15 6.190000000e-03 9.445447470e+05 4.321873735e+33 5.286964633e+33 2.024429776e+45 1.329151780e+00 8.841416682e+00
3.9187049737479020e+15 6.650000000e-03 9.452202947e+05 4.322121605e+33 5.287410467e+33 2.025390899e+45 1.328710343e+00 8.834286088e+00
3.9167049737479020e+15 7.080000000e-03 9.447058135e+05 4.322373604e+33 5.287866159e+33 2.026534555e+45 1.328273510e+00 8.826397777e+00
3.9147049737479020e+15 7.480000000e-03 9.450997071e+05 4.322617108e+33 5.288294403e+33 2.029925882e+45 1.327827558e+00 8.808693414e+00
3.9127049737479020e+15 7.870000000e-03 9.453706152e+05 4.322856338e+33 5.288721077e+33 2.027776000e+45 1.327374489e+00 8.815023726e+00
3.9107049737479020e+15 8.240000000e-03 9.455655843e+05 4.323103996e+33 5.289158998e+33 2.025841120e+45 1.326931828e+00 8.820500456e+00
3.9087049737479020e+15 8.590000000e-03 9.448344110e+05 4.323362400e+33 5.289626539e+33 2.028245082e+45 1.326503181e+00 8.807200065e+00
3.9067049737479020e+15 8.930000000e-03 9.453217120e+05 4.323601753e+33 5.290049203e+33 2.028472933e+45 1.326048489e+00 8.803192237e+00
3.9047049737479020e+15 9.250000000e-03 9.458845720e+05 4.323851261e+33 5.290492542e+33 2.033855869e+45 1.325607532e+00 8.776973515e+00
3.9027049737479020e+15 9.570000000e-03 9.457883347e+05 4.324102149e+33 5.290945665e+33 2.033098816e+45 1.325165324e+00 8.777312747e+00
3.9007049737479020e+15 9.880000000e-03 9.461091525e+05 4.324351871e+33 5.291386758e+33 2.032312569e+45 1.324720515e+00 8.777761100e+00
3.8987049737479020e+15 1.018000000e-02 9.465963357e+05 4.324597078e+33 5.291822865e+33 2.033518169e+45 1.324269230e+00 8.769568581e+00
3.8967049737479020e+15 1.047000000e-02 9.465571399e+05 4.324855954e+33 5.292287145e+33 2.035650363e+45 1.323834687e+00 8.757508491e+00
3.8947049737479020e+15 1.076000000e-02 9.463456062e+05 4.325107692e+33 5.292738841e+33 2.034180920e+45 1.323387928e+00 8.760877140e+00
3.8927049737479020e+15 1.104000000e-02 9.466822594e+05 4.325359111e+33 5.293191359e+33 2.035825642e+45 1.322940220e+00 8.750837868e+00
3.8907049737479020e+15 1.132000000e-02 9.465787005e+05 4.325612420e+33 5.293636613e+33 2.033883372e+45 1.322491470e+00 8.756223365e+00
3.8887049737479020e+15 1.159000000e-02 9.467642030e+05 4.325867121e+33 5.294089719e+33 2.036653372e+45 1.322044293e+00 8.741357520e+00
3.8867049737479020e+15 1.186000000e-02 9.469155784e+05 4.326129387e+33 5.294560546e+33 2.036983904e+45 1.321603084e+00 8.737022296e+00
3.8847049737479020e+15 1.213000000e-02 9.471461033e+05 4.326384912e+33 5.295015547e+33 2.036239742e+45 1.321149369e+00 8.737214747e+00
3.8827049737479020e+15 1.240000000e-02 9.465590874e+05 4.326653565e+33 5.295493582e+33 2.032860118e+45 1.320708406e+00 8.748819250e+00
3.8807049737479020e+15 1.266000000e-02 9.469168096e+05 4.326919769e+33 5.295967729e+33 2.041240647e+45 1.320263083e+00 8.709962190e+00
3.8787049737479020e+15 1.294000000e-02 9.480458412e+05 4.327192930e+33 5.296456025e+33 2.035198749e+45 1.319814052e+00 8.732848356e+00
