8.7071000000000000e+14 2.390000000e-03 2.400000000e-03 1.355725851e+06 3.750810615e+33 -2.645776211e-01 3.750815485e+33 5.898566366e-04 -7.738355004e-04 -2.411324749e-13 7.286769164e+01
8.7271000000000000e+14 5.111000000e-02 5.112000000e-02 1.356756362e+06 3.688965093e+33 -2.586834451e-01 3.690972291e+33 1.213110365e-02 -1.571388730e-02 -1.882170897e-12 5.995649457e+01
8.7471000000000000e+14 6.606000000e-02 6.607000000e-02 1.351709886e+06 3.647524618e+33 -2.561839283e-01 3.650725155e+33 1.534457572e-02 -1.987155009e-02 -3.232911583e-13 5.399349888e+01
8.7671000000000000e+14 7.493000000e-02 7.494000000e-02 1.353232347e+06 3.618438069e+33 -2.531796464e-01 3.622293219e+33 1.697115017e-02 -2.181373221e-02 -1.331189129e-12 5.995404601e+01
8.7871000000000000e+14 8.081000000e-02 8.082000000e-02 1.352003367e+06 3.597837300e+33 -2.516242227e-01 3.602139669e+33 1.797414791e-02 -2.305730567e-02 -7.806258427e-13 5.896009687e+01
8.8071000000000000e+14 8.484000000e-02 8.485000000e-02 1.351695958e+06 3.583676917e+33 -2.504244803e-01 3.588243380e+33 1.856344829e-02 -2.376235233e-02 -6.940924536e-13 4.604757737e+01
2.2654058131071270e+15 4.090000000e-03 4.100000000e-03 1.148592525e+06 4.714097869e+33 -4.702345643e-01 4.714100536e+33 -2.820693842e-04 7.434621478e-04 -9.769086030e-13 3.992461243e+01
2.2634058131071270e+15 7.130000000e-03 7.140000000e-03 1.148648724e+06 4.714118969e+33 -4.701992653e-01 4.714127021e+33 -4.898690866e-04 1.290964666e-03 -1.811226609e-12 3.594763502e+01
2.2614058131071270e+15 9.220000000e-03 9.230000000e-03 1.149823102e+06 4.714135885e+33 -4.694059036e-01 4.714149136e+33 -6.293925081e-04 1.652894087e-03 -7.549019220e-13 3.594860576e+01
2.2594058131071270e+15 1.092000000e-02 1.093000000e-02 1.148829660e+06 4.714155153e+33 -4.700831488e-01 4.714173766e+33 -7.448671477e-04 1.961865221e-03 -1.274622019e-12 3.793628325e+01
2.2574058131071270e+15 1.240000000e-02 1.241000000e-02 1.150076643e+06 4.714169603e+33 -4.692404925e-01 4.714193194e+33 -8.400572813e-04 2.204544384e-03 -1.349951352e-12 3.396031629e+01
2.2554058131071270e+15 1.372000000e-02 1.373000000e-02 1.149606569e+06 4.714184173e+33 -4.695615249e-01 4.714212957e+33 -9.272977186e-04 2.436766589e-03 -1.690715978e-12 3.694266597e+01
2.2534058131071270e+15 1.494000000e-02 1.495000000e-02 1.150563284e+06 4.714198856e+33 -4.689174756e-01 4.714232465e+33 -1.003303091e-03 2.629439727e-03 -1.246163193e-12 3.495499468e+01
2.2514058131071270e+15 1.606000000e-02 1.607000000e-02 1.151320223e+06 4.714209348e+33 -4.684081194e-01 4.714247650e+33 -1.072273204e-03 2.803556389e-03 -8.554655276e-13 3.495559076e+01
2.2494058131071270e+15 1.712000000e-02 1.713000000e-02 1.150414565e+06 4.714222779e+33 -4.690218918e-01 4.714266265e+33 -1.141038665e-03 2.991413609e-03 -1.148130539e-12 3.396059906e+01
2.2474058131071270e+15 1.813000000e-02 1.814000000e-02 1.151305615e+06 4.714236340e+33 -4.684227620e-01 4.714284337e+33 -1.200224296e-03 3.138649919e-03 -1.503150920e-12 3.296710391e+01
2.2454058131071270e+15 1.909000000e-02 1.910000000e-02 1.151973649e+06 4.714245648e+33 -4.679750759e-01 4.714298100e+33 -1.255860182e-03 3.277720007e-03 -7.373782828e-13 3.296764431e+01
2.2434058131071270e+15 2.001000000e-02 2.002000000e-02 1.151931409e+06 4.714253783e+33 -4.680047125e-01 4.714310886e+33 -1.310325255e-03 3.420010641e-03 -1.496470534e-12 3.296762238e+01
2.2414058131071270e+15 2.091000000e-02 2.092000000e-02 1.152314832e+06 4.714263695e+33 -4.677500917e-01 4.714325221e+33 -1.360757367e-03 3.548225851e-03 -1.037978495e-13 3.694495704e+01
2.2394058131071270e+15 2.178000000e-02 2.179000000e-02 1.152218003e+06 4.714269395e+33 -4.678148971e-01 4.714335472e+33 -1.410024811e-03 3.677648747e-03 -9.536171669e-13 3.396210519e+01
2.2374058131071270e+15 2.263000000e-02 2.264000000e-02 1.153338878e+06 4.714274984e+33 -4.670639511e-01 4.714344861e+33 -1.452343484e-03 3.775336242e-03 -1.593148514e-12 3.197457123e+01
2.2354058131071270e+15 2.347000000e-02 2.348000000e-02 1.153472233e+06 4.714282025e+33 -4.669767455e-01 4.714356161e+33 -1.496252370e-03 3.887764045e-03 -1.204805640e-12 3.296891668e+01
2.2334058131071270e+15 2.431000000e-02 2.432000000e-02 1.153094523e+06 4.714288001e+33 -4.672303632e-01 4.714366660e+33 -1.540412539e-03 4.006923983e-03 -1.228249793e-12 3.296859940e+01
2.2314058131071270e+15 2.516000000e-02 2.517000000e-02 1.154029373e+06 4.714292778e+33 -4.666054858e-01 4.714375079e+33 -1.577758541e-03 4.092833162e-03 -1.901139112e-12 3.296938467e+01
2.2294058131071270e+15 2.604000000e-02 2.605000000e-02 1.154342997e+06 4.714297987e+33 -4.663973959e-01 4.714384292e+33 -1.616433558e-03 4.189088505e-03 -1.880348703e-12 3.794076821e+01
4.3701659432075880e+15 1.390000000e-03 1.400000000e-03 1.035392712e+06 4.479969915e+33 -5.144702750e-01 4.479969982e+33 4.152298751e-05 -1.447210111e-04 -3.648810105e-13 3.088009265e+01
4.3681659432075880e+15 2.410000000e-03 2.420000000e-03 1.035342610e+06 4.480278304e+33 -5.145747932e-01 4.480278524e+33 7.177018811e-05 -2.501878399e-04 -1.757246140e-12 3.286967848e+01
4.3661659432075880e+15 3.120000000e-03 3.130000000e-03 1.035281592e+06 4.480586903e+33 -5.146900284e-01 4.480587275e+33 9.270558635e-05 -3.233295437e-04 -7.925142744e-13 2.789552781e+01
4.3641659432075880e+15 3.690000000e-03 3.700000000e-03 1.035783277e+06 4.480892465e+33 -5.143151985e-01 4.480892984e+33 1.092247183e-04 -3.802485600e-04 -1.862759374e-12 2.690113145e+01
4.3621659432075880e+15 4.190000000e-03 4.200000000e-03 1.035602102e+06 4.481202679e+33 -5.145349007e-01 4.481203348e+33 1.238219606e-04 -4.315086574e-04 -1.173748169e-12 2.789578555e+01
4.3601659432075880e+15 4.630000000e-03 4.640000000e-03 1.035555804e+06 4.481512119e+33 -5.146373937e-01 4.481512935e+33 1.365794463e-04 -4.760298204e-04 -1.205121036e-12 2.590611396e+01
4.3581659432075880e+15 5.040000000e-03 5.050000000e-03 1.036306807e+06 4.481822815e+33 -5.140485320e-01 4.481823772e+33 1.479416015e-04 -5.144548781e-04 -2.161596284e-12 3.187564069e+01
4.3561659432075880e+15 5.410000000e-03 5.420000000e-03 1.035476442e+06 4.482130655e+33 -5.148302403e-01 4.482131763e+33 1.589565809e-04 -5.543682408e-04 -1.227030813e-12 2.491122218e+01
4.3541659432075880e+15 5.760000000e-03 5.770000000e-03 1.035971526e+06 4.482444544e+33 -5.144633685e-01 4.482445789e+33 1.685936836e-04 -5.869872417e-04 -1.121728412e-12 2.491165098e+01
4.3521659432075880e+15 6.090000000e-03 6.100000000e-03 1.035965677e+06 4.482752565e+33 -5.145306992e-01 4.482753951e+33 1.778823218e-04 -6.193839638e-04 -8.878081890e-13 2.590647332e+01
4.3501659432075880e+15 6.410000000e-03 6.420000000e-03 1.036047716e+06 4.483062512e+33 -5.145211101e-01 4.483064040e+33 1.867069395e-04 -6.502595117e-04 -9.363706860e-13 2.889101645e+01
4.3481659432075880e+15 6.700000000e-03 6.710000000e-03 1.036144576e+06 4.483376734e+33 -5.145005804e-01 4.483378396e+33 1.947610303e-04 -6.777241859e-04 -1.254219532e-12 2.590663611e+01
4.3461659432075880e+15 6.990000000e-03 7.000000000e-03 1.036293861e+06 4.483689417e+33 -5.144333198e-01 4.483691215e+33 2.025967747e-04 -7.048297288e-04 -1.226224946e-12 2.491193860e+01
4.3441659432075880e+15 7.270000000e-03 7.280000000e-03 1.036131438e+06 4.484003767e+33 -5.146371191e-01 4.484005707e+33 2.102980526e-04 -7.323814631e-04 -9.335676806e-13 2.491179669e+01
4.3421659432075880e+15 7.530000000e-03 7.540000000e-03 1.036018262e+06 4.484313382e+33 -5.147976369e-01 4.484315456e+33 2.174899070e-04 -7.574467761e-04 -9.298479376e-13 2.690134107e+01
4.3401659432075880e+15 7.790000000e-03 7.800000000e-03 1.036204095e+06 4.484629294e+33 -5.146997526e-01 4.484631500e+33 2.242923165e-04 -7.808407677e-04 -1.259354667e-12 2.491185960e+01
4.3381659432075880e+15 8.040000000e-03 8.050000000e-03 1.037204477e+06 4.484942901e+33 -5.138960442e-01 4.484945217e+33 2.301296720e-04 -7.983702907e-04 -5.034932330e-13 2.491273994e+01
4.3361659432075880e+15 8.280000000e-03 8.290000000e-03 1.036244894e+06 4.485259516e+33 -5.147905640e-01 4.485261984e+33 2.372483327e-04 -8.258735999e-04 -1.348037516e-13 2.988598934e+01
4.3341659432075880e+15 8.520000000e-03 8.530000000e-03 1.037194927e+06 4.485572571e+33 -5.140297548e-01 4.485575146e+33 2.426544505e-04 -8.421108262e-04 -1.318517705e-12 2.391791588e+01
4.3321659432075880e+15 8.750000000e-03 8.760000000e-03 1.036397609e+06 4.485892072e+33 -5.147848932e-01 4.485894798e+33 2.492587692e-04 -8.676682172e-04 -1.757785398e-12 2.292239387e+01
4.3301659432075880e+15 8.980000000e-03 8.990000000e-03 1.036853368e+06 4.486212983e+33 -5.144538870e-01 4.486215825e+33 2.546436050e-04 -8.854569186e-04 -2.006932874e-12 2.391762220e+01
4.3281659432075880e+15 9.200000000e-03 9.210000000e-03 1.037281971e+06 4.486523791e+33 -5.141447950e-01 4.486526745e+33 2.598035353e-04 -9.020682620e-04 -1.389885087e-12 2.292318687e+01
4.3261659432075880e+15 9.410000000e-03 9.420000000e-03 1.037462358e+06 4.486844825e+33 -5.140535263e-01 4.486847895e+33 2.649782646e-04 -9.189721062e-04 -2.507590793e-13 2.590778996e+01
4.3241659432075880e+15 9.630000000e-03 9.640000000e-03 1.037688072e+06 4.487165925e+33 -5.139217369e-01 4.487169114e+33 2.700053745e-04 -9.365649088e-04 -1.761875343e-12 2.491316869e+01
4.3221659432075880e+15 9.830000000e-03 9.840000000e-03 1.036632852e+06 4.487482641e+33 -5.148997130e-01 4.487485983e+33 2.760175664e-04 -9.604280283e-04 -6.854010887e-13 2.491223688e+01
4.3201659432075880e+15 1.004000000e-02 1.005000000e-02 1.037536706e+06 4.487809488e+33 -5.141827214e-01 4.487812920e+33 2.800652561e-04 -9.720261009e-04 -2.994786111e-13 2.292342531e+01
4.3181659432075880e+15 1.024000000e-02 1.025000000e-02 1.037137782e+06 4.488128617e+33 -5.145910620e-01 4.488132181e+33 2.852100071e-04 -9.912442453e-04 -2.269765267e-12 2.292305253e+01
4.3161659432075880e+15 1.044000000e-02 1.045000000e-02 1.037367706e+06 4.488453924e+33 -5.144570758e-01 4.488457597e+33 2.896099676e-04 -1.005925065e-03 -1.687216715e-12 2.192843938e+01
4.3141659432075880e+15 1.064000000e-02 1.065000000e-02 1.037908768e+06 4.488780890e+33 -5.140550579e-01 4.488784658e+33 2.935464802e-04 -1.018184564e-03 -5.328835788e-13 2.690293761e+01
4.3121659432075880e+15 1.083000000e-02 1.084000000e-02 1.037500217e+06 4.489107004e+33 -5.144731122e-01 4.489110900e+33 2.983245882e-04 -1.035929230e-03 -1.203965650e-12 2.292337886e+01
4.3101659432075880e+15 1.102000000e-02 1.103000000e-02 1.038065091e+06 4.489434175e+33 -5.140493615e-01 4.489438159e+33 3.019870915e-04 -1.046305111e-03 -1.866913586e-12 2.391868704e+01
4.3081659432075880e+15 1.121000000e-02 1.122000000e-02 1.038276169e+06 4.489761313e+33 -5.139322774e-01 4.489765399e+33 3.058936773e-04 -1.059020084e-03 -1.797421589e-12 2.491368147e+01
4.3061659432075880e+15 1.140000000e-02 1.141000000e-02 1.037683732e+06 4.490096184e+33 -5.145122508e-01 4.490100403e+33 3.105456690e-04 -1.077587936e-03 -9.959295598e-13 2.491316974e+01
4.3041659432075880e+15 1.159000000e-02 1.160000000e-02 1.038170754e+06 4.490433534e+33 -5.141580517e-01 4.490437840e+33 3.139127459e-04 -1.087633685e-03 -2.235517309e-12 2.391877926e+01
4.3021659432075880e+15 1.178000000e-02 1.179000000e-02 1.038564793e+06 4.490766523e+33 -5.138843560e-01 4.490770917e+33 3.172848538e-04 -1.097934922e-03 -1.310559480e-12 2.391912667e+01
4.3001659432075880e+15 1.197000000e-02 1.198000000e-02 1.037834945e+06 4.491111596e+33 -5.145843942e-01 4.491116127e+33 3.217927737e-04 -1.116656581e-03 -5.667929578e-13 2.292367310e+01
4.2981659432075880e+15 1.216000000e-02 1.217000000e-02 1.038140552e+06 4.491456158e+33 -5.143887847e-01 4.491460777e+33 3.250670074e-04 -1.126750063e-03 -1.376209878e-12 2.889279026e+01
4.2961659432075880e+15 1.236000000e-02 1.237000000e-02 1.038836737e+06 4.491813314e+33 -5.138580709e-01 4.491818002e+33 3.277493608e-04 -1.134058366e-03 -1.383913038e-12 2.292455905e+01
4.2941659432075880e+15 1.256000000e-02 1.257000000e-02 1.038198384e+06 4.492173494e+33 -5.144821501e-01 4.492178312e+33 3.319084962e-04 -1.151325019e-03 -8.742394787e-13 2.292399242e+01
4.2921659432075880e+15 1.277000000e-02 1.278000000e-02 1.038724087e+06 4.492547890e+33 -5.141021111e-01 4.492552781e+33 3.346787270e-04 -1.158934375e-03 -1.553881692e-12 2.292446645e+01
