2.5692578125000000e+15 4.020000000e-03 0.000000000e+00 4.397292725e+33 2.277823384e+45 2.117754767e+00 2.719824542e+00 5.577793140e+00 4.396257982e+00 3.914448271e+00 3.643748836e+00
2.5692500000000000e+15 6.290000000e-03 6.300000000e-03 4.397197329e+33 2.278266459e+45 2.125214614e+00 6.887079090e+00 5.751975867e+00 4.506792932e+00 4.016870094e+00 4.109667216e+00
2.5694001116071430e+15 7.368000000e-02 0.000000000e+00 4.378837544e+33 2.263210869e+45 2.138549961e+00 -1.256701318e+00 6.361473137e+00 4.927287323e+00 4.297163416e+00 3.489411809e+00
2.5695424107142855e+15 7.624000000e-02 0.000000000e+00 4.377578670e+33 2.262754255e+45 2.133135189e+00 -4.265053225e-01 6.230014397e+00 4.856107686e+00 4.258527978e+00 3.539469825e+00
2.5696847098214285e+15 7.841000000e-02 0.000000000e+00 4.376473565e+33 2.261019834e+45 2.129426835e+00 6.558367285e+00 6.158233545e+00 4.817479516e+00 4.291839672e+00 4.451270556e+00
2.5698270089285715e+15 8.027000000e-02 0.000000000e+00 4.375520953e+33 2.261979214e+45 2.122512988e+00 1.546831952e+01 5.988071079e+00 4.722677459e+00 4.284549367e+00 5.493972882e+00
2.5699693080357145e+15 8.191000000e-02 0.000000000e+00 4.374652547e+33 2.260509685e+45 2.137723191e+00 6.644741529e+00 6.377986344e+00 4.967447555e+00 4.409123159e+00 4.532091341e+00
2.5701116071428570e+15 8.343000000e-02 0.000000000e+00 4.373852495e+33 2.259439755e+45 2.123966069e+00 -8.014612592e+00 6.060112892e+00 4.759227555e+00 4.145907697e+00 2.512901749e+00
2.5702539062500000e+15 8.476000000e-02 0.000000000e+00 4.373142999e+33 2.259238415e+45 2.134964469e+00 -4.816928298e-01 6.314893471e+00 4.935077959e+00 4.326449435e+00 3.583622839e+00
2.5703962053571430e+15 8.600000000e-02 0.000000000e+00 4.372457399e+33 2.259561328e+45 2.128346598e+00 8.495750793e+00 6.215072197e+00 4.858994362e+00 4.342222126e+00 4.713250056e+00
2.5705385044642855e+15 8.714000000e-02 0.000000000e+00 4.371830489e+33 2.258911327e+45 2.131878100e+00 5.080786516e+00 6.314661840e+00 4.921385009e+00 4.361907582e+00 4.295399600e+00
2.5706808035714285e+15 8.823000000e-02 0.000000000e+00 4.371233723e+33 2.257205049e+45 2.123030018e+00 1.236209604e+01 6.116304633e+00 4.796721574e+00 4.319217393e+00 5.119861007e+00
2.5708231026785715e+15 8.921000000e-02 0.000000000e+00 4.370690427e+33 2.258802283e+45 2.120069948e+00 2.417920334e-01 6.045719023e+00 4.751775828e+00 4.206315261e+00 3.582075369e+00
2.5709654017857145e+15 9.015000000e-02 0.000000000e+00 4.370154484e+33 2.257379167e+45 2.126332737e+00 1.919008746e+00 6.217020473e+00 4.858740380e+00 4.294747062e+00 3.866194093e+00
2.5711077008928570e+15 9.103000000e-02 0.000000000e+00 4.369654802e+33 2.255392391e+45 2.138966355e+00 7.494606736e-01 6.493980644e+00 5.052179375e+00 4.430224575e+00 3.865854244e+00
2.5712500000000000e+15 9.187000000e-02 0.000000000e+00 4.369184907e+33 2.257532419e+45 2.126424294e+00 1.002262064e+01 6.174640252e+00 4.862409280e+00 4.366061838e+00 4.888690921e+00
2.5712500000000000e+15 9.187000000e-02 9.188000000e-02 4.369187186e+33 2.256875977e+45 2.126638856e+00 1.041797344e+01 6.236594735e+00 4.880239802e+00 4.382642108e+00 5.047074067e+00
2.5732500000000000e+15 1.004400000e-01 1.004500000e-01 4.364208076e+33 2.253077124e+45 2.131416093e+00 -8.246539271e+00 6.401591247e+00 5.007110007e+00 4.342463401e+00 2.705698228e+00
2.5752500000000000e+15 1.058400000e-01 1.058500000e-01 4.361026046e+33 2.251525894e+45 2.132019764e+00 -1.995682083e+01 6.472568352e+00 5.057561224e+00 4.291322828e+00 1.226357726e+00
2.5772500000000000e+15 1.096600000e-01 1.096700000e-01 4.358819856e+33 2.250521258e+45 2.135074706e+00 9.582246830e+00 6.627745552e+00 5.168539842e+00 4.625026302e+00 5.164764096e+00
2.5792500000000000e+15 1.124900000e-01 1.125000000e-01 4.357234600e+33 2.249374722e+45 2.154161752e+00 1.879531400e+01 7.192908335e+00 5.531728003e+00 4.985529352e+00 6.297270711e+00
2.5812500000000000e+15 1.146200000e-01 1.146300000e-01 4.356104417e+33 2.249094216e+45 1.218934918e+00 5.156903888e+00 5.880393429e+00 4.678530844e+00 3.992346454e+00 3.637656595e+00
