1.8559273485299200e+15 8.760000000e-05 1.062672274e+06 4.186051097e+33 5.075279877e+33 2.235478707e+45 6.269389937e-01 3.776632643e+00
1.8359273485299200e+15 1.027000000e-04 1.063118189e+06 4.165337557e+33 5.042731285e+33 2.216580261e+45 6.134382017e-01 3.726810878e+00
1.8159273485299200e+15 1.187000000e-04 1.063433705e+06 4.144195901e+33 5.009662205e+33 2.200935429e+45 6.000765378e-01 3.671549122e+00
1.7959273485299200e+15 1.363000000e-04 1.062005855e+06 4.121932700e+33 4.974990866e+33 2.183012227e+45 5.864867281e-01 3.617862176e+00
1.7759273485299200e+15 1.558000000e-04 1.063256520e+06 4.098446707e+33 4.938577433e+33 2.163810718e+45 5.726422298e-01 3.563806391e+00
1.7559273485299200e+15 1.769000000e-04 1.062637235e+06 4.074341931e+33 4.901375050e+33 2.144846306e+45 5.589149116e-01 3.509130482e+00
1.7359273485299200e+15 2.001000000e-04 1.063166822e+06 4.049230920e+33 4.862797316e+33 2.124860596e+45 5.451146885e-01 3.454676927e+00
1.7159273485299200e+15 2.257000000e-04 1.062345972e+06 4.023010790e+33 4.822709159e+33 2.100893390e+45 5.312365631e-01 3.405131916e+00
1.6959273485299200e+15 2.534000000e-04 1.063642210e+06 3.996299579e+33 4.782076451e+33 2.082003295e+45 5.175670324e-01 3.347612573e+00
1.6759273485299200e+15 2.835000000e-04 1.061441634e+06 3.968867564e+33 4.740535497e+33 2.060322823e+45 5.040398740e-01 3.294424952e+00
1.6559273485299200e+15 3.163000000e-04 1.063490265e+06 3.940599206e+33 4.697940209e+33 2.036300690e+45 4.906113452e-01 3.244484295e+00
1.6359273485299200e+15 3.519000000e-04 1.063667044e+06 3.911660058e+33 4.654567236e+33 2.013429867e+45 4.773443561e-01 3.192605688e+00
1.6159273485299200e+15 3.914000000e-04 1.063668705e+06 3.881379815e+33 4.609401226e+33 1.990826520e+45 4.639563497e-01 3.138294555e+00
1.5959273485299200e+15 4.346000000e-04 1.063616731e+06 3.850064385e+33 4.562925187e+33 1.964699610e+45 4.506339245e-01 3.088714180e+00
1.5759273485299200e+15 4.817000000e-04 1.064732014e+06 3.817922609e+33 4.515488534e+33 1.939721791e+45 4.374531301e-01 3.036981046e+00
1.5559273485299200e+15 5.337000000e-04 1.062770882e+06 3.784535237e+33 4.466474340e+33 1.915001410e+45 4.242613210e-01 2.983419606e+00
1.5359273485299200e+15 5.903000000e-04 1.064706089e+06 3.750271276e+33 4.416443063e+33 1.888077289e+45 4.112320083e-01 2.933034288e+00
1.5159273485299200e+15 6.521000000e-04 1.063749641e+06 3.715132582e+33 4.365421096e+33 1.860932592e+45 3.983578056e-01 2.882655123e+00
1.4959273485299200e+15 7.193000000e-04 1.065447209e+06 3.679370251e+33 4.313781275e+33 1.833432181e+45 3.857180423e-01 2.833055625e+00
1.8759273485299200e+15 7.340000000e-05 1.061659689e+06 4.206110319e+33 5.106909054e+33 2.251379701e+45 6.404880185e-01 3.831000968e+00
1.8959273485299200e+15 5.980000000e-05 1.062377167e+06 4.225614314e+33 5.137790158e+33 2.263434323e+45 6.541220861e-01 3.891713972e+00
1.9159273485299200e+15 4.630000000e-05 1.062494322e+06 4.244695192e+33 5.168135144e+33 2.281549847e+45 6.678799972e-01 3.942016818e+00
1.9359273485299200e+15 3.210000000e-05 1.060409731e+06 4.263270951e+33 5.197783682e+33 2.296913451e+45 6.817311471e-01 3.996856016e+00
1.9559273485299200e+15 1.330000000e-05 1.061670113e+06 4.281385154e+33 5.226809516e+33 2.311323325e+45 6.956968348e-01 4.053305362e+00
