1.0079767104234192e+15 2.020000000e-05 2.030000000e-05 2.867036748e+33 1.381321010e+45 2.077032916e+00 2.122362588e+02 3.317275674e+02 2.932200421e+02 2.741910263e+02 2.625404435e+02
9.8797671042341925e+14 1.068000000e-04 1.069000000e-04 2.772256145e+33 1.309393084e+45 2.080186235e+00 2.133705833e+02 4.190362916e+02 3.966576060e+02 3.757914382e+02 3.572755353e+02
9.6797671042341925e+14 1.716000000e-04 1.717000000e-04 2.676277579e+33 1.237928358e+45 2.074876205e+00 1.581420705e+02 5.231535430e+02 5.175924070e+02 4.949595466e+02 4.653556274e+02
9.4797671042341925e+14 2.411000000e-04 2.412000000e-04 2.578068987e+33 1.166536005e+45 2.070083991e+00 8.790454935e+02 6.677473269e+02 6.772728428e+02 6.525263081e+02 6.475659394e+02
9.2797671042341925e+14 3.187000000e-04 3.188000000e-04 2.479414671e+33 1.096555438e+45 2.070049306e+00 1.012892885e+03 8.558192492e+02 8.981356204e+02 8.718168251e+02 8.558555809e+02
9.0797671042341925e+14 4.085000000e-04 4.086000000e-04 2.378790551e+33 1.027055123e+45 2.069432106e+00 1.382675801e+03 1.166438297e+03 1.254257714e+03 1.224175622e+03 1.200581806e+03
8.8797671042341925e+14 5.121000000e-04 5.122000000e-04 2.277491153e+33 9.588979497e+44 2.065534633e+00 1.655204513e+03 2.435605378e+03 2.603714536e+03 2.524032695e+03 2.433214585e+03
8.8797671042341925e+14 5.121000000e-04 5.122000000e-04 2.277491153e+33 9.588979497e+44 2.065534633e+00 1.655204513e+03 2.435605378e+03 2.603714536e+03 2.524032695e+03 2.433214585e+03
8.8464337709008588e+14 5.308000000e-04 5.309000000e-04 2.260618525e+33 9.478859859e+44 2.063343313e+00 4.338117809e+03 3.989764732e+03 4.178937872e+03 4.031842068e+03 3.939483210e+03
8.8131004375675262e+14 5.499000000e-04 5.500000000e-04 2.243779966e+33 9.368118325e+44 2.173413958e+00 -1.851941595e+05 -7.133241405e+04 -8.190286966e+04 -7.756213367e+04 -7.852065329e+04
8.7797671042341925e+14 5.693000000e-04 5.694000000e-04 2.227084172e+33 9.257109908e+44 2.062659390e+00 -5.453515259e+03 -1.600970414e+03 -1.571328048e+03 -1.473333844e+03 -1.609089858e+03
8.7464337709008588e+14 5.893000000e-04 5.894000000e-04 2.210244208e+33 9.149035801e+44 2.064113531e+00 -1.099356246e+03 -1.335988526e+02 -6.908529615e+01 -2.570099629e+01 -4.981340415e+01
8.7131004375675262e+14 6.096000000e-04 6.097000000e-04 2.193558375e+33 9.042063926e+44 2.066231097e+00 2.911714817e+02 3.454255986e+02 4.404463346e+02 4.724326754e+02 4.845521318e+02
8.6797671042341925e+14 6.303000000e-04 6.304000000e-04 2.176945470e+33 8.935134394e+44 2.063979423e+00 2.519162043e+03 6.201807803e+02 7.344078505e+02 7.576202525e+02 8.433980625e+02
8.6464337709008588e+14 6.517000000e-04 6.518000000e-04 2.160137065e+33 8.827876865e+44 2.064626697e+00 -3.958450519e+03 8.244814357e+02 9.474161569e+02 9.505887265e+02 7.363468301e+02
8.6131004375675262e+14 6.735000000e-04 6.736000000e-04 2.143457486e+33 8.721916153e+44 2.063194249e+00 1.435566832e+03 9.672846600e+02 1.108718584e+03 1.118129864e+03 1.118759791e+03
8.5797671042341925e+14 6.958000000e-04 6.959000000e-04 2.126745818e+33 8.615985068e+44 2.066168669e+00 -1.269251197e+04 1.106861349e+03 1.252103761e+03 1.237519671e+03 6.572879352e+02
