1.0774400000000000e+15 3.510000000e-03 3.520000000e-03 1.042699078e+06 2.352733157e+33 -2.040713668e-01 2.352749321e+33 9.825574126e-04 -1.570455671e-03 -1.421038147e-12 5.575596081e+01
1.0776400000000000e+15 1.683000000e-02 1.684000000e-02 1.042080142e+06 2.344254008e+33 -2.033277968e-01 2.344620484e+33 4.685497233e-03 -7.481387285e-03 -1.397316622e-12 5.774508798e+01
1.0778400000000000e+15 2.315000000e-02 2.316000000e-02 1.041154446e+06 2.336335908e+33 -2.027169825e-01 2.337022988e+33 6.421286542e-03 -1.024998484e-02 -1.144569256e-12 5.476003777e+01
1.0780400000000000e+15 2.783000000e-02 2.784000000e-02 1.041576077e+06 2.328832319e+33 -2.018268936e-01 2.329808643e+33 7.676322912e-03 -1.222002077e-02 -1.372841343e-12 5.575514650e+01
1.0782400000000000e+15 3.160000000e-02 3.161000000e-02 1.040447865e+06 2.321777144e+33 -2.013558724e-01 2.323027855e+33 8.690961294e-03 -1.383981828e-02 -9.715114740e-13 5.774388726e+01
1.0784400000000000e+15 3.479000000e-02 3.480000000e-02 1.040929507e+06 2.315087369e+33 -2.005376385e-01 2.316579117e+33 9.517699832e-03 -1.511627424e-02 -1.168704293e-12 5.873911627e+01
1.0786400000000000e+15 3.756000000e-02 3.757000000e-02 1.036376148e+06 2.308749059e+33 -2.009567156e-01 2.310516260e+33 1.030538929e-02 -1.648178424e-02 -2.551679835e-12 6.470495358e+01
1.0788400000000000e+15 4.001000000e-02 4.002000000e-02 1.039269204e+06 2.302734250e+33 -1.996336746e-01 2.304679512e+33 1.088092443e-02 -1.727983328e-02 -1.690266261e-12 5.575349656e+01
1.0790400000000000e+15 4.222000000e-02 4.223000000e-02 1.038351942e+06 2.296962031e+33 -1.992440508e-01 2.299115326e+33 1.145164922e-02 -1.819005422e-02 -2.322377965e-12 5.276837824e+01
1.0792400000000000e+15 4.420000000e-02 4.421000000e-02 1.035940057e+06 2.291532687e+33 -1.992446441e-01 2.293902431e+33 1.198762373e-02 -1.910166208e-02 -5.431522186e-12 5.873562066e+01
1.0794400000000000e+15 4.603000000e-02 4.604000000e-02 1.038501232e+06 2.286272906e+33 -1.980869944e-01 2.288774264e+33 1.238528044e-02 -1.961305620e-02 -1.692840732e-12 5.276849481e+01
1.0796400000000000e+15 4.769000000e-02 4.770000000e-02 1.037609878e+06 2.281336404e+33 -1.977782738e-01 2.284008568e+33 1.280259620e-02 -2.028180316e-02 -1.587262870e-12 5.177301404e+01
1.0798400000000000e+15 4.923000000e-02 4.924000000e-02 1.036421321e+06 2.276589601e+33 -1.975588254e-01 2.279429653e+33 1.319324486e-02 -2.092149323e-02 -1.434134330e-12 5.276697894e+01
1.0800400000000000e+15 5.067000000e-02 5.068000000e-02 1.036612222e+06 2.271998860e+33 -1.970320785e-01 2.274974298e+33 1.352712279e-02 -2.141738563e-02 -1.253481130e-12 5.177227469e+01
1.0802400000000000e+15 5.201000000e-02 5.202000000e-02 1.035465616e+06 2.267608752e+33 -1.968391383e-01 2.270736221e+33 1.386234501e-02 -2.196997140e-02 -6.062650329e-13 5.276624412e+01
1.0804400000000000e+15 5.325000000e-02 5.326000000e-02 1.036644503e+06 2.263465259e+33 -1.961308620e-01 2.266690006e+33 1.411957201e-02 -2.230494628e-02 -1.560006530e-12 5.077746441e+01
1.0806400000000000e+15 5.442000000e-02 5.443000000e-02 1.033025589e+06 2.259446466e+33 -1.965533271e-01 2.262861382e+33 1.446567982e-02 -2.298339780e-02 -5.916684256e-13 5.574905976e+01
1.0808400000000000e+15 5.552000000e-02 5.553000000e-02 1.036497009e+06 2.255602415e+33 -1.953406053e-01 2.259049352e+33 1.463042927e-02 -2.307038266e-02 -1.922886935e-12 5.177218941e+01
1.0810400000000000e+15 5.656000000e-02 5.657000000e-02 1.034995677e+06 2.251889851e+33 -1.952992454e-01 2.255470365e+33 1.489350776e-02 -2.352809283e-02 -9.376426079e-13 5.177106843e+01
1.0812400000000000e+15 5.754000000e-02 5.755000000e-02 1.034481030e+06 2.248340096e+33 -1.950475177e-01 2.252027568e+33 1.511822224e-02 -2.388447782e-02 -6.419469515e-13 4.878620558e+01
1.0814400000000000e+15 5.847000000e-02 5.848000000e-02 1.035781415e+06 2.244906428e+33 -1.943866319e-01 2.248652416e+33 1.528551059e-02 -2.406797061e-02 -1.632406553e-12 4.978201888e+01
1.0816400000000000e+15 5.934000000e-02 5.935000000e-02 1.035407990e+06 2.241665054e+33 -1.941332939e-01 2.245502439e+33 1.547747684e-02 -2.436665712e-02 -1.427528871e-12 5.774030642e+01
1.0818400000000000e+15 6.018000000e-02 6.019000000e-02 1.033955808e+06 2.238480153e+33 -1.941340054e-01 2.242432573e+33 1.568787432e-02 -2.474375259e-02 -1.235287971e-12 4.878580641e+01
1.0820400000000000e+15 6.097000000e-02 6.098000000e-02 1.033814440e+06 2.235464864e+33 -1.938510571e-01 2.239495509e+33 1.585359447e-02 -2.499216878e-02 -1.449143812e-12 4.878569897e+01
1.0822400000000000e+15 6.172000000e-02 6.173000000e-02 1.034050218e+06 2.232559234e+33 -1.934924408e-01 2.236653786e+33 1.599927318e-02 -2.519163232e-02 -2.168787700e-12 5.475481418e+01
1.0824400000000000e+15 6.244000000e-02 6.245000000e-02 1.034544236e+06 2.229746774e+33 -1.930853963e-01 2.233895103e+33 1.613051803e-02 -2.535635260e-02 -2.405221199e-12 4.878622583e+01
1.0826400000000000e+15 6.313000000e-02 6.314000000e-02 1.032523315e+06 2.227019276e+33 -1.932624632e-01 2.231284049e+33 1.631802346e-02 -2.572866830e-02 -1.376442124e-12 4.778987597e+01
1.0828400000000000e+15 6.378000000e-02 6.379000000e-02 1.034333169e+06 2.224440594e+33 -1.925784947e-01 2.228715756e+33 1.639748435e-02 -2.574983973e-02 -1.961284653e-12 4.878609983e+01
1.0830400000000000e+15 6.441000000e-02 6.442000000e-02 1.034886225e+06 2.221900258e+33 -1.921875845e-01 2.226216637e+33 1.650366193e-02 -2.587283810e-02 -7.657134568e-13 4.978131843e+01
1.0832400000000000e+15 6.500000000e-02 6.501000000e-02 1.033238534e+06 2.219538139e+33 -1.923156034e-01 2.223951394e+33 1.665744348e-02 -2.617757726e-02 -1.269846046e-12 4.679557636e+01
1.0834400000000000e+15 6.557000000e-02 6.558000000e-02 1.034429804e+06 2.217232211e+33 -1.918035418e-01 2.221662004e+33 1.673201358e-02 -2.622090788e-02 -1.941609256e-12 4.779132648e+01
1.0836400000000000e+15 6.612000000e-02 6.613000000e-02 1.031274164e+06 2.214978927e+33 -1.922862878e-01 2.219545167e+33 1.691623187e-02 -2.664915338e-02 -2.807893466e-11 4.778891812e+01
1.0838400000000000e+15 6.664000000e-02 6.665000000e-02 1.029560830e+06 2.212866289e+33 -1.924587620e-01 2.217528120e+33 1.705660192e-02 -2.694286639e-02 -1.051885752e-12 4.778768637e+01
1.0840400000000000e+15 6.715000000e-02 6.716000000e-02 1.032755853e+06 2.210761892e+33 -1.915074891e-01 2.215372951e+33 1.706155693e-02 -2.677391711e-02 -1.483118041e-12 5.276424539e+01
1.0842400000000000e+15 6.763000000e-02 6.764000000e-02 1.032293203e+06 2.208779429e+33 -1.914051993e-01 2.213443581e+33 1.715788167e-02 -2.693415172e-02 -1.217528595e-12 4.580002637e+01
1.0844400000000000e+15 6.809000000e-02 6.810000000e-02 1.034609056e+06 2.206887898e+33 -1.906841219e-01 2.211521929e+33 1.717475302e-02 -2.683235097e-02 -1.891093321e-12 4.679665599e+01
1.0846400000000000e+15 6.853000000e-02 6.854000000e-02 1.033480444e+06 2.205073433e+33 -1.907494147e-01 2.209775273e+33 1.727946439e-02 -2.703931580e-02 -2.410752118e-12 4.580094486e+01
1.0848400000000000e+15 6.895000000e-02 6.896000000e-02 1.031592118e+06 2.203337170e+33 -1.909950020e-01 2.208128130e+33 1.740052553e-02 -2.731180426e-02 -4.602494306e-13 4.878399868e+01
1.0850400000000000e+15 6.936000000e-02 6.937000000e-02 1.032030967e+06 2.201639785e+33 -1.907184752e-01 2.206449524e+33 1.745602206e-02 -2.736419817e-02 -2.173563487e-12 4.579982921e+01
1.0852400000000000e+15 6.975000000e-02 6.976000000e-02 1.031249835e+06 2.200028042e+33 -1.907266003e-01 2.204891220e+33 1.754032584e-02 -2.752435736e-02 -3.574932292e-13 4.579921346e+01
1.0854400000000000e+15 7.012000000e-02 7.013000000e-02 1.029602950e+06 2.198516207e+33 -1.909418630e-01 2.203458203e+33 1.764445766e-02 -2.776196920e-02 -7.970939567e-12 4.579798252e+01
1.0856400000000000e+15 7.048000000e-02 7.049000000e-02 1.032362225e+06 2.197032510e+33 -1.901622485e-01 2.201915717e+33 1.762410526e-02 -2.757721087e-02 -2.068791428e-12 4.580008802e+01
1.0858400000000000e+15 7.083000000e-02 7.084000000e-02 1.030468089e+06 2.195582061e+33 -1.904381216e-01 2.200549085e+33 1.773037852e-02 -2.782949589e-02 -1.161076125e-12 4.778828475e+01
1.0860400000000000e+15 7.115000000e-02 7.116000000e-02 1.033101656e+06 2.194291082e+33 -1.897107383e-01 2.199199256e+33 1.770467037e-02 -2.764642319e-02 -9.620434462e-13 5.077474102e+01
1.0862400000000000e+15 7.147000000e-02 7.148000000e-02 1.032416485e+06 2.192986785e+33 -1.897277449e-01 2.197937752e+33 1.777071094e-02 -2.777380379e-02 -1.980940925e-12 4.381044528e+01
1.0864400000000000e+15 7.177000000e-02 7.178000000e-02 1.032375302e+06 2.191777590e+33 -1.896109371e-01 2.196749935e+33 1.781472950e-02 -2.783607372e-02 -1.898949770e-12 4.480524551e+01
1.0866400000000000e+15 7.206000000e-02 7.207000000e-02 1.032404259e+06 2.190615387e+33 -1.894833288e-01 2.195605880e+33 1.785473670e-02 -2.788828788e-02 -1.506891764e-12 4.480527532e+01
1.0868400000000000e+15 7.233000000e-02 7.234000000e-02 1.032085173e+06 2.189557823e+33 -1.894459616e-01 2.194576060e+33 1.790044926e-02 -2.796988813e-02 -3.876296417e-13 4.480497667e+01
1.0870400000000000e+15 7.259000000e-02 7.260000000e-02 1.033173768e+06 2.188537771e+33 -1.890941926e-01 2.193537203e+33 1.790421891e-02 -2.791137345e-02 -1.751264855e-12 4.779036846e+01
1.0872400000000000e+15 7.284000000e-02 7.285000000e-02 1.032677405e+06 2.187572491e+33 -1.891051658e-01 2.192602745e+33 1.795075559e-02 -2.800229968e-02 -1.116226492e-12 4.381062961e+01
2.2531992393678395e+15 4.530000000e-03 4.540000000e-03 9.857490519e+05 4.154615307e+33 -4.916931697e-01 4.154622562e+33 -3.946342646e-04 1.429532045e-03 -5.624116615e-13 3.581323983e+01
2.2511992393678395e+15 7.860000000e-03 7.870000000e-03 9.853468640e+05 4.153480992e+33 -4.918063908e-01 4.153502722e+33 -6.825344839e-04 2.475022321e-03 -1.098969303e-12 4.277843604e+01
2.2491992393678395e+15 1.015000000e-02 1.016000000e-02 9.859776437e+05 4.152332054e+33 -4.910407959e-01 4.152367717e+33 -8.754726190e-04 3.165366448e-03 -1.934539852e-12 3.481836278e+01
2.2471992393678395e+15 1.202000000e-02 1.203000000e-02 9.861468294e+05 4.151168996e+33 -4.906648888e-01 4.151218448e+33 -1.031386338e-03 3.724798919e-03 -8.665538385e-13 3.481850646e+01
2.2451992393678395e+15 1.364000000e-02 1.365000000e-02 9.859711351e+05 4.150005985e+33 -4.905802194e-01 4.150069158e+33 -1.165617470e-03 4.210044392e-03 -1.323143979e-12 3.282821575e+01
2.2431992393678395e+15 1.510000000e-02 1.511000000e-02 9.865110823e+05 4.148828474e+33 -4.898887474e-01 4.148904662e+33 -1.281436781e-03 4.616841911e-03 -1.663764239e-12 3.581388498e+01
2.2411992393678395e+15 1.643000000e-02 1.644000000e-02 9.868633304e+05 4.147641884e+33 -4.893550775e-01 4.147730796e+33 -1.385449130e-03 4.981972452e-03 -1.015798692e-12 3.183389735e+01
2.2391992393678395e+15 1.767000000e-02 1.768000000e-02 9.864636560e+05 4.146437532e+33 -4.894509674e-01 4.146539655e+33 -1.484131327e-03 5.341790668e-03 -1.618961942e-12 3.382369144e+01
2.2371992393678395e+15 1.884000000e-02 1.885000000e-02 9.867562028e+05 4.145221607e+33 -4.889618016e-01 4.145335980e+33 -1.571729563e-03 5.647699340e-03 -1.139266275e-12 3.481900652e+01
2.2351992393678395e+15 1.996000000e-02 1.997000000e-02 9.864874941e+05 4.143986250e+33 -4.889425187e-01 4.144113378e+33 -1.656532409e-03 5.955909663e-03 -1.249339845e-12 3.083849568e+01
2.2331992393678395e+15 2.103000000e-02 2.104000000e-02 9.871296786e+05 4.142731965e+33 -4.881519590e-01 4.142870260e+33 -1.730014286e-03 6.201564658e-03 -2.279528745e-12 3.282919283e+01
2.2311992393678395e+15 2.206000000e-02 2.207000000e-02 9.872750920e+05 4.141459616e+33 -4.877768400e-01 4.141609407e+33 -1.801375362e-03 6.449690767e-03 -1.796680321e-12 3.183424835e+01
2.2291992393678395e+15 2.307000000e-02 2.308000000e-02 9.876260799e+05 4.140163921e+33 -4.872256347e-01 4.140324621e+33 -1.867325887e-03 6.673140825e-03 -1.341284155e-12 3.083948373e+01
2.2271992393678395e+15 2.407000000e-02 2.408000000e-02 9.884647122e+05 4.138829828e+33 -4.862619420e-01 4.139000268e+33 -1.926212875e-03 6.858122683e-03 -1.078771157e-12 3.183525899e+01
2.2251992393678395e+15 2.507000000e-02 2.508000000e-02 9.885277781e+05 4.137452473e+33 -4.859363883e-01 4.137633711e+33 -1.986937499e-03 7.068455833e-03 -1.449528125e-12 3.183529880e+01
2.2231992393678395e+15 2.610000000e-02 2.611000000e-02 9.887799193e+05 4.135997086e+33 -4.854389734e-01 4.136188596e+33 -2.043865975e-03 7.259214131e-03 -1.213559091e-12 2.984541289e+01
2.2211992393678395e+15 2.724000000e-02 2.725000000e-02 9.881097891e+05 4.134385450e+33 -4.856759405e-01 4.134589337e+33 -2.107109366e-03 7.496862268e-03 -3.904593914e-13 3.283001222e+01
3.8530000000000000e+15 1.630000000e-03 1.640000000e-03 9.070766130e+05 4.204905625e+33 -5.831483246e-01 4.204905896e+33 6.679675287e-05 -3.457395098e-04 -1.399546762e-12 3.077101434e+01
3.8510000000000000e+15 3.000000000e-03 3.010000000e-03 9.075885294e+05 4.205096688e+33 -5.825759899e-01 4.205097611e+33 1.221245700e-04 -6.306942302e-04 -1.493931936e-12 2.878051843e+01
3.8490000000000000e+15 3.920000000e-03 3.930000000e-03 9.081280992e+05 4.205279353e+33 -5.819686059e-01 4.205280912e+33 1.586421262e-04 -8.173371739e-04 -1.235514643e-12 2.679006332e+01
3.8470000000000000e+15 4.660000000e-03 4.670000000e-03 9.079146371e+05 4.205461892e+33 -5.822752864e-01 4.205464092e+33 1.882497749e-04 -9.709267388e-04 -2.010011800e-12 2.678988744e+01
3.8450000000000000e+15 5.300000000e-03 5.310000000e-03 9.075699775e+05 4.205646902e+33 -5.827427484e-01 4.205649746e+33 2.138550569e-04 -1.104944779e-03 -7.227412500e-13 2.778505547e+01
3.8430000000000000e+15 5.870000000e-03 5.880000000e-03 9.078526712e+05 4.205828609e+33 -5.824471123e-01 4.205832065e+33 2.358113167e-04 -1.216961867e-03 -1.466390666e-12 2.778530915e+01
3.8410000000000000e+15 6.380000000e-03 6.390000000e-03 9.081076211e+05 4.206016301e+33 -5.821864801e-01 4.206020347e+33 2.552783680e-04 -1.315562233e-03 -1.772892273e-12 2.579459212e+01
3.8390000000000000e+15 6.870000000e-03 6.880000000e-03 9.075156781e+05 4.206196221e+33 -5.829530976e-01 4.206200923e+33 2.748091303e-04 -1.420777172e-03 -1.286193981e-11 3.375776131e+01
3.8370000000000000e+15 7.310000000e-03 7.320000000e-03 9.082952748e+05 4.206377709e+33 -5.820535311e-01 4.206382945e+33 2.904357531e-04 -1.495698440e-03 -1.764712599e-12 2.778567672e+01
3.8350000000000000e+15 7.740000000e-03 7.750000000e-03 9.083637242e+05 4.206560988e+33 -5.820185480e-01 4.206566814e+33 3.063756353e-04 -1.577840271e-03 -1.644101420e-12 2.380390184e+01
3.8330000000000000e+15 8.140000000e-03 8.150000000e-03 9.086683232e+05 4.206747860e+33 -5.816985461e-01 4.206754238e+33 3.207053430e-04 -1.649251735e-03 -1.180881435e-12 2.380417027e+01
3.8310000000000000e+15 8.520000000e-03 8.530000000e-03 9.083993465e+05 4.206930192e+33 -5.820721804e-01 4.206937161e+33 3.350839818e-04 -1.725247608e-03 -7.851433740e-13 2.778576975e+01
3.8290000000000000e+15 8.890000000e-03 8.900000000e-03 9.089699467e+05 4.207115604e+33 -5.814298583e-01 4.207123081e+33 3.474110456e-04 -1.784236769e-03 -8.293567139e-13 2.579534368e+01
3.8270000000000000e+15 9.250000000e-03 9.260000000e-03 9.087995163e+05 4.207296441e+33 -5.816834200e-01 4.207304497e+33 3.604401265e-04 -1.853342388e-03 -9.999979405e-13 2.280883817e+01
3.8250000000000000e+15 9.590000000e-03 9.600000000e-03 9.086568238e+05 4.207485371e+33 -5.819054877e-01 4.207493987e+33 3.726637652e-04 -1.917425302e-03 -7.813633788e-13 2.280870295e+01
3.8230000000000000e+15 9.920000000e-03 9.930000000e-03 9.089882960e+05 4.207670638e+33 -5.815525239e-01 4.207679748e+33 3.834433796e-04 -1.969818597e-03 -1.458064986e-12 2.280899958e+01
3.8210000000000000e+15 1.024000000e-02 1.025000000e-02 9.090012288e+05 4.207860924e+33 -5.815866550e-01 4.207870558e+33 3.943181991e-04 -2.025547360e-03 -1.233971017e-12 2.778628444e+01
3.8190000000000000e+15 1.056000000e-02 1.057000000e-02 9.090279159e+05 4.208047034e+33 -5.816033785e-01 4.208057192e+33 4.048441341e-04 -2.080282087e-03 -1.150368859e-12 2.181358522e+01
3.8170000000000000e+15 1.087000000e-02 1.088000000e-02 9.090455818e+05 4.208229657e+33 -5.816296394e-01 4.208240328e+33 4.148924554e-04 -2.132393821e-03 -1.375380220e-12 2.977721640e+01
3.8150000000000000e+15 1.116000000e-02 1.117000000e-02 9.094260733e+05 4.208414880e+33 -5.812177680e-01 4.208425980e+33 4.235571781e-04 -2.171982646e-03 -1.569872303e-12 2.679119752e+01
3.8130000000000000e+15 1.146000000e-02 1.147000000e-02 9.092523528e+05 4.208604479e+33 -5.814776072e-01 4.208616106e+33 4.332508965e-04 -2.224475025e-03 -1.011196340e-12 2.181378585e+01
3.8110000000000000e+15 1.175000000e-02 1.176000000e-02 9.093544520e+05 4.208790452e+33 -5.814025465e-01 4.208802544e+33 4.419062051e-04 -2.268043677e-03 -8.109408060e-13 2.181386948e+01
3.8090000000000000e+15 1.204000000e-02 1.205000000e-02 9.093872232e+05 4.208983181e+33 -5.814133025e-01 4.208995744e+33 4.503926039e-04 -2.312138056e-03 -1.025278383e-12 3.077296609e+01
3.8070000000000000e+15 1.232000000e-02 1.233000000e-02 9.099679442e+05 4.209173236e+33 -5.807616405e-01 4.209186153e+33 4.572073926e-04 -2.340521209e-03 -1.473565506e-12 2.181441959e+01
3.8050000000000000e+15 1.260000000e-02 1.261000000e-02 9.095871722e+05 4.209372289e+33 -5.812733988e-01 4.209385726e+33 4.659746029e-04 -2.389679120e-03 -9.049604252e-13 2.081862585e+01
3.8030000000000000e+15 1.288000000e-02 1.289000000e-02 9.106118018e+05 4.209561615e+33 -5.800878420e-01 4.209575297e+33 4.710968129e-04 -2.404307197e-03 -1.121096207e-12 2.181499964e+01
3.8010000000000000e+15 1.317000000e-02 1.318000000e-02 9.100631195e+05 4.209761826e+33 -5.808003609e-01 4.209776048e+33 4.797313697e-04 -2.455792385e-03 -1.329055717e-12 2.181450576e+01
3.7990000000000000e+15 1.346000000e-02 1.347000000e-02 9.101181241e+05 4.209964699e+33 -5.807872358e-01 4.209979331e+33 4.866335400e-04 -2.490665679e-03 -1.101520359e-12 2.181456386e+01
3.7970000000000000e+15 1.376000000e-02 1.377000000e-02 9.101647076e+05 4.210177218e+33 -5.807863591e-01 4.210192251e+33 4.933405062e-04 -2.524075163e-03 -1.753586069e-12 2.181459619e+01
