1.0154000000000000e+15 4.570000000e-03 4.580000000e-03 1.174269857e+06 2.855640826e+33 -2.240620154e-01 2.855661834e+33 1.178792691e-03 -1.697037842e-03 -1.725464322e-12 5.783961742e+01
1.0174000000000000e+15 4.282000000e-02 4.283000000e-02 1.173508081e+06 2.804953210e+33 -2.193172367e-01 2.806642572e+33 1.069221305e-02 -1.524413314e-02 -1.697311928e-12 6.082146063e+01
1.0194000000000000e+15 5.571000000e-02 5.572000000e-02 1.168795575e+06 2.769294002e+33 -2.169638106e-01 2.772030934e+33 1.364163699e-02 -1.944795198e-02 -9.032890595e-13 5.087659101e+01
1.0214000000000000e+15 6.356000000e-02 6.357000000e-02 1.168602722e+06 2.743212120e+33 -2.144840111e-01 2.746579459e+33 1.522886141e-02 -2.159424016e-02 -1.315122938e-12 4.888814520e+01
1.0234000000000000e+15 6.892000000e-02 6.893000000e-02 1.167465741e+06 2.723792271e+33 -2.128691737e-01 2.727590476e+33 1.622953031e-02 -2.295791104e-02 -1.458638027e-12 4.789312901e+01
1.0254000000000000e+15 7.275000000e-02 7.276000000e-02 1.165938138e+06 2.709458824e+33 -2.118335005e-01 2.713558670e+33 1.688865688e-02 -2.387398940e-02 -9.180565763e-13 4.689777237e+01
1.0274000000000000e+15 7.550000000e-02 7.551000000e-02 1.167222421e+06 2.699331995e+33 -2.105671982e-01 2.703570034e+33 1.724849764e-02 -2.427805822e-02 -9.410918640e-13 4.491043349e+01
2.5491560378569990e+15 3.640000000e-03 3.650000000e-03 1.022291247e+06 4.063986082e+33 -4.463060701e-01 4.063989016e+33 -2.710084617e-04 8.279022426e-04 -1.335006344e-12 3.882804765e+01
2.5471560378569990e+15 6.310000000e-03 6.320000000e-03 1.023216274e+06 4.063660036e+33 -4.455975670e-01 4.063668721e+33 -4.668679625e-04 1.421555750e-03 -1.208427286e-12 3.584415578e+01
2.5451560378569990e+15 8.150000000e-03 8.160000000e-03 1.022264987e+06 4.063333202e+33 -4.462091928e-01 4.063347728e+33 -6.028691945e-04 1.841285548e-03 -1.357957634e-12 3.584336758e+01
2.5431560378569990e+15 9.660000000e-03 9.670000000e-03 1.023189632e+06 4.062992835e+33 -4.454987231e-01 4.063012936e+33 -7.102464634e-04 2.162336971e-03 -7.837334236e-13 3.484925491e+01
2.5411560378569990e+15 1.096000000e-02 1.097000000e-02 1.023933609e+06 4.062661190e+33 -4.449183339e-01 4.062686718e+33 -8.014190045e-04 2.433435886e-03 -1.029221434e-12 3.385498764e+01
2.5391560378569990e+15 1.212000000e-02 1.213000000e-02 1.023733360e+06 4.062319529e+33 -4.449988073e-01 4.062350597e+33 -8.838993806e-04 2.685111515e-03 -8.135874448e-13 3.385481035e+01
2.5371560378569990e+15 1.319000000e-02 1.320000000e-02 1.023510354e+06 4.061985232e+33 -4.450961308e-01 4.062021847e+33 -9.592570647e-04 2.915859236e-03 -1.013407357e-12 3.186486668e+01
2.5351560378569990e+15 1.418000000e-02 1.419000000e-02 1.024627764e+06 4.061631743e+33 -4.442523853e-01 4.061673321e+33 -1.024134115e-03 3.100854400e-03 -8.750712705e-13 3.684021421e+01
2.5331560378569990e+15 1.512000000e-02 1.513000000e-02 1.023407789e+06 4.061285881e+33 -4.450450816e-01 4.061333328e+33 -1.091847823e-03 3.319510855e-03 -1.741875036e-13 3.285966974e+01
2.5311560378569990e+15 1.600000000e-02 1.601000000e-02 1.024213347e+06 4.060931462e+33 -4.444188058e-01 4.060983784e+33 -1.148166770e-03 3.480676404e-03 -7.823125913e-13 3.186545420e+01
2.5291560378569990e+15 1.684000000e-02 1.685000000e-02 1.024789383e+06 4.060578258e+33 -4.439548780e-01 4.060635442e+33 -1.201541655e-03 3.634746531e-03 -6.548773949e-13 3.186594344e+01
2.5271560378569990e+15 1.765000000e-02 1.766000000e-02 1.024911098e+06 4.060221265e+33 -4.438067978e-01 4.060283470e+33 -1.253478956e-03 3.790000369e-03 -1.933385931e-12 3.286092762e+01
2.5251560378569990e+15 1.843000000e-02 1.844000000e-02 1.025939338e+06 4.059863619e+33 -4.430286083e-01 4.059930196e+33 -1.299024167e-03 3.913710630e-03 -9.817267608e-13 3.186690977e+01
2.5231560378569990e+15 1.918000000e-02 1.919000000e-02 1.025675159e+06 4.059489383e+33 -4.431465954e-01 4.059560994e+33 -1.346849269e-03 4.060060616e-03 -1.743261666e-12 3.385644010e+01
2.5211560378569990e+15 1.992000000e-02 1.993000000e-02 1.026213489e+06 4.059117894e+33 -4.427079605e-01 4.059193979e+33 -1.389543461e-03 4.180874191e-03 -1.071464002e-12 3.087228147e+01
2.5191560378569990e+15 2.064000000e-02 2.065000000e-02 1.025943945e+06 4.058735765e+33 -4.428280847e-01 4.058816784e+33 -1.433411739e-03 4.315766575e-03 -1.182549601e-12 3.385666934e+01
2.5171560378569990e+15 2.136000000e-02 2.137000000e-02 1.025885194e+06 4.058346683e+33 -4.428016204e-01 4.058432487e+33 -1.474932522e-03 4.441921582e-03 -1.547113791e-11 3.186689449e+01
2.5151560378569990e+15 2.206000000e-02 2.207000000e-02 1.026476862e+06 4.057964160e+33 -4.423237848e-01 4.058054063e+33 -1.511455202e-03 4.541341497e-03 -1.297019382e-12 3.087250113e+01
2.5131560378569990e+15 2.277000000e-02 2.278000000e-02 1.026035877e+06 4.057551992e+33 -4.425581909e-01 4.057646847e+33 -1.551487338e-03 4.667850707e-03 -6.349393999e-12 3.186699578e+01
2.5111560378569990e+15 2.349000000e-02 2.350000000e-02 1.027342571e+06 4.057129526e+33 -4.415794186e-01 4.057227715e+33 -1.582007780e-03 4.738064856e-03 -1.522098802e-12 3.186810645e+01
2.5091560378569990e+15 2.425000000e-02 2.426000000e-02 1.027970646e+06 4.056686439e+33 -4.410692990e-01 4.056788554e+33 -1.614998520e-03 4.826620500e-03 -1.060593314e-12 3.286351217e+01
