2.8866540000000000e+15 2.000000000e-03 9.985620500e+05 4.073674949e+33 4.828843323e+33 1.900442655e+45 6.860300871e-01 4.861142937e+00
2.8866540000000000e+15 3.160000000e-03 9.995031428e+05 4.073657322e+33 4.828815947e+33 1.900063693e+45 6.860213921e-01 4.862050851e+00
2.8866537000000000e+15 3.010000000e-03 9.989122817e+05 4.073665000e+33 4.828828536e+33 1.898912463e+45 6.860257336e-01 4.865029294e+00
2.8866537000000000e+15 6.070000000e-03 9.989456587e+05 4.073575104e+33 4.828699964e+33 1.899809727e+45 6.859807696e-01 4.862412867e+00
2.8867000000000000e+15 3.054000000e-02 9.987550473e+05 4.070445661e+33 4.823699128e+33 1.897369036e+45 6.843820645e-01 4.857321038e+00
2.8870000000000000e+15 4.859000000e-02 9.999503339e+05 4.065534894e+33 4.815877375e+33 1.895169194e+45 6.819139818e-01 4.845421975e+00
2.8876549522847970e+15 6.181000000e-02 1.000500046e+06 4.060635468e+33 4.808086905e+33 1.892259319e+45 6.795110233e-01 4.835772392e+00
2.8886549522847970e+15 7.188000000e-02 1.001869078e+06 4.056232220e+33 4.801099072e+33 1.889652966e+45 6.774149685e-01 4.827505009e+00
2.8896549522847970e+15 7.826000000e-02 1.001434134e+06 4.053175732e+33 4.796250551e+33 1.888084440e+45 6.760043900e-01 4.821454813e+00
2.8906549522847970e+15 8.295000000e-02 1.001325333e+06 4.050812738e+33 4.792500762e+33 1.886643741e+45 6.749452579e-01 4.817576825e+00
2.8916549522847970e+15 8.665000000e-02 1.002385820e+06 4.048903659e+33 4.789483767e+33 1.886373178e+45 6.741174280e-01 4.812358138e+00
2.8926549522847970e+15 8.969000000e-02 1.002267574e+06 4.047292775e+33 4.786923132e+33 1.886568627e+45 6.734382293e-01 4.807011447e+00
2.8936549522847970e+15 9.226000000e-02 1.004026799e+06 4.045934810e+33 4.784778041e+33 1.885576722e+45 6.728886909e-01 4.805615491e+00
2.8946549522847970e+15 9.448000000e-02 1.002996762e+06 4.044747114e+33 4.782898368e+33 1.885352480e+45 6.724237148e-01 4.802865920e+00
2.8956549522847970e+15 9.643000000e-02 1.002579314e+06 4.043711409e+33 4.781266374e+33 1.884732857e+45 6.720358063e-01 4.801673312e+00
2.8966549522847970e+15 9.814000000e-02 1.002863177e+06 4.042775782e+33 4.779769712e+33 1.884611118e+45 6.716946201e-01 4.799545562e+00
2.8976549522847970e+15 9.967000000e-02 1.002742293e+06 4.041969244e+33 4.778499019e+33 1.883772518e+45 6.714212151e-01 4.799727711e+00
2.8986549522847970e+15 1.010400000e-01 1.004044189e+06 4.041243734e+33 4.777347521e+33 1.883684513e+45 6.711870040e-01 4.798277592e+00
2.8996549522847970e+15 1.022700000e-01 1.003384053e+06 4.040595870e+33 4.776318634e+33 1.884250659e+45 6.709912348e-01 4.795436770e+00
2.9006549522847970e+15 1.033900000e-01 1.003692768e+06 4.040030172e+33 4.775432455e+33 1.883359157e+45 6.708382831e-01 4.796613094e+00
2.9016549522847970e+15 1.044000000e-01 1.003751608e+06 4.039519950e+33 4.774630530e+33 1.883169074e+45 6.707118126e-01 4.796192876e+00
2.9026549522847970e+15 1.053100000e-01 1.004207999e+06 4.039064471e+33 4.773905095e+33 1.884014930e+45 6.706118697e-01 4.793325193e+00
2.9036549522847970e+15 1.061400000e-01 1.005487766e+06 4.038670765e+33 4.773293186e+33 1.883549227e+45 6.705440852e-01 4.794025707e+00
2.9046549522847970e+15 1.068900000e-01 1.004049412e+06 4.038317430e+33 4.772735739e+33 1.883031559e+45 6.704949406e-01 4.794992190e+00
2.9056549522847970e+15 1.075600000e-01 1.003510475e+06 4.038015779e+33 4.772256784e+33 1.881705520e+45 6.704714354e-01 4.798203011e+00
