2.1292688947641300e+15 1.130000000e-05 1.140000000e-05 1.130370076e+06 4.881195640e+33 -5.117136796e-01 4.885191069e+33 1.464694195e-02 1.263111540e-02 -1.653685484e-12 5.187341489e+00
2.1192688947641300e+15 1.280000000e-05 1.290000000e-05 1.130847682e+06 4.878376634e+33 -5.106175103e-01 4.883126525e+33 1.611562702e-02 1.373643862e-02 -1.163577520e-12 5.187718079e+00
2.1092688947641300e+15 1.430000000e-05 1.440000000e-05 1.131231278e+06 4.875481979e+33 -5.095808219e-01 4.880994355e+33 1.747858873e-02 1.476707746e-02 -2.229670801e-12 5.093673170e+00
2.0992688947641300e+15 1.580000000e-05 1.590000000e-05 1.131361593e+06 4.872523611e+33 -5.087333654e-01 4.878865786e+33 1.874522102e-02 1.582553444e-02 -1.848036100e-12 5.093777053e+00
2.0892688947641300e+15 1.730000000e-05 1.740000000e-05 1.130920105e+06 4.869545953e+33 -5.083360670e-01 4.876942425e+33 1.991268657e-02 1.712647850e-02 -3.542388340e-12 5.376482941e+00
2.0792688947641300e+15 1.890000000e-05 1.900000000e-05 1.131765148e+06 4.866263469e+33 -5.068521912e-01 4.874230696e+33 2.113399143e-02 1.768845610e-02 -1.219214059e-12 5.094095005e+00
2.0692688947641300e+15 2.040000000e-05 2.050000000e-05 1.132212565e+06 4.863315603e+33 -5.057738845e-01 4.871926379e+33 2.214571740e-02 1.834620144e-02 -1.565942295e-12 5.188786759e+00
2.0592688947641300e+15 2.200000000e-05 2.210000000e-05 1.132582445e+06 4.860100651e+33 -5.046938502e-01 4.869391876e+33 2.318861710e-02 1.901520811e-02 -1.310757572e-12 5.094740120e+00
2.0492688947641300e+15 2.370000000e-05 2.380000000e-05 1.132980649e+06 4.856613503e+33 -5.035287066e-01 4.866553346e+33 2.425954978e-02 1.961699675e-02 -1.802751598e-12 5.378053624e+00
2.0392688947641300e+15 2.530000000e-05 2.540000000e-05 1.133089025e+06 4.853550997e+33 -5.027028181e-01 4.864263037e+33 2.513348047e-02 2.035090454e-02 -1.163597539e-12 5.000802541e+00
2.0292688947641300e+15 2.700000000e-05 2.710000000e-05 1.133506793e+06 4.850235832e+33 -5.015780786e-01 4.861514744e+33 2.604193976e-02 2.083132148e-02 -1.761546824e-12 5.189800020e+00
2.0192688947641300e+15 2.880000000e-05 2.890000000e-05 1.133732117e+06 4.846702812e+33 -5.005523600e-01 4.858660928e+33 2.696967340e-02 2.141276225e-02 -1.529756304e-12 4.906985694e+00
2.0092688947641300e+15 3.060000000e-05 3.070000000e-05 1.134020043e+06 4.843279313e+33 -4.995131611e-01 4.855842992e+33 2.781819605e-02 2.190909737e-02 -1.560221789e-12 5.095874655e+00
1.9992688947641300e+15 3.250000000e-05 3.260000000e-05 1.134387863e+06 4.839648671e+33 -4.983658323e-01 4.852720227e+33 2.868805865e-02 2.229617500e-02 -1.572110566e-12 4.907510290e+00
1.9892688947641300e+15 3.440000000e-05 3.450000000e-05 1.134881775e+06 4.836169710e+33 -4.971670825e-01 4.849607481e+33 2.948149971e-02 2.255012654e-02 -1.217623430e-12 5.190872978e+00
1.9792688947641300e+15 3.640000000e-05 3.650000000e-05 1.135037643e+06 4.832475657e+33 -4.961803903e-01 4.846547117e+33 3.028379951e-02 2.304339585e-02 -1.244761646e-12 5.096672500e+00
1.9692688947641300e+15 3.860000000e-05 3.870000000e-05 1.135485403e+06 4.828421206e+33 -4.948886293e-01 4.842823355e+33 3.114374346e-02 2.325504503e-02 -1.580155786e-12 5.002709444e+00
1.9592688947641300e+15 4.090000000e-05 4.100000000e-05 1.135810234e+06 4.824283076e+33 -4.936791855e-01 4.839106154e+33 3.198005961e-02 2.354748969e-02 -1.747024696e-12 5.002977609e+00
1.9492688947641300e+15 4.320000000e-05 4.330000000e-05 1.135906492e+06 4.820365081e+33 -4.927056325e-01 4.835892413e+33 3.272067489e-02 2.406926808e-02 -1.257286474e-12 5.097367079e+00
1.9392688947641300e+15 4.570000000e-05 4.580000000e-05 1.136343539e+06 4.815970380e+33 -4.913617717e-01 4.831675357e+33 3.354954414e-02 2.415404999e-02 -1.773323802e-12 4.909072120e+00
1.9292688947641300e+15 4.820000000e-05 4.830000000e-05 1.136084788e+06 4.811821227e+33 -4.906126034e-01 4.828628288e+33 3.426875240e-02 2.497552240e-02 -7.251702437e-13 5.003185805e+00
1.9192688947641300e+15 5.090000000e-05 5.100000000e-05 1.137738040e+06 4.807221960e+33 -4.883237918e-01 4.822408147e+33 3.510467308e-02 2.367318474e-02 -6.368503617e-13 5.476015497e+00
1.9092688947641300e+15 5.360000000e-05 5.370000000e-05 1.137369934e+06 4.802897303e+33 -4.876255555e-01 4.819252659e+33 3.579835472e-02 2.453423419e-02 -1.637365523e-12 4.909894541e+00
1.8992688947641300e+15 5.640000000e-05 5.650000000e-05 1.137343337e+06 4.798515409e+33 -4.866658492e-01 4.815587527e+33 3.648471988e-02 2.503498341e-02 -7.290808105e-13 5.004191397e+00
1.8892688947641300e+15 5.940000000e-05 5.950000000e-05 1.138220514e+06 4.793715702e+33 -4.849383349e-01 4.809900734e+33 3.725055451e-02 2.436884452e-02 -1.037676118e-12 5.099178092e+00
1.8792688947641300e+15 6.240000000e-05 6.250000000e-05 1.137957481e+06 4.789238197e+33 -4.841452219e-01 4.806471293e+33 3.789331919e-02 2.509994145e-02 -1.538030038e-12 5.004677584e+00
1.8692688947641300e+15 6.560000000e-05 6.570000000e-05 1.138377856e+06 4.784380862e+33 -4.827607903e-01 4.801347321e+33 3.860206179e-02 2.490122179e-02 -1.105003170e-12 4.910700157e+00
1.8592688947641300e+15 6.890000000e-05 6.900000000e-05 1.138700280e+06 4.779511461e+33 -4.814555271e-01 4.796331544e+33 3.928193606e-02 2.479733417e-02 -1.330103329e-12 4.910959382e+00
1.8492688947641300e+15 7.230000000e-05 7.240000000e-05 1.139493239e+06 4.774644894e+33 -4.798174930e-01 4.790401798e+33 3.994537706e-02 2.408743611e-02 -1.350753897e-12 4.911594591e+00
1.8392688947641300e+15 7.590000000e-05 7.600000000e-05 1.139192937e+06 4.769450224e+33 -4.789054142e-01 4.785996102e+33 4.061827616e-02 2.463048621e-02 -8.566467462e-13 5.288554998e+00
1.8292688947641300e+15 7.970000000e-05 7.980000000e-05 1.139987300e+06 4.764175499e+33 -4.771919725e-01 4.779366971e+33 4.129661998e-02 2.377341610e-02 -1.299759600e-12 5.760663609e+00
1.8192688947641300e+15 8.370000000e-05 8.380000000e-05 1.139441517e+06 4.758835412e+33 -4.764480311e-01 4.775497848e+33 4.191892822e-02 2.473703680e-02 -6.460021096e-13 4.911556860e+00
1.8092688947641300e+15 8.790000000e-05 8.800000000e-05 1.140155688e+06 4.753269916e+33 -4.747487005e-01 4.768543485e+33 4.258456544e-02 2.389069557e-02 -8.553352759e-13 4.817823415e+00
1.7992688947641300e+15 9.230000000e-05 9.240000000e-05 1.140662494e+06 4.747509705e+33 -4.731635482e-01 4.761604211e+33 4.325209682e-02 2.321198548e-02 -1.303322663e-12 5.006827484e+00
1.7892688947641300e+15 9.680000000e-05 9.690000000e-05 1.140851008e+06 4.741914835e+33 -4.718595537e-01 4.755701443e+33 4.385750275e-02 2.307041047e-02 -8.118160276e-13 5.006981461e+00
1.7792688947641300e+15 1.016000000e-04 1.017000000e-04 1.141911830e+06 4.735831947e+33 -4.698294683e-01 4.746673006e+33 4.453799217e-02 2.138992878e-02 -1.202965974e-12 5.007812439e+00
1.7692688947641300e+15 1.065000000e-04 1.066000000e-04 1.141426641e+06 4.729948124e+33 -4.689547059e-01 4.741854596e+33 4.512398943e-02 2.208969147e-02 -1.050046346e-12 4.913141313e+00
1.7592688947641300e+15 1.116000000e-04 1.117000000e-04 1.142371417e+06 4.723962117e+33 -4.670603601e-01 4.733175682e+33 4.573259210e-02 2.060888005e-02 -7.713579664e-13 5.385360370e+00
1.7492688947641300e+15 1.170000000e-04 1.171000000e-04 1.143292808e+06 4.717560370e+33 -4.650997816e-01 4.723533737e+33 4.637859168e-02 1.887959403e-02 -7.536860943e-13 4.914636600e+00
1.7392688947641300e+15 1.225000000e-04 1.226000000e-04 1.143012087e+06 4.711429535e+33 -4.640540289e-01 4.717750138e+33 4.693367239e-02 1.918148751e-02 -1.185005269e-12 6.328714312e+00
1.7292688947641300e+15 1.283000000e-04 1.284000000e-04 1.143393521e+06 4.704937289e+33 -4.624755430e-01 4.709330883e+33 4.753081606e-02 1.823741866e-02 -2.022456318e-12 5.008991716e+00
1.7192688947641300e+15 1.344000000e-04 1.345000000e-04 1.143468375e+06 4.698126482e+33 -4.610435348e-01 4.701008675e+33 4.814546475e-02 1.755825227e-02 -1.678330080e-12 5.480456278e+00
1.7092688947641300e+15 1.406000000e-04 1.407000000e-04 1.143415171e+06 4.691645354e+33 -4.597921057e-01 4.693943644e+33 4.868357778e-02 1.736804220e-02 -1.328864865e-12 4.914732136e+00
1.6992688947641300e+15 1.471000000e-04 1.472000000e-04 1.144183093e+06 4.684902603e+33 -4.579331999e-01 4.683733511e+33 4.924732307e-02 1.566171521e-02 -1.555554598e-12 5.009630616e+00
1.6892688947641300e+15 1.542000000e-04 1.543000000e-04 1.144568079e+06 4.677660128e+33 -4.562461029e-01 4.673858281e+33 4.982856236e-02 1.444645837e-02 -2.028092690e-12 5.104206920e+00
1.6792688947641300e+15 1.616000000e-04 1.617000000e-04 1.144634252e+06 4.670299958e+33 -4.547667927e-01 4.664848820e+33 5.039337302e-02 1.377049179e-02 -4.529393084e-12 5.292874864e+00
1.6692688947641300e+15 1.694000000e-04 1.695000000e-04 1.144558976e+06 4.662537605e+33 -4.532894973e-01 4.654962654e+33 5.098922168e-02 1.288273895e-02 -1.912359750e-11 5.104217238e+00
1.6592688947641300e+15 1.774000000e-04 1.775000000e-04 1.145072408e+06 4.655021598e+33 -4.515005949e-01 4.643960943e+33 5.153074101e-02 1.130509187e-02 -1.162964036e-12 4.916057926e+00
1.6492688947641300e+15 1.858000000e-04 1.859000000e-04 1.145764914e+06 4.647170919e+33 -4.495372367e-01 4.631384510e+33 5.208801443e-02 9.161766817e-03 -2.125801741e-12 4.916606398e+00
1.6392688947641300e+15 1.945000000e-04 1.946000000e-04 1.145860185e+06 4.639333313e+33 -4.479859615e-01 4.620970641e+33 5.261172431e-02 8.108304394e-03 -1.083105029e-12 4.916688148e+00
1.6292688947641300e+15 2.036000000e-04 2.037000000e-04 1.146165216e+06 4.631247452e+33 -4.462585597e-01 4.609120301e+33 5.314106180e-02 6.507218782e-03 -1.275151735e-12 4.916932173e+00
1.6192688947641300e+15 2.131000000e-04 2.132000000e-04 1.146491583e+06 4.622960669e+33 -4.444902915e-01 4.596612608e+33 5.366799897e-02 4.723382103e-03 -1.093605324e-12 4.917183912e+00
1.6092688947641300e+15 2.229000000e-04 2.230000000e-04 1.147179313e+06 4.614798025e+33 -4.425394433e-01 4.583292626e+33 5.415562565e-02 2.506889909e-03 -1.174988269e-12 5.106275618e+00
1.5992688947641300e+15 2.332000000e-04 2.333000000e-04 1.147710916e+06 4.606214470e+33 -4.406159660e-01 4.569216869e+33 5.466169875e-02 1.977147932e-04 -1.383640649e-12 4.918168733e+00
1.5892688947641300e+15 2.439000000e-04 2.440000000e-04 1.147599033e+06 4.597542201e+33 -4.390957182e-01 4.557342355e+33 5.515102294e-02 -1.011319798e-03 -1.918538220e-12 4.823816858e+00
1.5792688947641300e+15 2.550000000e-04 2.551000000e-04 1.148226056e+06 4.588817884e+33 -4.371231623e-01 4.542710910e+33 5.561827497e-02 -3.458030334e-03 -1.526633215e-12 4.918581596e+00
1.5692688947641300e+15 2.667000000e-04 2.668000000e-04 1.148436636e+06 4.579759622e+33 -4.353591576e-01 4.528766705e+33 5.608998778e-02 -5.385192885e-03 -1.462436355e-12 4.918749309e+00
1.5592688947641300e+15 2.794000000e-04 2.795000000e-04 1.148929037e+06 4.570106853e+33 -4.333309673e-01 4.512591277e+33 5.657170695e-02 -8.008409477e-03 -1.458906235e-12 4.824881837e+00
1.5492688947641300e+15 2.926000000e-04 2.927000000e-04 1.148604026e+06 4.560420033e+33 -4.318105544e-01 4.499565259e+33 5.703626074e-02 -9.170511713e-03 -3.018449914e-13 4.918884561e+00
1.5392688947641300e+15 3.064000000e-04 3.065000000e-04 1.149081252e+06 4.550464173e+33 -4.297711936e-01 4.482686437e+33 5.748913518e-02 -1.190806682e-02 -5.421538284e-13 5.013519833e+00
1.5292688947641300e+15 3.207000000e-04 3.208000000e-04 1.149635284e+06 4.540569897e+33 -4.277266330e-01 4.466183195e+33 5.790584795e-02 -1.449704400e-02 -1.475274026e-12 4.825454137e+00
1.5192688947641300e+15 3.357000000e-04 3.358000000e-04 1.151434660e+06 4.530259065e+33 -4.248976927e-01 4.443770731e+33 5.830381585e-02 -1.944524560e-02 -6.007710153e-13 4.826891482e+00
1.5092688947641300e+15 3.513000000e-04 3.514000000e-04 1.151149007e+06 4.519854846e+33 -4.232902289e-01 4.428776171e+33 5.871563935e-02 -2.105872124e-02 -1.554430658e-12 5.015172202e+00
1.4992688947641300e+15 3.675000000e-04 3.676000000e-04 1.151735630e+06 4.509423957e+33 -4.211998974e-01 4.411075039e+33 5.908282035e-02 -2.384401790e-02 -2.174642922e-12 4.732907563e+00
1.4892688947641300e+15 3.844000000e-04 3.845000000e-04 1.151638683e+06 4.498759731e+33 -4.194750979e-01 4.395064575e+33 5.945268611e-02 -2.576489473e-02 -8.228118011e-13 4.827065925e+00
