1.0128217649327210e+15 1.530000000e-05 1.540000000e-05 1.329435109e+06 4.068229895e+33 -3.028268074e-01 4.068985214e+33 5.454951817e-03 1.847836170e-03 -6.909214692e-13 6.277108224e+00
1.0028217649327210e+15 2.850000000e-05 2.860000000e-05 1.330691231e+06 4.036445287e+33 -2.988211731e-01 4.038017288e+33 9.471690701e-03 2.642507974e-03 -1.293302560e-12 5.998031514e+00
9.9282176493272100e+14 3.930000000e-05 3.940000000e-05 1.330610534e+06 4.004388364e+33 -2.952376069e-01 4.006156428e+33 1.217874054e-02 2.875480046e-03 -1.114100606e-12 5.904622511e+00
9.8282176493272100e+14 4.990000000e-05 5.000000000e-05 1.328790087e+06 3.971455194e+33 -2.921050969e-01 3.973304780e+33 1.441180510e-02 3.064920409e-03 -1.808088852e-13 5.903300324e+00
9.7282176493272100e+14 6.050000000e-05 6.060000000e-05 1.328472841e+06 3.938317141e+33 -2.885259310e-01 3.939103186e+33 1.628599369e-02 2.720408921e-03 -2.004721200e-12 6.369779357e+00
9.6282176493272100e+14 7.170000000e-05 7.180000000e-05 1.327905674e+06 3.904353948e+33 -2.849539301e-01 3.903292760e+33 1.798993159e-02 2.141924910e-03 -1.926700929e-12 5.715858890e+00
9.5282176493272100e+14 8.350000000e-05 8.360000000e-05 1.328790676e+06 3.869870892e+33 -2.809423248e-01 3.865093102e+33 1.951705352e-02 9.362683130e-04 -8.446638101e-13 5.903253676e+00
9.4282176493272100e+14 9.600000000e-05 9.610000000e-05 1.324897186e+06 3.835024688e+33 -2.782882615e-01 3.829307688e+33 2.089373964e-02 8.929411089e-04 -7.087656066e-13 5.526796340e+00
9.3282176493272100e+14 1.094000000e-04 1.095000000e-04 1.324050709e+06 3.799620774e+33 -2.747296784e-01 3.789872889e+33 2.216831620e-02 -2.134277693e-04 -1.199712111e-12 5.619509638e+00
9.2282176493272100e+14 1.239000000e-04 1.240000000e-04 1.326160551e+06 3.763453031e+33 -2.703120242e-01 3.745631023e+33 2.335897596e-02 -2.544563771e-03 -4.669875224e-13 5.527766928e+00
9.1282176493272100e+14 1.395000000e-04 1.396000000e-04 1.324345915e+06 3.726788880e+33 -2.669548400e-01 3.703641607e+33 2.446931376e-02 -3.826460803e-03 -1.094512279e-12 5.713144431e+00
9.0282176493272100e+14 1.563000000e-04 1.564000000e-04 1.322866767e+06 3.689668540e+33 -2.634930885e-01 3.660195118e+33 2.549054470e-02 -5.344870056e-03 -9.975516854e-13 5.338445690e+00
8.9282176493272100e+14 1.745000000e-04 1.746000000e-04 1.322527194e+06 3.651887318e+33 -2.597036364e-01 3.613886335e+33 2.643977162e-02 -7.440831599e-03 -4.617744655e-12 5.431649823e+00
8.8282176493272100e+14 1.941000000e-04 1.942000000e-04 1.321500790e+06 3.613737265e+33 -2.560863558e-01 3.567063209e+33 2.731846317e-02 -9.485611830e-03 -6.237908140e-13 5.430770616e+00
8.7282176493272100e+14 2.154000000e-04 2.155000000e-04 1.321701466e+06 3.574825732e+33 -2.521338355e-01 3.517246262e+33 2.812287755e-02 -1.210275737e-02 -1.565201199e-12 5.430920788e+00
8.6282176493272100e+14 2.383000000e-04 2.384000000e-04 1.321855112e+06 3.535678932e+33 -2.482293446e-01 3.467099458e+33 2.884211974e-02 -1.469945615e-02 -1.941108374e-12 5.337658127e+00
8.5282176493272100e+14 2.632000000e-04 2.633000000e-04 1.322043140e+06 3.495717320e+33 -2.442914203e-01 3.415481118e+33 2.949742434e-02 -1.743797292e-02 -1.338736138e-12 5.431219485e+00
8.4282176493272100e+14 2.899000000e-04 2.900000000e-04 1.320624050e+06 3.455769926e+33 -2.407845483e-01 3.366175754e+33 3.009167518e-02 -1.953457776e-02 -1.168015960e-12 5.897042116e+00
8.3282176493272100e+14 3.188000000e-04 3.189000000e-04 1.321008193e+06 3.415226399e+33 -2.368638445e-01 3.314444488e+33 3.057825729e-02 -2.218525319e-02 -1.565670833e-12 5.803998567e+00
8.2282176493272100e+14 3.499000000e-04 3.500000000e-04 1.321297652e+06 3.374495512e+33 -2.330186806e-01 3.263526921e+33 3.096681946e-02 -2.464298446e-02 -7.572751620e-13 5.243760235e+00
