2.3641500000000000e+15 7.090000000e-03 7.100000000e-03 1.037171351e+06 4.045402726e+33 -4.328990543e-01 4.045408379e+33 1.375418608e-03 -2.644355724e-03 -8.013127422e-13 5.575194655e+01
2.3651500000000000e+15 3.824000000e-02 3.825000000e-02 1.036970238e+06 4.039022220e+33 -4.319628972e-01 4.039184287e+33 7.370177951e-03 -1.415321127e-02 -1.803325200e-12 5.077772393e+01
2.3661500000000000e+15 5.239000000e-02 5.240000000e-02 1.037171047e+06 4.033245068e+33 -4.308637651e-01 4.033544274e+33 1.003335763e-02 -1.923074030e-02 -1.577843238e-12 5.575194820e+01
2.3671500000000000e+15 6.253000000e-02 6.254000000e-02 1.036991342e+06 4.028025016e+33 -4.301103312e-01 4.028446101e+33 1.191257375e-02 -2.281154829e-02 -1.467198046e-12 5.774145672e+01
2.3681500000000000e+15 7.058000000e-02 7.059000000e-02 1.037099832e+06 4.023249872e+33 -4.292428230e-01 4.023778937e+33 1.337220108e-02 -2.556974418e-02 -1.692309432e-12 5.774151168e+01
2.3691500000000000e+15 7.726000000e-02 7.727000000e-02 1.037619830e+06 4.018875883e+33 -4.281739904e-01 4.019499229e+33 1.454967866e-02 -2.775889290e-02 -2.307697667e-12 5.276783881e+01
2.3701500000000000e+15 8.296000000e-02 8.297000000e-02 1.037900865e+06 4.014857440e+33 -4.273231895e-01 4.015566094e+33 1.553985909e-02 -2.959993482e-02 -1.789428054e-12 5.177323278e+01
2.3711500000000000e+15 8.793000000e-02 8.794000000e-02 1.038245695e+06 4.011139684e+33 -4.264824425e-01 4.011924627e+33 1.638441410e-02 -3.115603710e-02 -1.555106720e-12 5.376311258e+01
2.3721500000000000e+15 9.234000000e-02 9.235000000e-02 1.037970562e+06 4.007667303e+33 -4.260855682e-01 4.008525908e+33 1.713896118e-02 -3.258189362e-02 -1.321624403e-12 5.674733817e+01
2.3731500000000000e+15 9.626000000e-02 9.627000000e-02 1.038827604e+06 4.004476756e+33 -4.250035718e-01 4.005393443e+33 1.776192780e-02 -3.367639240e-02 -1.476133668e-12 5.177392803e+01
2.3741500000000000e+15 9.980000000e-02 9.981000000e-02 1.038172799e+06 4.001495650e+33 -4.249336522e-01 4.002477170e+33 1.836255030e-02 -3.483869863e-02 -1.422727784e-12 5.077862960e+01
2.3751500000000000e+15 1.030100000e-01 1.030200000e-01 1.037931153e+06 3.998712587e+33 -4.246299260e-01 3.999750794e+33 1.888693046e-02 -3.582761818e-02 -2.332984517e-11 5.077846176e+01
2.3761500000000000e+15 1.059400000e-01 1.059500000e-01 1.038510070e+06 3.996121054e+33 -4.238302447e-01 3.997203821e+33 1.932879467e-02 -3.659646795e-02 -1.035178855e-13 6.072687324e+01
2.3771500000000000e+15 1.086400000e-01 1.086500000e-01 1.038585739e+06 3.993691527e+33 -4.233796340e-01 3.994819556e+33 1.974507345e-02 -3.735491756e-02 -1.388372764e-12 5.077893513e+01
2.3781500000000000e+15 1.111100000e-01 1.111200000e-01 1.038255240e+06 3.991424880e+33 -4.232181697e-01 3.992598435e+33 2.013419771e-02 -3.809698295e-02 -1.148807406e-12 5.475793041e+01
2.3791500000000000e+15 1.133900000e-01 1.134000000e-01 1.038919409e+06 3.989314654e+33 -4.224451063e-01 3.990519960e+33 2.045031635e-02 -3.861941028e-02 -1.429448375e-12 5.575321456e+01
2.3801500000000000e+15 1.155200000e-01 1.155300000e-01 1.039190258e+06 3.987314258e+33 -4.219431467e-01 3.988552557e+33 2.075335601e-02 -3.914886858e-02 -1.590457910e-12 5.077939269e+01
2.3811500000000000e+15 1.174900000e-01 1.175000000e-01 1.039252272e+06 3.985447664e+33 -4.215969925e-01 3.986718243e+33 2.103548959e-02 -3.965735142e-02 -1.493713580e-12 5.077943920e+01
2.3821500000000000e+15 1.193200000e-01 1.193300000e-01 1.038976661e+06 3.983714005e+33 -4.214881068e-01 3.985018172e+33 2.130611977e-02 -4.017411210e-02 -1.435248648e-12 5.177403564e+01
2.3831500000000000e+15 1.210300000e-01 1.210400000e-01 1.039098833e+06 3.982086465e+33 -4.211430032e-01 3.983417400e+33 2.153944520e-02 -4.058669786e-02 -1.387441304e-12 5.077932744e+01
2.3841500000000000e+15 1.226200000e-01 1.226300000e-01 1.039100492e+06 3.980559544e+33 -4.208915060e-01 3.981916366e+33 2.175643266e-02 -4.098022072e-02 -1.261990350e-12 5.077931048e+01
2.3851500000000000e+15 1.241100000e-01 1.241200000e-01 1.038634360e+06 3.979135387e+33 -4.209543720e-01 3.980521947e+33 2.197536086e-02 -4.141946837e-02 -8.637733754e-13 5.475818014e+01
2.3861500000000000e+15 1.255100000e-01 1.255200000e-01 1.039057568e+06 3.977801562e+33 -4.204662854e-01 3.979205191e+33 2.214192541e-02 -4.168114004e-02 -1.489095965e-12 4.878968375e+01
2.3871500000000000e+15 1.268200000e-01 1.268300000e-01 1.039370601e+06 3.976553257e+33 -4.200630410e-01 3.977973465e+33 2.229745206e-02 -4.193236775e-02 -2.113319401e-12 5.177432180e+01
2.3881500000000000e+15 1.280400000e-01 1.280500000e-01 1.039530916e+06 3.975382079e+33 -4.197694844e-01 3.976818956e+33 2.244391547e-02 -4.218126614e-02 -1.435379304e-12 4.680043984e+01
2.3891500000000000e+15 1.291800000e-01 1.291900000e-01 1.039679474e+06 3.974316170e+33 -4.195010045e-01 3.975768308e+33 2.257761245e-02 -4.240805020e-02 -1.777608773e-12 5.575376000e+01
2.3901500000000000e+15 1.302600000e-01 1.302700000e-01 1.040231421e+06 3.973300733e+33 -4.189861817e-01 3.974761666e+33 2.268417992e-02 -4.254639081e-02 -1.291601932e-12 4.978536786e+01
2.3911500000000000e+15 1.312600000e-01 1.312700000e-01 1.040089223e+06 3.972385734e+33 -4.189266527e-01 3.973862942e+33 2.280718444e-02 -4.278048750e-02 -1.531414974e-12 4.978528024e+01
2.3921500000000000e+15 1.321900000e-01 1.322000000e-01 1.040505793e+06 3.971518664e+33 -4.185220333e-01 3.973003372e+33 2.289477121e-02 -4.289776356e-02 -9.278899256e-13 4.779598624e+01
2.3931500000000000e+15 1.330600000e-01 1.330700000e-01 1.039874487e+06 3.970744498e+33 -4.187973012e-01 3.972249738e+33 2.301846789e-02 -4.318085374e-02 -3.861006378e-12 4.680068450e+01
2.3941500000000000e+15 1.338700000e-01 1.338800000e-01 1.040814120e+06 3.970023457e+33 -4.180842501e-01 3.971526693e+33 2.306453937e-02 -4.317085988e-02 -8.227888189e-13 4.779621528e+01
2.3951500000000000e+15 1.346100000e-01 1.346200000e-01 1.039301791e+06 3.969386580e+33 -4.189333080e-01 3.970919747e+33 2.320622286e-02 -4.357006427e-02 -7.540632968e-13 4.680026238e+01
