2.8866549522847970e+15 1.000000000e-05 2.000000000e-05 4.073703301e+33 1.900344359e+45 2.114012105e+00 4.314691619e+00 8.401472842e+00 6.737557941e+00 6.038575385e+00 5.653289253e+00
2.8866549522847970e+15 1.000000000e-03 1.010000000e-03 4.073699463e+33 1.900251063e+45 2.110064817e+00 4.325521603e+00 8.290329602e+00 6.656886788e+00 5.977361993e+00 5.605037137e+00
2.8867660633959080e+15 3.725000000e-02 3.726000000e-02 4.068880431e+33 1.898016270e+45 2.120002312e+00 5.743451134e+00 8.737791278e+00 6.969292122e+00 6.232956362e+00 5.972889193e+00
2.8868771745070190e+15 4.372000000e-02 4.373000000e-02 4.067083576e+33 1.897138220e+45 2.129336072e+00 3.034477815e+00 9.124529133e+00 7.219293070e+00 6.397147181e+00 5.791992229e+00
2.8869882856181305e+15 4.820000000e-02 4.821000000e-02 4.065660826e+33 1.895110667e+45 2.112638376e+00 -7.844435430e+00 8.524037602e+00 6.854597368e+00 6.073580877e+00 4.310431432e+00
2.8870993967292415e+15 5.138000000e-02 5.139000000e-02 4.064598712e+33 1.895349947e+45 2.122922771e+00 4.669895253e+00 8.927760078e+00 7.117898954e+00 6.350136381e+00 5.954223854e+00
2.8872105078403525e+15 5.412000000e-02 5.413000000e-02 4.063622569e+33 1.894434043e+45 2.116891784e+00 6.887247139e+00 8.781555362e+00 7.012767358e+00 6.286901089e+00 6.146144972e+00
2.8873216189514635e+15 5.637000000e-02 5.638000000e-02 4.062785350e+33 1.894418633e+45 2.119219328e+00 9.418115096e+00 8.866915573e+00 7.080071415e+00 6.360295765e+00 6.494475522e+00
2.8874327300625750e+15 5.839000000e-02 5.840000000e-02 4.062010820e+33 1.894060801e+45 2.116935150e+00 5.533957461e+00 8.783194507e+00 7.036857395e+00 6.305599023e+00 6.014554401e+00
2.8875438411736860e+15 6.022000000e-02 6.023000000e-02 4.061272658e+33 1.893222970e+45 2.102869176e+00 -1.283287494e+00 8.320400765e+00 6.735528958e+00 6.050218035e+00 5.057995049e+00
2.8876549522847970e+15 6.177000000e-02 6.178000000e-02 4.060647729e+33 1.893381150e+45 2.120556736e+00 9.936621933e-01 8.980467951e+00 7.155098682e+00 6.359525784e+00 5.542870286e+00
2.8886549522847970e+15 7.189000000e-02 7.190000000e-02 4.056216162e+33 1.890188546e+45 2.115692650e+00 5.447376070e+00 8.935020384e+00 7.144993892e+00 6.398223767e+00 6.081748011e+00
2.8906549522847970e+15 8.295000000e-02 8.296000000e-02 4.050805830e+33 1.887011480e+45 2.106032515e+00 3.200438119e-01 8.705475344e+00 7.035791084e+00 6.314381633e+00 5.451985628e+00
2.8926549522847970e+15 8.968000000e-02 8.969000000e-02 4.047304399e+33 1.886637361e+45 2.121480696e+00 3.090692293e+00 9.389772101e+00 7.489838393e+00 6.673876765e+00 6.050417251e+00
2.8946549522847970e+15 9.448000000e-02 9.449000000e-02 4.044750831e+33 1.884920623e+45 2.118675398e+00 -3.930757620e+00 9.399996041e+00 7.494951176e+00 6.640537967e+00 5.234412719e+00
2.8966549522847970e+15 9.814000000e-02 9.815000000e-02 4.042782903e+33 1.884199200e+45 2.120413610e+00 2.676034450e+00 9.462542514e+00 7.574566119e+00 6.753571169e+00 6.072898102e+00
2.8986549522847970e+15 1.010300000e-01 1.010400000e-01 4.041261140e+33 1.884069565e+45 2.126776711e+00 7.289291675e+00 9.740506047e+00 7.772714702e+00 6.941046134e+00 6.749734631e+00
2.9006549522847970e+15 1.033900000e-01 1.034000000e-01 4.040037472e+33 1.883362627e+45 2.119525023e+00 4.804255994e+00 9.550047456e+00 7.638596608e+00 6.827437692e+00 6.377742040e+00
2.9026549522847970e+15 1.053100000e-01 1.053200000e-01 4.039078482e+33 1.883238025e+45 2.124417910e+00 8.885050978e+00 9.819277008e+00 7.802864563e+00 6.977155111e+00 6.962396455e+00
2.9046549522847970e+15 1.068900000e-01 1.069000000e-01 4.038310264e+33 1.883098352e+45 2.229274335e+00 6.611328167e+00 1.363359972e+01 1.050634435e+01 9.062155374e+00 8.530278840e+00
