1.2215000000000000e+15 2.000000000e-03 2.010000000e-03 3.284020566e+33 1.682267407e+45 2.089964690e+00 9.294742657e+01 1.438750952e+02 1.241304996e+02 1.147425291e+02 1.092442617e+02
1.2214864397321428e+15 5.840000000e-03 0.000000000e+00 3.283076315e+33 1.681259131e+45 2.081045901e+00 8.127274198e+01 1.394673401e+02 1.208552043e+02 1.121759625e+02 1.065957507e+02
1.2214720982142858e+15 8.390000000e-03 0.000000000e+00 3.281932488e+33 1.680121662e+45 2.093141351e+00 8.255704966e+01 1.458565447e+02 1.257197152e+02 1.160273711e+02 1.100010614e+02
1.2214577566964285e+15 1.028000000e-02 0.000000000e+00 3.280825724e+33 1.679612703e+45 2.090331603e+00 1.007254038e+02 1.451054846e+02 1.249911640e+02 1.155185041e+02 1.108681622e+02
1.2214434151785715e+15 1.201000000e-02 0.000000000e+00 3.279623033e+33 1.677957731e+45 2.069198233e+00 6.134605366e+01 1.335054566e+02 1.167817450e+02 1.091307486e+02 1.024823939e+02
1.2214290736607142e+15 1.356000000e-02 0.000000000e+00 3.278377528e+33 1.677095038e+45 2.083559532e+00 1.154694989e+02 1.422293831e+02 1.228609743e+02 1.139841195e+02 1.111459492e+02
1.2214147321428572e+15 1.502000000e-02 0.000000000e+00 3.277074989e+33 1.675780431e+45 2.078686589e+00 8.931058580e+01 1.396336914e+02 1.211013239e+02 1.125580236e+02 1.076454506e+02
1.2214003906250000e+15 1.633000000e-02 0.000000000e+00 3.275797719e+33 1.675232729e+45 2.084209076e+00 6.529196682e+01 1.430969823e+02 1.235663606e+02 1.143442962e+02 1.068641022e+02
1.2213860491071428e+15 1.765000000e-02 0.000000000e+00 3.274385423e+33 1.674090363e+45 2.082833210e+00 1.107850599e+02 1.426919080e+02 1.233284034e+02 1.144334016e+02 1.110419134e+02
1.2213717075892858e+15 1.898000000e-02 0.000000000e+00 3.272856621e+33 1.672436284e+45 2.087333949e+00 1.288613006e+02 1.455013258e+02 1.254392353e+02 1.162198135e+02 1.140016757e+02
1.2213573660714285e+15 2.025000000e-02 0.000000000e+00 3.271300456e+33 1.671332754e+45 2.089159304e+00 4.510781142e+01 1.460927829e+02 1.261871590e+02 1.164738793e+02 1.072512527e+02
1.2213430245535715e+15 2.161000000e-02 0.000000000e+00 3.269510782e+33 1.670144727e+45 2.083368430e+00 8.427629699e+01 1.440275023e+02 1.244577742e+02 1.153254787e+02 1.095361490e+02
1.2213286830357142e+15 2.289000000e-02 0.000000000e+00 3.267726928e+33 1.668077906e+45 2.087303077e+00 1.397194460e+02 1.468524483e+02 1.265057388e+02 1.172276249e+02 1.157733845e+02
1.2213143415178572e+15 2.432000000e-02 0.000000000e+00 3.265601527e+33 1.666711811e+45 2.080228866e+00 8.315122829e+01 1.431436517e+02 1.239532080e+02 1.150808638e+02 1.097923362e+02
1.2213000000000000e+15 2.612000000e-02 0.000000000e+00 3.262776000e+33 1.664831887e+45 2.088715445e+00 1.326905522e+02 1.478748672e+02 1.278034712e+02 1.184885260e+02 1.165292324e+02
1.2217000000000000e+15 4.649000000e-02 4.650000000e-02 3.216785506e+33 1.627194516e+45 2.084542168e+00 4.814238623e+01 1.566593054e+02 1.358076898e+02 1.257121724e+02 1.158498198e+02
1.2221000000000000e+15 5.040000000e-02 5.041000000e-02 3.205240137e+33 1.617847241e+45 2.087164608e+00 2.209411411e+02 1.615066989e+02 1.398612224e+02 1.302517280e+02 1.343631585e+02
1.2225000000000000e+15 5.300000000e-02 5.301000000e-02 3.197155233e+33 1.611620108e+45 2.103010587e+00 1.936580524e+02 1.732006071e+02 1.490067743e+02 1.376549625e+02 1.372213832e+02
1.2229000000000000e+15 5.495000000e-02 5.496000000e-02 3.190920692e+33 1.606789759e+45 2.176132191e+00 2.050803354e+02 2.154516913e+02 1.872463225e+02 1.699191970e+02 1.592919045e+02
1.2233000000000000e+15 5.651000000e-02 5.652000000e-02 3.185841699e+33 1.602898884e+45 2.190123863e+00 2.068037828e+02 2.256591592e+02 1.999185719e+02 1.822045267e+02 1.701650199e+02
1.2237000000000000e+15 5.779000000e-02 5.780000000e-02 3.181644918e+33 1.599424596e+45 0.000000000e+00 0.000000000e+00 0.000000000e+00 0.000000000e+00 0.000000000e+00 0.000000000e+00
1.2241000000000000e+15 5.888000000e-02 5.889000000e-02 3.178048979e+33 1.596820391e+45 0.000000000e+00 0.000000000e+00 0.000000000e+00 0.000000000e+00 0.000000000e+00 0.000000000e+00
1.2245000000000000e+15 5.980000000e-02 5.981000000e-02 3.175043303e+33 1.594591417e+45 0.000000000e+00 0.000000000e+00 0.000000000e+00 0.000000000e+00 0.000000000e+00 0.000000000e+00
1.2249000000000000e+15 6.061000000e-02 6.062000000e-02 3.172401391e+33 1.592785976e+45 0.000000000e+00 0.000000000e+00 0.000000000e+00 0.000000000e+00 0.000000000e+00 0.000000000e+00
1.2253000000000000e+15 6.131000000e-02 6.132000000e-02 3.170150087e+33 1.590989161e+45 0.000000000e+00 0.000000000e+00 0.000000000e+00 0.000000000e+00 0.000000000e+00 0.000000000e+00
1.2257000000000000e+15 6.192000000e-02 6.193000000e-02 3.168227177e+33 1.589659538e+45 0.000000000e+00 0.000000000e+00 0.000000000e+00 0.000000000e+00 0.000000000e+00 0.000000000e+00
1.2261000000000000e+15 6.246000000e-02 6.247000000e-02 3.166562058e+33 1.588329043e+45 0.000000000e+00 0.000000000e+00 0.000000000e+00 0.000000000e+00 0.000000000e+00 0.000000000e+00
1.2265000000000000e+15 6.292000000e-02 6.293000000e-02 3.165199186e+33 1.587400040e+45 0.000000000e+00 0.000000000e+00 0.000000000e+00 0.000000000e+00 0.000000000e+00 0.000000000e+00
