1.0907800000000000e+15 5.070000000e-03 5.080000000e-03 1.318051269e+06 4.208401678e+33 -3.214211294e-01 4.208409334e+33 5.126186421e-04 -1.328417215e-03 -9.173963055e-13 6.735816401e+00
1.0905800000000000e+15 2.234000000e-02 2.235000000e-02 1.316349097e+06 4.196584870e+33 -3.207427776e-01 4.196731231e+33 2.241328589e-03 -5.808178719e-03 -8.173047650e-13 7.201670724e+00
1.0903800000000000e+15 3.598000000e-02 3.599000000e-02 1.315087499e+06 4.176834679e+33 -3.190652305e-01 4.177200432e+33 3.548247087e-03 -9.179888402e-03 -5.911642729e-13 8.135061812e+00
1.0909800000000000e+15 5.600000000e-02 5.601000000e-02 1.318383944e+06 4.132185835e+33 -3.132362499e-01 4.132952180e+33 5.181673410e-03 -1.327592714e-02 -1.761572469e-12 6.922869611e+00
1.0911800000000000e+15 5.766000000e-02 5.767000000e-02 1.318017443e+06 4.127773426e+33 -3.128956438e-01 4.128576490e+33 5.305437572e-03 -1.358958854e-02 -6.190014935e-13 6.362176623e+00
1.0913800000000000e+15 5.902000000e-02 5.903000000e-02 1.317883106e+06 4.124108852e+33 -3.125533925e-01 4.124940546e+33 5.401389068e-03 -1.382953360e-02 -1.141331518e-12 6.362054668e+00
1.0915800000000000e+15 6.018000000e-02 6.019000000e-02 1.317206137e+06 4.120940979e+33 -3.124437627e-01 4.121800157e+33 5.488919378e-03 -1.405624920e-02 -1.606924047e-12 6.921992474e+00
1.0917800000000000e+15 6.117000000e-02 6.118000000e-02 1.319187094e+06 4.118226775e+33 -3.115077084e-01 4.119093695e+33 5.525426954e-03 -1.411737996e-02 -1.108358711e-12 6.082807714e+00
1.0919800000000000e+15 6.205000000e-02 6.206000000e-02 1.319219061e+06 4.115805266e+33 -3.112434638e-01 4.116688957e+33 5.580642267e-03 -1.425292304e-02 -1.222686755e-12 6.176223494e+00
1.0921800000000000e+15 6.284000000e-02 6.285000000e-02 1.315911537e+06 4.113617221e+33 -3.121005761e-01 4.114536689e+33 5.677185092e-03 -1.454129922e-02 -9.656035267e-13 6.173783362e+00
1.0923800000000000e+15 6.354000000e-02 6.355000000e-02 1.318654100e+06 4.111689857e+33 -3.109982764e-01 4.112605051e+33 5.679418328e-03 -1.450449613e-02 -8.415958076e-13 5.988990575e+00
1.0925800000000000e+15 6.418000000e-02 6.419000000e-02 1.318687035e+06 4.109926050e+33 -3.108031920e-01 4.110852696e+33 5.716385736e-03 -1.459447622e-02 -5.345491399e-13 6.269196421e+00
1.0927800000000000e+15 6.475000000e-02 6.476000000e-02 1.317740614e+06 4.108370358e+33 -3.109495892e-01 4.109313207e+33 5.762325782e-03 -1.472276689e-02 -1.186572372e-12 6.642127466e+00
1.0929800000000000e+15 6.528000000e-02 6.529000000e-02 1.318090920e+06 4.106925864e+33 -3.106837798e-01 4.107875667e+33 5.786485098e-03 -1.477637825e-02 -9.040027357e-13 6.081939464e+00
1.0931800000000000e+15 6.577000000e-02 6.578000000e-02 1.315955174e+06 4.105596105e+33 -3.112437968e-01 4.106568503e+33 5.844788109e-03 -1.495279653e-02 -6.382954332e-13 5.800125932e+00
1.0933800000000000e+15 6.621000000e-02 6.622000000e-02 1.318613972e+06 4.104422639e+33 -3.102509018e-01 4.105384532e+33 5.827937404e-03 -1.486944831e-02 -1.396579552e-12 5.988938238e+00
1.0935800000000000e+15 6.662000000e-02 6.663000000e-02 1.317897626e+06 4.103334948e+33 -3.103713982e-01 4.104308260e+33 5.859386647e-03 -1.495790047e-02 -7.317398373e-13 6.081892358e+00
1.0937800000000000e+15 6.700000000e-02 6.701000000e-02 1.318281070e+06 4.102343434e+33 -3.101423715e-01 4.103320102e+33 5.872431656e-03 -1.498302386e-02 -9.093173081e-13 5.895286090e+00
1.0939800000000000e+15 6.735000000e-02 6.736000000e-02 1.318579870e+06 4.101438100e+33 -3.099500521e-01 4.102418039e+33 5.884676481e-03 -1.500747932e-02 -1.604681462e-12 5.615306500e+00
1.0941800000000000e+15 6.767000000e-02 6.768000000e-02 1.318091091e+06 4.100628203e+33 -3.100260706e-01 4.101616244e+33 5.906846969e-03 -1.506936934e-02 -7.984357922e-13 5.708349821e+00
1.0943800000000000e+15 6.796000000e-02 6.797000000e-02 1.317677214e+06 4.099921904e+33 -3.100866045e-01 4.100916834e+33 5.925848675e-03 -1.512211347e-02 -1.169584597e-12 5.614626930e+00
2.4013074073061900e+15 3.840000000e-03 3.850000000e-03 1.136073433e+06 4.706529961e+33 -4.776237338e-01 4.706531274e+33 -1.693853934e-04 6.308241533e-04 -8.925312758e-13 5.380443097e+00
2.3993074073061900e+15 6.660000000e-03 6.670000000e-03 1.136345535e+06 4.706654013e+33 -4.774534962e-01 4.706657921e+33 -2.923698435e-04 1.088242799e-03 -8.163652886e-13 5.380700491e+00
2.3973074073061900e+15 8.610000000e-03 8.620000000e-03 1.136749696e+06 4.706781352e+33 -4.771901737e-01 4.706787813e+33 -3.760451991e-04 1.398640011e-03 -1.889490939e-12 4.909399756e+00
2.3953074073061900e+15 1.020000000e-02 1.021000000e-02 1.136612970e+06 4.706911749e+33 -4.773085651e-01 4.706920763e+33 -4.440790337e-04 1.652360863e-03 -2.092347659e-12 5.003614154e+00
2.3933074073061900e+15 1.157000000e-02 1.158000000e-02 1.137630403e+06 4.707033436e+33 -4.766152864e-01 4.707044839e+33 -5.000143141e-04 1.856520342e-03 -1.801591537e-12 4.721480626e+00
2.3913074073061900e+15 1.280000000e-02 1.281000000e-02 1.136955259e+06 4.707163537e+33 -4.771109688e-01 4.707177477e+33 -5.524799650e-04 2.054090880e-03 -1.459231026e-12 4.815249914e+00
2.3893074073061900e+15 1.393000000e-02 1.394000000e-02 1.138182588e+06 4.707288982e+33 -4.762723459e-01 4.707305174e+33 -5.961362392e-04 2.211036372e-03 -1.476533455e-12 4.627620804e+00
2.3873074073061900e+15 1.498000000e-02 1.499000000e-02 1.137515933e+06 4.707415410e+33 -4.767608031e-01 4.707434098e+33 -6.400044278e-04 2.377108992e-03 -1.196200813e-12 4.627078071e+00
2.3853074073061900e+15 1.597000000e-02 1.598000000e-02 1.138509471e+06 4.707542313e+33 -4.760866940e-01 4.707563173e+33 -6.768005875e-04 2.509097920e-03 -1.881304329e-12 4.722196160e+00
2.3833074073061900e+15 1.690000000e-02 1.691000000e-02 1.137859076e+06 4.707671913e+33 -4.765637568e-01 4.707695211e+33 -7.148414817e-04 2.653223154e-03 -1.472674447e-12 4.627354165e+00
2.3813074073061900e+15 1.780000000e-02 1.781000000e-02 1.139159232e+06 4.707801523e+33 -4.756783807e-01 4.707826812e+33 -7.456133669e-04 2.760934554e-03 -5.189199636e-13 4.817062752e+00
2.3793074073061900e+15 1.866000000e-02 1.867000000e-02 1.139101525e+06 4.707927571e+33 -4.757389291e-01 4.707955101e+33 -7.778932479e-04 2.880940116e-03 -1.980797841e-12 5.005561484e+00
2.3773074073061900e+15 1.949000000e-02 1.950000000e-02 1.139009330e+06 4.708052930e+33 -4.758244942e-01 4.708082676e+33 -8.085313440e-04 2.994913488e-03 -1.055332556e-12 4.628279909e+00
2.3753074073061900e+15 2.030000000e-02 2.031000000e-02 1.139572170e+06 4.708184952e+33 -4.754543841e-01 4.708216693e+33 -8.356569434e-04 3.092010841e-03 -1.880457382e-12 4.628764682e+00
2.3733074073061900e+15 2.109000000e-02 2.110000000e-02 1.139237651e+06 4.708317042e+33 -4.757097282e-01 4.708351001e+33 -8.641257117e-04 3.199177674e-03 -9.978968690e-13 4.439869932e+00
2.3713074073061900e+15 2.187000000e-02 2.188000000e-02 1.139558335e+06 4.708453271e+33 -4.755091802e-01 4.708489211e+33 -8.892991296e-04 3.289833773e-03 -1.199829682e-12 4.723045412e+00
2.3693074073061900e+15 2.265000000e-02 2.266000000e-02 1.139866531e+06 4.708587300e+33 -4.753171509e-01 4.708625188e+33 -9.133620698e-04 3.376806224e-03 -8.857105324e-13 4.911894034e+00
2.3673074073061900e+15 2.344000000e-02 2.345000000e-02 1.140472718e+06 4.708733658e+33 -4.749204098e-01 4.708773355e+33 -9.354462475e-04 3.454381760e-03 -8.057308515e-13 4.818069306e+00
2.3653074073061900e+15 2.426000000e-02 2.427000000e-02 1.140887079e+06 4.708881791e+33 -4.746574207e-01 4.708923345e+33 -9.574357033e-04 3.532951243e-03 -1.146169394e-12 4.629820270e+00
4.5018263668451420e+15 1.340000000e-03 1.350000000e-03 1.032185273e+06 4.465054092e+33 -5.142601657e-01 4.465054136e+33 2.884073157e-05 -1.272700367e-04 -5.153194185e-14 4.446391729e+00
4.4998263668451420e+15 2.330000000e-03 2.340000000e-03 1.031328346e+06 4.465352366e+33 -5.150677793e-01 4.465352503e+33 5.016872006e-05 -2.219032224e-04 -1.668101844e-12 4.540544425e+00
4.4978263668451420e+15 3.020000000e-03 3.030000000e-03 1.030916539e+06 4.465659919e+33 -5.154895270e-01 4.465660149e+33 6.496977924e-05 -2.878327735e-04 -7.843589861e-13 4.540188102e+00
4.4958263668451420e+15 3.570000000e-03 3.580000000e-03 1.031299715e+06 4.465958747e+33 -5.152148369e-01 4.465959065e+33 7.651478062e-05 -3.386154793e-04 -1.121406631e-12 4.161132309e+00
4.4938263668451420e+15 4.050000000e-03 4.060000000e-03 1.031924694e+06 4.466261687e+33 -5.147303769e-01 4.466262092e+33 8.637517146e-05 -3.816841807e-04 -2.080803203e-12 4.066819914e+00
4.4918263668451420e+15 4.480000000e-03 4.490000000e-03 1.031462321e+06 4.466564773e+33 -5.151950320e-01 4.466565270e+33 9.552808827e-05 -4.227757863e-04 -1.850981797e-12 4.730336404e+00
4.4898263668451420e+15 4.870000000e-03 4.880000000e-03 1.031832375e+06 4.466866503e+33 -5.149331513e-01 4.466867085e+33 1.034624012e-04 -4.574636305e-04 -8.911252968e-13 4.256405857e+00
4.4878263668451420e+15 5.230000000e-03 5.240000000e-03 1.031434038e+06 4.467174948e+33 -5.153428258e-01 4.467175619e+33 1.110828412e-04 -4.916713825e-04 -2.323911800e-12 4.066404367e+00
4.4858263668451420e+15 5.570000000e-03 5.580000000e-03 1.031840235e+06 4.467479601e+33 -5.150494969e-01 4.467480357e+33 1.178311728e-04 -5.210828849e-04 -1.533704270e-12 4.256429672e+00
4.4838263668451420e+15 5.890000000e-03 5.900000000e-03 1.032458460e+06 4.467783957e+33 -5.145720017e-01 4.467784792e+33 1.239865397e-04 -5.475022606e-04 -1.136627304e-12 3.972437689e+00
4.4818263668451420e+15 6.190000000e-03 6.200000000e-03 1.032000996e+06 4.468084192e+33 -5.150313072e-01 4.468085115e+33 1.303102236e-04 -5.760217595e-04 -1.183257628e-12 3.877196955e+00
4.4798263668451420e+15 6.480000000e-03 6.490000000e-03 1.032200708e+06 4.468390337e+33 -5.149185235e-01 4.468391342e+33 1.359933118e-04 -6.008749668e-04 -1.873342129e-12 3.877370640e+00
4.4778263668451420e+15 6.760000000e-03 6.770000000e-03 1.031909162e+06 4.468701471e+33 -5.152359821e-01 4.468702563e+33 1.417009629e-04 -6.268397258e-04 -1.064839913e-12 3.971973741e+00
4.4758263668451420e+15 7.020000000e-03 7.030000000e-03 1.032045640e+06 4.469002037e+33 -5.151775127e-01 4.469003209e+33 1.468132003e-04 -6.487941743e-04 -9.057451790e-13 3.877243620e+00
4.4738263668451420e+15 7.280000000e-03 7.290000000e-03 1.032123879e+06 4.469310031e+33 -5.151709561e-01 4.469311284e+33 1.518007443e-04 -6.710156679e-04 -1.771665015e-12 3.782465319e+00
4.4718263668451420e+15 7.530000000e-03 7.540000000e-03 1.032820054e+06 4.469620892e+33 -5.146265570e-01 4.469622216e+33 1.561469684e-04 -6.891040646e-04 -1.593342760e-12 3.877895767e+00
4.4698263668451420e+15 7.770000000e-03 7.780000000e-03 1.032568732e+06 4.469925973e+33 -5.149073822e-01 4.469927380e+33 1.609397460e-04 -7.106595095e-04 -1.504284087e-12 3.782843687e+00
4.4678263668451420e+15 8.000000000e-03 8.010000000e-03 1.032267594e+06 4.470233584e+33 -5.152316693e-01 4.470235074e+33 1.655916837e-04 -7.314374817e-04 -1.391966918e-12 4.256782052e+00
4.4658263668451420e+15 8.230000000e-03 8.240000000e-03 1.031965707e+06 4.470541441e+33 -5.155574882e-01 4.470543015e+33 1.701310754e-04 -7.522835375e-04 -3.300898333e-13 3.972010888e+00
4.4638263668451420e+15 8.460000000e-03 8.470000000e-03 1.033373963e+06 4.470854743e+33 -5.143926308e-01 4.470856372e+33 1.732151842e-04 -7.639304928e-04 -1.140963273e-12 3.878368096e+00
4.4618263668451420e+15 8.670000000e-03 8.680000000e-03 1.033073961e+06 4.471164824e+33 -5.147163566e-01 4.471166532e+33 1.774305918e-04 -7.824243892e-04 -1.049743641e-12 3.972953314e+00
4.4598263668451420e+15 8.890000000e-03 8.900000000e-03 1.032534922e+06 4.471478763e+33 -5.152494814e-01 4.471480559e+33 1.817289815e-04 -8.034481181e-04 -8.546923372e-13 3.877645282e+00
4.4578263668451420e+15 9.090000000e-03 9.100000000e-03 1.033702421e+06 4.471788579e+33 -5.142952764e-01 4.471790424e+33 1.845439161e-04 -8.124023579e-04 -9.406082429e-13 4.257949552e+00
4.4558263668451420e+15 9.300000000e-03 9.310000000e-03 1.032603816e+06 4.472100846e+33 -5.153146258e-01 4.472102789e+33 1.890668032e-04 -8.355303666e-04 -1.515591398e-12 3.688037570e+00
4.4538263668451420e+15 9.500000000e-03 9.510000000e-03 1.032921316e+06 4.472413691e+33 -5.151006139e-01 4.472415700e+33 1.923318165e-04 -8.491836795e-04 -1.588866274e-12 3.688312332e+00
4.4518263668451420e+15 9.700000000e-03 9.710000000e-03 1.032870109e+06 4.472729977e+33 -5.152089865e-01 4.472732060e+33 1.957863536e-04 -8.649624169e-04 -2.045960350e-12 3.688267375e+00
4.4498263668451420e+15 9.890000000e-03 9.900000000e-03 1.033523401e+06 4.473042883e+33 -5.147036556e-01 4.473045021e+33 1.985685708e-04 -8.751314568e-04 -7.338937436e-13 3.783674481e+00
4.4478263668451420e+15 1.008000000e-02 1.009000000e-02 1.033777729e+06 4.473363649e+33 -5.145459197e-01 4.473365850e+33 2.015617860e-04 -8.876046346e-04 -1.490871057e-12 4.163195739e+00
4.4458263668451420e+15 1.027000000e-02 1.028000000e-02 1.032907234e+06 4.473680319e+33 -5.153681112e-01 4.473682612e+33 2.054832722e-04 -9.070614126e-04 -9.754022890e-13 4.067646323e+00
4.4438263668451420e+15 1.046000000e-02 1.047000000e-02 1.032956547e+06 4.474000274e+33 -5.153895303e-01 4.474002634e+33 2.084695525e-04 -9.206067782e-04 -6.951023227e-13 3.783177418e+00
4.4418263668451420e+15 1.065000000e-02 1.066000000e-02 1.033585172e+06 4.474326254e+33 -5.149071543e-01 4.474328666e+33 2.108062041e-04 -9.301713675e-04 -1.542965745e-12 3.688888589e+00
4.4398263668451420e+15 1.083000000e-02 1.084000000e-02 1.033552740e+06 4.474646079e+33 -5.149997290e-01 4.474648558e+33 2.137582075e-04 -9.426688021e-04 -1.626444390e-12 3.783686525e+00
4.4378263668451420e+15 1.102000000e-02 1.103000000e-02 1.034439218e+06 4.474976724e+33 -5.142949168e-01 4.474979244e+33 2.156390307e-04 -9.499435336e-04 -1.965014325e-12 3.974100982e+00
4.4358263668451420e+15 1.120000000e-02 1.121000000e-02 1.034389032e+06 4.475307635e+33 -5.144056512e-01 4.475310221e+33 2.184323999e-04 -9.620413053e-04 -5.586133451e-13 3.594736770e+00
4.4338263668451420e+15 1.138000000e-02 1.139000000e-02 1.034072471e+06 4.475631340e+33 -5.147457849e-01 4.475633998e+33 2.214106036e-04 -9.756759129e-04 -1.476300775e-12 3.594469943e+00
4.4318263668451420e+15 1.156000000e-02 1.157000000e-02 1.034585644e+06 4.475968393e+33 -5.143674414e-01 4.475971097e+33 2.235140194e-04 -9.832657059e-04 -4.980275774e-13 3.689749733e+00
4.4298263668451420e+15 1.175000000e-02 1.176000000e-02 1.033895752e+06 4.476308353e+33 -5.150353940e-01 4.476311140e+33 2.266336974e-04 -9.998626463e-04 -1.077013751e-12 3.689154318e+00
4.4278263668451420e+15 1.193000000e-02 1.194000000e-02 1.034575285e+06 4.476649693e+33 -5.145127328e-01 4.476652519e+33 2.284805517e-04 -1.005241590e-03 -1.763227810e-12 3.879385435e+00
