1.2234900000000000e+15 3.540000000e-03 3.550000000e-03 1.042332593e+06 2.839670109e+33 -2.592737760e-01 2.839680358e+33 5.614219404e-04 -1.580502329e-03 -7.484804133e-13 7.393113595e+00
1.2232900000000000e+15 2.151000000e-02 2.152000000e-02 1.042817883e+06 2.822962290e+33 -2.571351144e-01 2.823325530e+33 3.355276877e-03 -9.408988263e-03 -1.330802349e-12 6.540400697e+00
1.2230900000000000e+15 3.509000000e-02 3.510000000e-02 1.040813353e+06 2.794349690e+33 -2.543973037e-01 2.795272153e+33 5.365364312e-03 -1.500244349e-02 -1.002459957e-12 6.444180625e+00
1.2236900000000000e+15 5.353000000e-02 5.354000000e-02 1.037880877e+06 2.734030082e+33 -2.482318512e-01 2.735917697e+33 7.744455162e-03 -2.148550477e-02 -1.352484244e-12 6.347286894e+00
1.2238900000000000e+15 5.509000000e-02 5.510000000e-02 1.038233415e+06 2.727915217e+33 -2.474069672e-01 2.729873562e+33 7.901674105e-03 -2.188527545e-02 -1.153130782e-12 6.252719146e+00
1.2240900000000000e+15 5.635000000e-02 5.636000000e-02 1.038704283e+06 2.722933038e+33 -2.466806571e-01 2.724943759e+33 8.019285246e-03 -2.217593114e-02 -1.217931711e-12 6.253045064e+00
1.2242900000000000e+15 5.742000000e-02 5.743000000e-02 1.039237492e+06 2.718611737e+33 -2.460130410e-01 2.720662807e+33 8.111722914e-03 -2.239742642e-02 -1.263919186e-12 6.158648130e+00
1.2244900000000000e+15 5.834000000e-02 5.835000000e-02 1.037888473e+06 2.714894618e+33 -2.459933840e-01 2.717008614e+33 8.228923772e-03 -2.274442811e-02 -1.196587029e-12 6.157658586e+00
1.2246900000000000e+15 5.915000000e-02 5.916000000e-02 1.037653836e+06 2.711599152e+33 -2.456811817e-01 2.713752248e+33 8.308252266e-03 -2.295572669e-02 -1.430438367e-12 6.062668500e+00
1.2248900000000000e+15 5.986000000e-02 5.987000000e-02 1.040272712e+06 2.708720517e+33 -2.445474618e-01 2.710859241e+33 8.310542180e-03 -2.287164082e-02 -3.316334856e-13 5.969802170e+00
1.2250900000000000e+15 6.049000000e-02 6.050000000e-02 1.036878543e+06 2.706170828e+33 -2.452857174e-01 2.708392855e+33 8.442233334e-03 -2.332570883e-02 -8.838110855e-13 6.820604987e+00
1.2252900000000000e+15 6.107000000e-02 6.108000000e-02 1.038210143e+06 2.703824033e+33 -2.446060673e-01 2.706045843e+33 8.459159341e-03 -2.332052950e-02 -1.800763795e-12 6.063077324e+00
1.2254900000000000e+15 6.158000000e-02 6.159000000e-02 1.037289499e+06 2.701793548e+33 -2.446502968e-01 2.704050831e+33 8.520937637e-03 -2.351037996e-02 -1.039951033e-12 5.872774657e+00
1.2256900000000000e+15 6.205000000e-02 6.206000000e-02 1.036652919e+06 2.699929230e+33 -2.446273475e-01 2.702215219e+33 8.572120956e-03 -2.366215632e-02 -1.670193140e-12 5.777489689e+00
1.2258900000000000e+15 6.247000000e-02 6.248000000e-02 1.037560553e+06 2.698282461e+33 -2.441593573e-01 2.700567058e+33 8.581352673e-03 -2.365307760e-02 -1.875498635e-12 6.252206091e+00
1.2260900000000000e+15 6.286000000e-02 6.287000000e-02 1.037559486e+06 2.696772952e+33 -2.439842167e-01 2.699070877e+33 8.609251038e-03 -2.372219467e-02 -1.335160323e-12 5.778169615e+00
2.3447914707644760e+15 4.370000000e-03 4.380000000e-03 9.794933939e+05 4.179396413e+33 -5.021681767e-01 4.179401358e+33 -2.925196373e-04 1.350988360e-03 -1.718107824e-12 5.164004847e+00
2.3427914707644760e+15 7.580000000e-03 7.590000000e-03 9.798669596e+05 4.178464671e+33 -5.016465000e-01 4.178479337e+33 -5.040105671e-04 2.324506453e-03 -1.412375816e-12 4.878995615e+00
2.3407914707644760e+15 9.790000000e-03 9.800000000e-03 9.796590747e+05 4.177526724e+33 -5.016362312e-01 4.177551011e+33 -6.484921204e-04 2.991538227e-03 -2.668417102e-12 4.878827793e+00
2.3387914707644760e+15 1.159000000e-02 1.160000000e-02 9.799055538e+05 4.176586109e+33 -5.012252410e-01 4.176619714e+33 -7.631450189e-04 3.516577834e-03 -2.393817974e-12 5.259425593e+00
2.3367914707644760e+15 1.316000000e-02 1.317000000e-02 9.807044594e+05 4.175630047e+33 -5.003268141e-01 4.175672522e+33 -8.589007218e-04 3.947742841e-03 -1.048215433e-12 4.689468725e+00
2.3347914707644760e+15 1.456000000e-02 1.457000000e-02 9.796393584e+05 4.174667325e+33 -5.010642180e-01 4.174719408e+33 -9.499605282e-04 4.377767014e-03 -4.521784714e-13 5.069016826e+00
2.3327914707644760e+15 1.585000000e-02 1.586000000e-02 9.804534612e+05 4.173689936e+33 -5.001481513e-01 4.173750379e+33 -1.024523163e-03 4.708885539e-03 -1.986025590e-12 4.594164848e+00
2.3307914707644760e+15 1.705000000e-02 1.706000000e-02 9.804044828e+05 4.172708568e+33 -4.999896397e-01 4.172777723e+33 -1.095920896e-03 5.036064572e-03 -8.858819730e-13 4.594131883e+00
2.3287914707644760e+15 1.818000000e-02 1.819000000e-02 9.809169556e+05 4.171712019e+33 -4.993362718e-01 4.171789200e+33 -1.158670209e-03 5.314578459e-03 -1.228720743e-12 4.689637433e+00
2.3267914707644760e+15 1.926000000e-02 1.927000000e-02 9.812053659e+05 4.170704032e+33 -4.988779296e-01 4.170789216e+33 -1.217804938e-03 5.579572112e-03 -1.691265994e-12 4.499680919e+00
2.3247914707644760e+15 2.030000000e-02 2.031000000e-02 9.810397276e+05 4.169677347e+33 -4.988121483e-01 4.169770807e+33 -1.275407974e-03 5.844832824e-03 -1.052269295e-12 5.070098480e+00
2.3227914707644760e+15 2.130000000e-02 2.131000000e-02 9.816733013e+05 4.168635142e+33 -4.980467223e-01 4.168735730e+33 -1.324400758e-03 6.055802853e-03 -1.789481748e-12 4.500063435e+00
2.3207914707644760e+15 2.228000000e-02 2.229000000e-02 9.818067721e+05 4.167568695e+33 -4.977127562e-01 4.167676759e+33 -1.373185084e-03 6.273698875e-03 -1.189334785e-12 4.500173131e+00
2.3187914707644760e+15 2.325000000e-02 2.326000000e-02 9.822069494e+05 4.166467623e+33 -4.971406624e-01 4.166582606e+33 -1.417415034e-03 6.465267872e-03 -1.806395616e-12 4.880851118e+00
2.3167914707644760e+15 2.424000000e-02 2.425000000e-02 9.825399021e+05 4.165326803e+33 -4.966206187e-01 4.165448655e+33 -1.459869621e-03 6.650617571e-03 -8.990885697e-13 4.500773731e+00
2.3147914707644760e+15 2.528000000e-02 2.529000000e-02 9.825000087e+05 4.164103905e+33 -4.964050900e-01 4.164233060e+33 -1.503148980e-03 6.845446297e-03 -1.380292385e-12 4.595825007e+00
3.9337094434140085e+15 1.680000000e-03 1.690000000e-03 9.046571438e+05 4.198979803e+33 -5.845441809e-01 4.198980032e+33 5.698845215e-05 -3.402457833e-04 -1.539027721e-12 4.341818858e+00
3.9317094434140085e+15 2.920000000e-03 2.930000000e-03 9.048451686e+05 4.199156154e+33 -5.843602778e-01 4.199156841e+33 9.856769058e-05 -5.881598207e-04 -1.677463658e-12 4.437447778e+00
3.9297094434140085e+15 3.790000000e-03 3.800000000e-03 9.047323728e+05 4.199340000e+33 -5.845473533e-01 4.199341153e+33 1.276557360e-04 -7.620339443e-04 -1.750464860e-12 4.150930554e+00
3.9277094434140085e+15 4.520000000e-03 4.530000000e-03 9.050831430e+05 4.199530818e+33 -5.841678130e-01 4.199532441e+33 1.514875469e-04 -9.030986672e-04 -1.456927066e-12 4.437636069e+00
3.9257094434140085e+15 5.150000000e-03 5.160000000e-03 9.053332580e+05 4.199729289e+33 -5.839140997e-01 4.199731376e+33 1.718425319e-04 -1.023557174e-03 -1.316152482e-12 4.246894661e+00
3.9237094434140085e+15 5.710000000e-03 5.720000000e-03 9.048093613e+05 4.199920386e+33 -5.846062621e-01 4.199922957e+33 1.905661192e-04 -1.137444184e-03 -4.642524847e-13 4.150995530e+00
3.9217094434140085e+15 6.230000000e-03 6.240000000e-03 9.053579793e+05 4.200115177e+33 -5.839857382e-01 4.200118194e+33 2.065529308e-04 -1.230871965e-03 -1.444707701e-12 4.151436868e+00
3.9197094434140085e+15 6.700000000e-03 6.710000000e-03 9.057312806e+05 4.200306938e+33 -5.835801620e-01 4.200310388e+33 2.209848037e-04 -1.315011276e-03 -8.807940351e-13 3.960821980e+00
3.9177094434140085e+15 7.140000000e-03 7.150000000e-03 9.056737868e+05 4.200501876e+33 -5.837016259e-01 4.200505773e+33 2.348564172e-04 -1.397926779e-03 -1.014525488e-12 3.865289867e+00
3.9157094434140085e+15 7.560000000e-03 7.570000000e-03 9.053772993e+05 4.200695317e+33 -5.841164075e-01 4.200699677e+33 2.482819381e-04 -1.479937337e-03 -5.605443611e-12 4.246904752e+00
3.9137094434140085e+15 7.950000000e-03 7.960000000e-03 9.058516105e+05 4.200886716e+33 -5.835855764e-01 4.200891474e+33 2.595614660e-04 -1.544096576e-03 -1.878182584e-12 3.769972825e+00
3.9117094434140085e+15 8.330000000e-03 8.340000000e-03 9.056059362e+05 4.201084119e+33 -5.839378704e-01 4.201089326e+33 2.714137096e-04 -1.616552817e-03 -1.146107612e-12 3.865238453e+00
3.9097094434140085e+15 8.690000000e-03 8.700000000e-03 9.060613487e+05 4.201273286e+33 -5.834313318e-01 4.201278877e+33 2.814260832e-04 -1.673313286e-03 -1.480151125e-12 3.770154675e+00
3.9077094434140085e+15 9.040000000e-03 9.050000000e-03 9.059031405e+05 4.201466913e+33 -5.836755429e-01 4.201472935e+33 2.919639009e-04 -1.737431762e-03 -1.854103634e-12 4.056424654e+00
3.9057094434140085e+15 9.370000000e-03 9.380000000e-03 9.061424081e+05 4.201662932e+33 -5.834350591e-01 4.201669334e+33 3.011910281e-04 -1.790260684e-03 -1.489111873e-12 3.674752673e+00
3.9037094434140085e+15 9.700000000e-03 9.710000000e-03 9.066195261e+05 4.201859530e+33 -5.829049641e-01 4.201866291e+33 3.096676124e-04 -1.838009231e-03 -1.078458226e-12 3.770626310e+00
3.9017094434140085e+15 1.001000000e-02 1.002000000e-02 9.061551243e+05 4.202055650e+33 -5.835228806e-01 4.202062846e+33 3.193213823e-04 -1.898091513e-03 -1.404073137e-12 3.674762301e+00
3.8997094434140085e+15 1.032000000e-02 1.033000000e-02 9.064511361e+05 4.202248062e+33 -5.832127883e-01 4.202255616e+33 3.272666291e-04 -1.943635855e-03 -8.396813793e-13 3.675013797e+00
3.8977094434140085e+15 1.062000000e-02 1.063000000e-02 9.063930343e+05 4.202448478e+33 -5.833360846e-01 4.202456419e+33 3.355056354e-04 -1.993105560e-03 -1.258760109e-12 3.674967049e+00
3.8957094434140085e+15 1.091000000e-02 1.092000000e-02 9.065844863e+05 4.202644132e+33 -5.831540507e-01 4.202652419e+33 3.428842863e-04 -2.035013851e-03 -1.855316476e-12 4.152470538e+00
3.8937094434140085e+15 1.120000000e-02 1.121000000e-02 9.065684027e+05 4.202843596e+33 -5.832261172e-01 4.202852252e+33 3.504169206e-04 -2.080180764e-03 -1.272369132e-12 3.866048576e+00
3.8917094434140085e+15 1.149000000e-02 1.150000000e-02 9.064935202e+05 4.203041281e+33 -5.833695208e-01 4.203050312e+33 3.577900416e-04 -2.125738634e-03 -1.738262523e-12 3.675049128e+00
3.8897094434140085e+15 1.177000000e-02 1.178000000e-02 9.072513257e+05 4.203245121e+33 -5.825001674e-01 4.203254400e+33 3.630486033e-04 -2.150992624e-03 -1.321174663e-12 3.675700273e+00
3.8877094434140085e+15 1.205000000e-02 1.206000000e-02 9.068176196e+05 4.203445207e+33 -5.830806485e-01 4.203454890e+33 3.706194218e-04 -2.200001443e-03 -2.255267800e-12 3.866266644e+00
3.8857094434140085e+15 1.232000000e-02 1.233000000e-02 9.070192532e+05 4.203648395e+33 -5.828884152e-01 4.203658381e+33 3.765393027e-04 -2.232444538e-03 -1.477192723e-12 3.675501348e+00
3.8837094434140085e+15 1.260000000e-02 1.261000000e-02 9.069160962e+05 4.203855467e+33 -5.830687608e-01 4.203865799e+33 3.829069196e-04 -2.271846369e-03 -1.743490293e-12 3.579944600e+00
3.8817094434140085e+15 1.288000000e-02 1.289000000e-02 9.072431706e+05 4.204061747e+33 -5.827245012e-01 4.204072350e+33 3.880584787e-04 -2.299793119e-03 -1.604916673e-12 3.580228829e+00
