1.2030000000000000e+15 9.816000000e-04 1.129485769e+06 3.397517780e+33 3.931205792e+33 1.743641886e+45 2.935117675e-01 2.266826193e+00
1.1124818394594765e+15 4.234100000e-03 1.101785654e+06 2.936543790e+33 3.317388722e+33 1.358223834e+45 2.047832778e-01 2.030360430e+00
1.0924818394594765e+15 4.918300000e-03 1.095171058e+06 2.831663756e+33 3.181701015e+33 1.277173782e+45 1.878985780e-01 1.981177998e+00
1.0724818394594765e+15 5.633900000e-03 1.085727566e+06 2.725200617e+33 3.045412724e+33 1.197432553e+45 1.718497701e-01 1.932626334e+00
1.0524818394594765e+15 6.369600000e-03 1.080271853e+06 2.619981004e+33 2.912120812e+33 1.121198517e+45 1.570058408e-01 1.885746421e+00
1.0324818394594765e+15 7.123600000e-03 1.076406999e+06 2.517444084e+33 2.783556626e+33 1.049620009e+45 1.434602378e-01 1.840557726e+00
1.1324818394594765e+15 3.565500000e-03 1.105243995e+06 3.040835785e+33 3.453731087e+33 1.441253438e+45 2.226987152e-01 2.080785694e+00
1.1524818394594765e+15 2.903200000e-03 1.111233970e+06 3.144025396e+33 3.590067648e+33 1.525790908e+45 2.416008917e-01 2.132325537e+00
1.1724818394594765e+15 2.223900000e-03 1.115490817e+06 3.246059770e+33 3.726306948e+33 1.611733512e+45 2.615186399e-01 2.185040095e+00
1.1924818394594765e+15 1.473000000e-03 1.125327831e+06 3.346108973e+33 3.861301036e+33 1.698287393e+45 2.823126586e-01 2.238562190e+00
1.2124818394594765e+15 1.560000000e-05 1.132523632e+06 3.443531873e+33 3.994108773e+33 1.784753806e+45 3.038456822e-01 2.292581324e+00
