2.1103500000000000e+15 9.050000000e-03 9.060000000e-03 9.949433830e+05 4.103762123e+33 -4.741265410e-01 4.103777909e+33 2.051866730e-03 -4.433521022e-03 -1.465544727e-12 5.373128923e+01
2.1113500000000000e+15 5.076000000e-02 5.077000000e-02 9.940481784e+05 4.091034961e+33 -4.724338624e-01 4.091522610e+33 1.140938357e-02 -2.461840622e-02 -1.030108314e-12 6.069584080e+01
2.1123500000000000e+15 6.834000000e-02 6.835000000e-02 9.940810431e+05 4.080381497e+33 -4.704021186e-01 4.081245705e+33 1.522286597e-02 -3.274358084e-02 -1.578352351e-12 5.472568127e+01
2.1133500000000000e+15 8.048000000e-02 8.049000000e-02 9.941450114e+05 4.071202700e+33 -4.686296347e-01 4.072376933e+33 1.778065793e-02 -3.813844866e-02 -7.579588030e-13 6.169095835e+01
2.1143500000000000e+15 8.977000000e-02 8.978000000e-02 9.939944438e+05 4.063207354e+33 -4.672501489e-01 4.064644107e+33 1.969408918e-02 -4.216170359e-02 -1.549969182e-12 5.273554964e+01
2.1153500000000000e+15 9.729000000e-02 9.730000000e-02 9.935981205e+05 4.056120872e+33 -4.662336935e-01 4.057786481e+33 2.121698716e-02 -4.537490996e-02 -1.939440460e-12 5.373029395e+01
2.1163500000000000e+15 1.035700000e-01 1.035800000e-01 9.939346428e+05 4.049791114e+33 -4.647924715e-01 4.051644430e+33 2.242750675e-02 -4.783623754e-02 -1.012319591e-12 5.074544762e+01
2.1173500000000000e+15 1.089400000e-01 1.089500000e-01 9.931339427e+05 4.044093281e+33 -4.643492408e-01 4.046128935e+33 2.349025249e-02 -5.012192326e-02 -7.823450604e-13 5.372995228e+01
2.1183500000000000e+15 1.136000000e-01 1.136100000e-01 9.941765701e+05 4.038957545e+33 -4.625919494e-01 4.041121605e+33 2.430397693e-02 -5.164628550e-02 -8.310549430e-13 5.373071360e+01
2.1193500000000000e+15 1.176900000e-01 1.177000000e-01 9.933942817e+05 4.034285703e+33 -4.623246085e-01 4.036595154e+33 2.508714468e-02 -5.334392682e-02 -1.821008225e-12 5.870531200e+01
2.1203500000000000e+15 1.213200000e-01 1.213300000e-01 9.930542892e+05 4.030052938e+33 -4.617994918e-01 4.032485330e+33 2.574944787e-02 -5.473229757e-02 -1.510413592e-12 5.173982461e+01
2.1213500000000000e+15 1.245600000e-01 1.245700000e-01 9.937279348e+05 4.026205309e+33 -4.605720607e-01 4.028725692e+33 2.627304355e-02 -5.568991705e-02 -8.493180908e-13 5.074530176e+01
2.1223500000000000e+15 1.274900000e-01 1.275000000e-01 9.934484967e+05 4.022642492e+33 -4.601251627e-01 4.025261053e+33 2.678333743e-02 -5.675298059e-02 -2.232729004e-12 5.174011946e+01
2.1233500000000000e+15 1.301200000e-01 1.301300000e-01 9.937298380e+05 4.019423523e+33 -4.593162607e-01 4.022117017e+33 2.720015119e-02 -5.754316354e-02 -1.491253906e-12 5.572044034e+01
2.1243500000000000e+15 1.325300000e-01 1.325400000e-01 9.930886008e+05 4.016438230e+33 -4.592514612e-01 4.019221050e+33 2.762472651e-02 -5.848426555e-02 -1.669872259e-12 5.173985222e+01
2.1253500000000000e+15 1.347000000e-01 1.347100000e-01 9.923557110e+05 4.013754555e+33 -4.593125507e-01 4.016621454e+33 2.800777667e-02 -5.935885293e-02 -7.206348736e-12 4.875419575e+01
2.1263500000000000e+15 1.366900000e-01 1.367000000e-01 9.928457175e+05 4.011275277e+33 -4.584818705e-01 4.014188915e+33 2.828221962e-02 -5.982458361e-02 -1.983394459e-12 5.273469713e+01
2.1273500000000000e+15 1.385100000e-01 1.385200000e-01 9.932038964e+05 4.009011450e+33 -4.577928931e-01 4.011968695e+33 2.853058252e-02 -6.025711173e-02 -2.652383024e-12 4.974987638e+01
2.1283500000000000e+15 1.401800000e-01 1.401900000e-01 9.927594815e+05 4.006950092e+33 -4.577485633e-01 4.009966582e+33 2.879852346e-02 -6.085359597e-02 -7.842978096e-13 4.875449510e+01
2.1293500000000000e+15 1.417000000e-01 1.417100000e-01 9.933819621e+05 4.005068427e+33 -4.569318257e-01 4.008110280e+33 2.897262590e-02 -6.109436981e-02 -1.422160285e-12 4.875496673e+01
2.1303500000000000e+15 1.430900000e-01 1.431000000e-01 9.932419351e+05 4.003375895e+33 -4.567259809e-01 4.006458872e+33 2.916905255e-02 -6.150041202e-02 -7.789466142e-13 4.875486998e+01
2.1313500000000000e+15 1.443600000e-01 1.443700000e-01 9.925940632e+05 4.001844652e+33 -4.569317595e-01 4.004978467e+33 2.937465929e-02 -6.200615867e-02 -4.854671181e-13 4.775933402e+01
2.1323500000000000e+15 1.455100000e-01 1.455200000e-01 9.932074948e+05 4.000497336e+33 -4.562214883e-01 4.003643054e+33 2.948083347e-02 -6.211119978e-02 -1.747229381e-12 4.676476977e+01
2.1333500000000000e+15 1.465400000e-01 1.465500000e-01 9.929417593e+05 3.999306317e+33 -4.562021263e-01 4.002484106e+33 2.962021667e-02 -6.242512263e-02 -1.355383153e-12 4.775960011e+01
