1.9559273485299200e+15 1.330000000e-05 1.340000000e-05 1.061455151e+06 4.281364398e+33 -4.568116006e-01 4.282037058e+33 5.770392709e-03 4.845551815e-03 -2.455304340e-12 5.985476811e+00
1.9459273485299200e+15 2.400000000e-05 2.410000000e-05 1.061288460e+06 4.272335974e+33 -4.550675819e-01 4.274349457e+33 1.002468770e-02 8.361087498e-03 -1.100867593e-12 6.080077028e+00
1.9359273485299200e+15 3.210000000e-05 3.220000000e-05 1.061077510e+06 4.263227975e+33 -4.533468958e-01 4.266553067e+33 1.292227139e-02 1.071745154e-02 -1.071411071e-12 5.606424428e+00
1.9259273485299200e+15 3.940000000e-05 3.950000000e-05 1.062010662e+06 4.253971297e+33 -4.508089723e-01 4.258321010e+33 1.530491995e-02 1.213496398e-02 -9.451782131e-13 5.607122863e+00
1.9159273485299200e+15 4.630000000e-05 4.640000000e-05 1.062173326e+06 4.244641150e+33 -4.488041778e-01 4.250056651e+33 1.734906367e-02 1.347152038e-02 -2.047875275e-12 5.607250552e+00
1.9059273485299200e+15 5.300000000e-05 5.310000000e-05 1.061340464e+06 4.235229825e+33 -4.474806017e-01 4.241995867e+33 1.914225085e-02 1.507334044e-02 -1.024660756e-12 5.606623083e+00
1.8959273485299200e+15 5.980000000e-05 5.990000000e-05 1.061937350e+06 4.225561098e+33 -4.451267159e-01 4.233098203e+33 2.084418454e-02 1.578038042e-02 -2.124669014e-12 6.459270226e+00
1.8859273485299200e+15 6.650000000e-05 6.660000000e-05 1.062216376e+06 4.215919603e+33 -4.430151719e-01 4.224218922e+33 2.236179805e-02 1.646391066e-02 -2.156016096e-12 5.512591757e+00
1.8759273485299200e+15 7.340000000e-05 7.350000000e-05 1.062476261e+06 4.206047854e+33 -4.408793800e-01 4.215006972e+33 2.381293771e-02 1.700928833e-02 -1.739549411e-12 5.512795457e+00
1.8659273485299200e+15 8.050000000e-05 8.060000000e-05 1.062153251e+06 4.195967243e+33 -4.391044738e-01 4.205848726e+33 2.518785583e-02 1.781357016e-02 -1.479771005e-12 5.607236455e+00
1.8559273485299200e+15 8.760000000e-05 8.770000000e-05 1.062360115e+06 4.185983339e+33 -4.370088513e-01 4.196347036e+33 2.644724007e-02 1.815166895e-02 -1.047656521e-12 5.796787210e+00
1.8459273485299200e+15 9.500000000e-05 9.510000000e-05 1.062545703e+06 4.175748448e+33 -4.348856789e-01 4.186470527e+33 2.767693075e-02 1.837626365e-02 -1.720482644e-12 5.607534080e+00
1.8359273485299200e+15 1.027000000e-04 1.028000000e-04 1.062344260e+06 4.165274591e+33 -4.329816317e-01 4.176556045e+33 2.886710660e-02 1.879031908e-02 -2.289512264e-12 5.512684040e+00
1.8259273485299200e+15 1.105000000e-04 1.106000000e-04 1.062210230e+06 4.154861309e+33 -4.310620993e-01 4.166584837e+33 2.996327453e-02 1.909647087e-02 -1.217210408e-12 5.986012650e+00
1.8159273485299200e+15 1.187000000e-04 1.188000000e-04 1.063716064e+06 4.144135068e+33 -4.280173093e-01 4.154397725e+33 3.108593804e-02 1.783110400e-02 -1.101164137e-12 5.324377596e+00
1.8059273485299200e+15 1.272000000e-04 1.273000000e-04 1.063071617e+06 4.133245372e+33 -4.263563217e-01 4.144140532e+33 3.213223812e-02 1.833848258e-02 -1.469818599e-12 5.418560393e+00
1.7959273485299200e+15 1.363000000e-04 1.364000000e-04 1.062879371e+06 4.121867232e+33 -4.243237252e-01 4.132829782e+33 3.316866962e-02 1.839053484e-02 -1.179369901e-12 5.323733335e+00
1.7859273485299200e+15 1.459000000e-04 1.460000000e-04 1.062679232e+06 4.110144158e+33 -4.222377038e-01 4.120999599e+33 3.420078750e-02 1.832567873e-02 -1.255445415e-12 5.418247729e+00
1.7759273485299200e+15 1.558000000e-04 1.559000000e-04 1.062676782e+06 4.098376475e+33 -4.200330336e-01 4.108741596e+33 3.518090731e-02 1.799550588e-02 -3.159094089e-12 5.228887890e+00
1.7659273485299200e+15 1.662000000e-04 1.663000000e-04 1.061828259e+06 4.086314970e+33 -4.183176287e-01 4.097235773e+33 3.613910452e-02 1.843312259e-02 -6.350923698e-12 5.701637743e+00
1.7559273485299200e+15 1.769000000e-04 1.770000000e-04 1.063324676e+06 4.074267593e+33 -4.151469523e-01 4.081994964e+33 3.707861051e-02 1.628470910e-02 -1.763656220e-12 5.418761180e+00
1.7459273485299200e+15 1.882000000e-04 1.883000000e-04 1.063620274e+06 4.061846740e+33 -4.126767945e-01 4.067845287e+33 3.800192312e-02 1.523515942e-02 -1.372365284e-12 5.324303529e+00
1.7359273485299200e+15 2.001000000e-04 2.002000000e-04 1.062925496e+06 4.049163481e+33 -4.107907015e-01 4.054988018e+33 3.887590993e-02 1.524670334e-02 -1.308579137e-12 5.891878235e+00
1.7259273485299200e+15 2.126000000e-04 2.127000000e-04 1.063017165e+06 4.036180185e+33 -4.083745028e-01 4.040152398e+33 3.975622532e-02 1.420065306e-02 -1.240457824e-12 5.323838398e+00
1.7159273485299200e+15 2.257000000e-04 2.258000000e-04 1.061897347e+06 4.022934312e+33 -4.066588674e-01 4.027079216e+33 4.060758900e-02 1.446441788e-02 -1.018575025e-11 5.701760974e+00
1.7059273485299200e+15 2.392000000e-04 2.393000000e-04 1.062597565e+06 4.009749008e+33 -4.038737441e-01 4.010470226e+33 4.142546129e-02 1.252183146e-02 -6.714295956e-13 5.607556818e+00
1.6959273485299200e+15 2.534000000e-04 2.535000000e-04 1.062724410e+06 3.996223684e+33 -4.013876103e-01 3.994204823e+33 4.223551131e-02 1.107257005e-02 -9.749417296e-13 5.418304933e+00
1.6859273485299200e+15 2.682000000e-04 2.683000000e-04 1.063467633e+06 3.982519892e+33 -3.985241980e-01 3.976062164e+33 4.303137564e-02 8.689291100e-03 -1.840667074e-12 5.229505910e+00
1.6759273485299200e+15 2.835000000e-04 2.836000000e-04 1.063317639e+06 3.968797211e+33 -3.962092246e-01 3.959685933e+33 4.377586552e-02 7.403564712e-03 -1.078709308e-12 5.608124717e+00
1.6659273485299200e+15 2.996000000e-04 2.997000000e-04 1.063261877e+06 3.954693904e+33 -3.937819865e-01 3.942178444e+33 4.452607528e-02 5.750165976e-03 -1.473995855e-12 5.418722390e+00
1.6559273485299200e+15 3.163000000e-04 3.164000000e-04 1.064016919e+06 3.940528848e+33 -3.909055774e-01 3.922587156e+33 4.524178520e-02 3.019354124e-03 -2.100307984e-12 5.229930251e+00
1.6459273485299200e+15 3.337000000e-04 3.338000000e-04 1.063551426e+06 3.926195606e+33 -3.887159775e-01 3.905402413e+33 4.592912150e-02 1.769782233e-03 -1.191323296e-12 5.229570112e+00
1.6359273485299200e+15 3.519000000e-04 3.520000000e-04 1.063472332e+06 3.911589040e+33 -3.862751370e-01 3.886620091e+33 4.660710200e-02 -1.537074243e-04 -1.573050183e-12 5.229509380e+00
1.6259273485299200e+15 3.712000000e-04 3.713000000e-04 1.063971559e+06 3.896570456e+33 -3.834691006e-01 3.865759683e+33 4.726666682e-02 -2.910855452e-03 -1.352413001e-12 5.229897816e+00
1.6159273485299200e+15 3.914000000e-04 3.915000000e-04 1.063124585e+06 3.881310348e+33 -3.813821969e-01 3.847668641e+33 4.791032588e-02 -4.027556856e-03 -7.133247489e-13 5.418610140e+00
1.6059273485299200e+15 4.125000000e-04 4.126000000e-04 1.063588575e+06 3.865813658e+33 -3.785617188e-01 3.825764631e+33 4.852984010e-02 -6.967319099e-03 -8.179139550e-13 5.892339042e+00
1.5959273485299200e+15 4.346000000e-04 4.347000000e-04 1.063057513e+06 3.849997514e+33 -3.762396314e-01 3.805469501e+33 4.914662328e-02 -8.849614763e-03 -7.679415405e-13 5.229186819e+00
1.5859273485299200e+15 4.575000000e-04 4.576000000e-04 1.062970267e+06 3.834173619e+33 -3.737080013e-01 3.784220720e+33 4.971787613e-02 -1.119590604e-02 -2.528699889e-13 5.323804853e+00
1.5759273485299200e+15 4.817000000e-04 4.818000000e-04 1.064561498e+06 3.817851131e+33 -3.702456205e-01 3.757707510e+33 5.026113524e-02 -1.587404943e-02 -1.450784715e-12 5.230352378e+00
1.5659273485299200e+15 5.072000000e-04 5.073000000e-04 1.063080498e+06 3.801185809e+33 -3.683424987e-01 3.738214572e+33 5.082521402e-02 -1.681659098e-02 -7.336585599e-13 5.418545815e+00
1.5559273485299200e+15 5.337000000e-04 5.338000000e-04 1.064572842e+06 3.784463148e+33 -3.649464899e-01 3.711633557e+33 5.130026929e-02 -2.124170970e-02 -1.224188979e-12 5.230369297e+00
1.5459273485299200e+15 5.614000000e-04 5.615000000e-04 1.064702522e+06 3.767450549e+33 -3.622248202e-01 3.687738126e+33 5.177802486e-02 -2.414836486e-02 -2.042901947e-12 5.230461711e+00
1.5359273485299200e+15 5.903000000e-04 5.904000000e-04 1.063482251e+06 3.750201066e+33 -3.601519276e-01 3.666415655e+33 5.226395590e-02 -2.564837271e-02 -2.379336159e-12 5.040150978e+00
1.5259273485299200e+15 6.204000000e-04 6.205000000e-04 1.064410395e+06 3.732804702e+33 -3.570372356e-01 3.640187413e+33 5.266033093e-02 -2.947933158e-02 -1.461347350e-12 5.040885378e+00
1.5159273485299200e+15 6.521000000e-04 6.522000000e-04 1.064594208e+06 3.715060513e+33 -3.542661328e-01 3.615301229e+33 5.304366006e-02 -3.247649996e-02 -1.502844232e-12 5.041028041e+00
1.5059273485299200e+15 6.851000000e-04 6.852000000e-04 1.064492310e+06 3.697150437e+33 -3.516383153e-01 3.590843670e+33 5.339526816e-02 -3.519411047e-02 -1.985374017e-12 5.419688557e+00
1.4959273485299200e+15 7.193000000e-04 7.194000000e-04 1.065165953e+06 3.679292108e+33 -3.486979471e-01 3.565442899e+33 5.366501005e-02 -3.845019710e-02 -1.230083053e-12 5.041479726e+00
