9.0613287090435925e+14 1.440000000e-05 1.450000000e-05 3.687944654e+33 2.349815861e+45 2.104151964e+00 -7.639760841e+01 1.424364197e+02 1.219521572e+02 1.114742124e+02 9.469712977e+01
8.9613287090435925e+14 5.210000000e-05 5.220000000e-05 3.633373957e+33 2.294325689e+45 2.105931537e+00 -3.041274336e+03 1.563080908e+02 1.407844072e+02 1.313249518e+02 -3.961879177e+01
8.8613287090435925e+14 7.820000000e-05 7.830000000e-05 3.578069888e+33 2.238518416e+45 2.097755611e+00 2.005941014e+02 1.758980043e+02 1.632731624e+02 1.493464792e+02 1.276821592e+02
8.7613287090435925e+14 1.032000000e-04 1.033000000e-04 3.521981892e+33 2.182144505e+45 2.088904400e+00 4.471722071e+03 1.967694854e+02 1.879137259e+02 1.833457991e+02 4.448012252e+02
8.6613287090435925e+14 1.288000000e-04 1.289000000e-04 3.465174554e+33 2.125708521e+45 2.086306948e+00 3.513727681e+03 2.198416900e+02 2.153374662e+02 2.014296354e+02 3.433786398e+02
8.5613287090435925e+14 1.559000000e-04 1.560000000e-04 3.407539955e+33 2.068893985e+45 2.112651690e+00 -4.159287126e+03 2.461139515e+02 2.528514748e+02 2.431349473e+02 4.293012181e+01
8.4613287090435925e+14 1.848000000e-04 1.849000000e-04 3.349283126e+33 2.012015004e+45 2.097417115e+00 -6.724672764e+03 2.804502710e+02 2.837935247e+02 2.565279590e+02 -1.995687899e+02
8.3613287090435925e+14 2.164000000e-04 2.165000000e-04 3.289599706e+33 1.954937214e+45 2.107574692e+00 -3.108138177e+03 3.123486077e+02 3.345649566e+02 3.241722585e+02 1.787556626e+02
8.2613287090435925e+14 2.526000000e-04 2.527000000e-04 3.225917038e+33 1.894259885e+45 2.077652793e+00 1.127508699e+04 3.698106025e+02 3.857074141e+02 3.882535900e+02 1.039370683e+03
8.1613287090435925e+14 2.920000000e-04 2.921000000e-04 3.161759760e+33 1.834397508e+45 2.102252265e+00 -3.657463244e+03 4.342199213e+02 4.699287348e+02 4.545478061e+02 2.809244117e+02
8.0613287090435925e+14 3.351000000e-04 3.352000000e-04 3.096969185e+33 1.774563351e+45 2.095787105e+00 -2.300160940e+03 5.468389403e+02 5.947037397e+02 5.725497644e+02 4.362108374e+02
8.0613287090435925e+14 3.351000000e-04 0.000000000e+00 3.097032046e+33 1.774198952e+45 2.085519320e+00 3.737653759e+02 5.550173766e+02 5.904097530e+02 5.653262425e+02 5.400511673e+02
8.0327572804721638e+14 3.481000000e-04 0.000000000e+00 3.078463108e+33 1.757434935e+45 2.088682620e+00 4.256097605e+02 5.995257911e+02 6.489544769e+02 6.237782672e+02 5.973038561e+02
8.0041858519007350e+14 3.614000000e-04 0.000000000e+00 3.059889702e+33 1.740993133e+45 2.090793536e+00 5.551502721e+02 6.579297467e+02 7.270534180e+02 7.008227227e+02 6.742586858e+02
7.9756144233293062e+14 3.751000000e-04 0.000000000e+00 3.041204584e+33 1.723779983e+45 2.089994514e+00 6.491838456e+02 7.675494077e+02 8.467051656e+02 8.148125521e+02 7.837686931e+02
7.9613287090435925e+14 3.821000000e-04 3.822000000e-04 3.031762263e+33 1.715172262e+45 2.099103863e+00 -2.761353470e+03 8.435284815e+02 9.469894956e+02 9.135339093e+02 7.462787164e+02
7.9470429947578788e+14 3.891000000e-04 0.000000000e+00 3.022539550e+33 1.707096063e+45 2.089128722e+00 7.762254872e+02 9.634139052e+02 1.059093823e+03 1.016681709e+03 9.762197812e+02
7.9184715661864500e+14 4.035000000e-04 0.000000000e+00 3.003777445e+33 1.689846871e+45 2.084135790e+00 9.937085421e+02 1.527866828e+03 1.617997785e+03 1.540270917e+03 1.469758584e+03
7.8899001376150212e+14 4.182000000e-04 0.000000000e+00 2.985059942e+33 1.673349679e+45 2.075176475e+00 6.301077003e+03 7.862664141e+03 8.232264852e+03 7.829955063e+03 7.508915323e+03
7.8613287090435925e+14 4.333000000e-04 4.334000000e-04 2.966201034e+33 1.656456262e+45 2.089836155e+00 -4.048601507e+02 -1.045158307e+03 -1.129042704e+03 -1.049402240e+03 -9.851899414e+02
7.8613287090435925e+14 4.333000000e-04 0.000000000e+00 2.966265077e+33 1.656383783e+45 2.092705685e+00 -1.476064583e+03 -1.094266855e+03 -1.182236193e+03 -1.099732001e+03 -1.063577991e+03
7.8327572804721638e+14 4.487000000e-04 0.000000000e+00 2.947535411e+33 1.640237929e+45 2.093253340e+00 -2.577612756e+02 -2.603508604e+02 -2.778961786e+02 -2.440123590e+02 -2.279355171e+02
7.8041858519007350e+14 4.646000000e-04 0.000000000e+00 2.928619082e+33 1.622431422e+45 2.076697875e+00 -1.222821738e+02 1.129503028e+00 3.615821347e+01 4.629149958e+01 3.268700154e+01
7.7756144233293062e+14 4.808000000e-04 0.000000000e+00 2.909785474e+33 1.605653613e+45 2.077724936e+00 6.212289354e+02 1.399306420e+02 1.765980292e+02 1.815783399e+02 2.037904134e+02
7.7613287090435925e+14 4.890000000e-04 4.891000000e-04 2.900355431e+33 1.598343373e+45 2.086976420e+00 7.489389542e+02 1.804918453e+02 2.211864311e+02 2.296621244e+02 2.568007464e+02
7.7470429947578788e+14 4.973000000e-04 0.000000000e+00 2.891050707e+33 1.590395036e+45 2.089501954e+00 2.783307124e+02 2.117515844e+02 2.577389026e+02 2.670058127e+02 2.659334009e+02
7.7184715661864500e+14 5.143000000e-04 0.000000000e+00 2.872150831e+33 1.573370101e+45 2.081036211e+00 3.547979375e+02 2.849246672e+02 3.330440073e+02 3.332276573e+02 3.283041413e+02
7.6899001376150212e+14 5.316000000e-04 0.000000000e+00 2.853363646e+33 1.557476016e+45 2.086765540e+00 -1.378953217e+02 3.254517703e+02 3.845477397e+02 3.875887499e+02 3.599499489e+02
7.6613287090435925e+14 5.493000000e-04 5.494000000e-04 2.834487482e+33 1.541202743e+45 2.087504716e+00 -3.097564727e+02 3.645637630e+02 4.320184471e+02 4.349857514e+02 3.989393666e+02
7.6613287090435925e+14 5.493000000e-04 0.000000000e+00 2.834558836e+33 1.541298230e+45 2.086372410e+00 3.076732727e+02 3.629096552e+02 4.304531366e+02 4.332237925e+02 4.212118526e+02
